70.0528661429
69.944853459
69.8123426687
69.6675103792
69.5109704447
69.3616764251
69.21822156
69.0569491684
68.8743480932
68.7350319371
68.5727353906
68.3938314155
68.2537614911
68.0816492751
67.8990718563
67.7383702936
67.5548156999
67.3472371526
67.1540622622
66.9377691464
66.7057432265
66.5179410744
66.3025545379
66.0638572825
65.8706832327
65.6364260167
65.3806346105
65.1108097123
64.8308189487
64.5452013083
64.2599454981
63.9634997464
63.6674934278
63.3743523632
63.068964206
62.7651039798
62.4612329784
62.1618981441
61.8582009558
61.5465223616
61.2460387888
60.9395662665
60.6298268599
60.3212852254
60.0156039523
59.7018933345
59.385579726
59.0743527138
58.7664534483
58.4407471111
58.1305471452
57.8133561825
57.5014940936
57.1964918781
56.884033648
56.5739227124
56.2689354022
55.9587592802
55.6498454278
55.3404301801
55.0320778471
54.7226209368
54.4158187424
54.1113277453
53.8005791809
53.4946878263
53.1787154083
52.8777808538
52.5715891287
52.257244562
51.9553263318
51.6537716384
51.3524984419
51.0436221218
50.7388621762
50.4318406852
50.1324887611
49.824967201
49.5245724795
49.2047532315
48.9044469865
48.5984829223
48.3091156328
48.0083432177
47.6982921249
47.4032026809
47.1040035908
46.7996370103
46.4926213745
46.198977014
45.8959235559
45.5973634691
45.3008079079
45.0045455668
44.7047066308
44.4220557322
44.1302298876
43.8368461317
43.556384242
43.2759908175
42.9859691584
42.705182463
42.4303087421
42.151565729
41.8943790283
41.6161326719
41.3433096535
41.0935306959
40.8330539018
40.5721410483
40.354712786
40.0945574826
39.8408469849
39.643768606
39.4188541578
39.1954351932
39.0317682717
38.8147993924
38.6050535178
38.386497115
38.1700655113
37.9367029086
37.7173770541
37.4774263481
37.253659007
37.0151849412
36.7913239195
36.573921847
36.4205518555
36.2685715161
36.1344161375
35.9274329544
35.7097997131
35.5595332445
35.4281126976
35.2366894441
35.041156063
34.8857384851
34.6757538344
34.5241982701
34.323937939
34.1211750914
33.9386623729
33.732455982
33.5438541228
33.4033227854
33.2152619263
33.0046642738
32.8402647829
32.6393470258
32.4123709091
32.264695692
32.0787950745
31.8656734
31.7200526413
31.519644906
31.3066850346
31.1628913303
30.9404500564
30.7715456852
30.6354369378
30.4561337888
30.2876895193
30.154971526
29.9737072793
29.7963849662
29.6138759625
29.457328931
29.270053861
29.1079188085
28.9730204439
28.8580976381
28.699697987
28.5196327449
28.3840196473
28.2064189482
28.0688793312
27.9249981592
27.758091526
27.6057246172
27.4355871128
27.2962058932
27.1439239743
27.0484842453
26.8961200634
26.7114718655
26.5756194519
26.3920780604
26.2312523759
26.1141468312
25.979089389
25.8937253827
25.7553626419
25.6271218241
25.4947039633
25.4047328551
25.2456589535
25.1698707744
25.0264134238
24.9290386431
24.9591163817
25.0496687348
25.0847403389
25.0329590654
25.0868349624
25.0343138427
24.9361844449
24.770038836
24.7504487773
24.6787347528
24.5940185114
24.4782880993
24.4944957654
24.4986524619
24.4260423269
24.3356997192
24.357105625
24.3066950647
24.2357063462
24.1390091752
24.1271998347
24.1459767505
24.0720291771
24.0756631458
24.0505133987
23.9999445304
23.9375207856
23.8650602219
23.8064082916
23.7748739419
23.7244219443
23.7180223766
23.7265398297
23.6973353736
23.6760137522
23.666534021
23.6307774827
23.5659587693
23.5363481525
23.4992970809
23.5131994926
23.4591144786
23.4139974283
23.341117168
23.3108366357
23.276968802
23.2523764919
23.2605246974
23.263920157
23.2429723432
23.2978846299
23.269768699
23.1900614514
23.1351423362
23.1043617793
23.0936164317
23.0670441939
23.0049312202
22.9946714813
22.978270894
22.9816236363
22.9332548309
22.9005109857
22.9107376676
22.977159047
22.9868613126
22.9223464948
22.8518442882
22.8037166282
22.7290114198
22.7017786002
22.6706337338
22.6703722571
22.7142703695
22.6912959617
22.6457628852
22.6410662719
22.6250202336
22.640947987
22.6505969265
22.6371831329
22.6638578861
22.6267342409
22.5633543684
22.5269332664
22.4947238375
22.5041909661
22.4946224799
22.5277973245
22.5372268366
22.5250901001
22.5373637481
22.5441718135
22.4536576308
22.4168568613
22.3750217002
22.3336002676
22.3052318742
22.2697661035
22.2162565155
22.1798213464
22.1671246046
22.215420532
22.2169055722
22.1699754717
22.109147579
22.0561070556
22.0338534312
22.0603350131
22.0617270383
22.0124334373
21.947162145
21.9131154439
21.8879576732
21.9177207085
21.9414483429
21.9119914331
21.9147825487
21.8897869763
21.8572761521
21.8652195657
21.8625759764
21.8399912985
21.7786448756
21.7420337387
21.7215251098
21.6636229512
21.6399785461
21.6181831337
21.5762591221
21.5368247506
21.5247649885
21.5256480036
21.5235723099
21.5106025525
21.4976053148
21.5287640956
21.5156227329
21.4938398065
21.4578739631
21.4046475889
21.3575210361
21.3328787304
21.3032011612
21.276270534
21.2286601965
21.2278897559
21.219013541
21.2230251397
21.2402822009
21.2657528358
21.2157844069
21.1775234271
21.1422756403
21.1108166646
21.1528902029
21.1467500807
21.1445216405
21.1350345615
21.1247676802
21.0955402416
21.1201954488
21.1245046424
21.1416543268
21.1198385422
21.1052815078
21.0935532277
21.0421739001
21.0173503137
21.0078033202
21.0259293085
21.0442458957
21.0441250282
21.0430368597
21.0153017725
20.9913013158
20.9643079423
20.9122535445
20.8705553637
20.8362849555
20.8081717967
20.7701210362
20.7400699163
20.7310931511
20.7024718183
20.6764009348
20.6707190855
20.682757252
20.6815728611
20.6751931093
20.6669408487
20.6199283561
20.5968627142
20.6073024256
20.5956060491
20.6089792534
20.6312374206
20.6366231416
20.6421905758
20.6520935894
20.6430007998
20.6255607178
20.6493520031
20.631740876
20.629471672
20.6070684394
20.5758375835
20.5642628469
20.5545459235
20.535557158
20.5313369618
20.4973512194
20.4808094784
20.4578524207
20.43086231
20.4106186042
20.3953956592
20.3720430295
20.3469712315
20.341775598
20.3284686391
20.3157358481
20.3349029322
20.3360228957
20.3644106012
20.3794231162
20.3823564112
20.3894933811
20.3993917766
20.3870675473
20.3636492795
20.3430389635
20.3206942516
20.3072311226
20.27438532
20.2053427052
20.1943530392
20.1819184616
20.1607482384
20.1625493361
20.1421568595
20.1211427633
20.1157501284
20.0947522177
20.0666213541
20.043865213
20.0658485996
20.0518816834
20.0529300882
20.068558205
20.066016107
20.0785739751
20.0770736734
20.0626144054
20.0523761322
20.0263656237
20.0012900304
19.9981019978
20.0045626796
19.9950398202
20.0037396324
19.9850088936
19.9757527898
19.9595778956
19.934046109
19.9265483155
19.90217066
19.8559367304
19.790008398
19.8064689809
19.7932751383
19.7974048018
19.8189670831
19.8247929969
19.8334363039
19.816165269
19.7956588756
19.7795908161
19.7565235066
19.702257091
19.6903999066
19.655517815
19.6249866946
19.6262366909
19.6317370549
19.6197169154
19.6170315317
19.6641673455
19.651935246
19.6454316749
19.5958759349
19.5814456799
19.5695575339
19.5732277554
19.5593134138
19.555770684
19.5816315601
19.5720125492
19.566029638
19.6021733605
19.5866397308
19.5937908012
19.6084617434
19.5794836952
19.5830223476
19.5911289119
19.589582574
19.5868091041
19.5964816217
19.5977204064
19.5981259748
19.5898516886
19.5986498406
19.595552147
19.6017332123
19.613698005
19.6120789726
19.6069882171
19.6150260539
19.6156467501
19.6030989514
19.6079809165
19.6340934531
19.6161505822
19.6192392693
19.6388543393
19.6240325533
19.6201560135
19.597688521
19.5769476282
19.5512718411
19.5574696061
19.5485494728
19.5360523284
19.5458266908
19.5370675541
19.5314497922
19.5179890999
19.4903267593
19.4944733379
19.4678808376
19.449629706
19.454360686
19.4255267507
19.4010495809
19.3965499692
19.4033151158
19.3951299282
19.3949227121
19.3685560201
19.3791228186
19.353032417
19.356746245
19.341726832
19.3456477757
19.309762213
19.2445486459
19.2443769396
19.2522742667
19.2274858962
19.2218484971
19.2245120919
19.2053287333
19.205700963
19.1804759474
19.1651398687
19.1679010346
19.1797176258
19.1717822034
19.1575994037
19.1555406994
19.1367511794
19.1240490109
19.0868487186
19.0607918485
19.0316124234
19.0277985144
19.0254396782
19.0137618736
19.0472383966
19.0488574714
18.9922220774
18.9945331613
18.9875656888
18.9636830217
18.9472573483
18.9099135941
18.8890766643
18.8666390298
18.8418634353
18.8292450228
18.8147924292
18.8092512244
18.7796671201
18.7689726479
18.7052285483
18.7177434153
18.7231837778
18.7330867854
18.7284906371
18.6723522909
