89.6216844094
89.6088380686
89.7668132769
89.819135526
89.8035413086
89.7945630901
89.9791863431
87.1232033567
85.7520734451
84.972582086
82.7537306004
82.7335729745
82.5905254415
82.5692557954
82.5796921657
82.5849355229
82.5805170463
82.5910487736
82.6024332275
82.6282274916
82.6357326798
82.6535721598
82.6537061586
82.6694062552
82.6687598427
82.6674261243
81.1250144379
78.702935995
75.9664704234
75.5829993245
75.5434685688
75.6689535257
75.6959101896
75.7115338496
75.6980481983
75.7504184627
75.7582581484
75.7754109194
75.8082117754
75.8089545553
75.8156367519
75.7944586223
75.7929520669
75.7874941457
73.0508097801
75.7741635423
69.7534906692
68.9206435239
68.9380969324
68.9299756033
68.9273205251
68.9080295204
68.8484617751
68.9079760679
68.9210794638
68.9389497632
68.9966390204
68.9963279784
68.9977362155
69.0079640488
68.9947403576
68.983043588
66.7486160501
64.7010298662
63.5632496963
63.098840956
63.0567865029
62.5891112747
62.2335395765
62.5491254987
62.1683192305
62.2456410332
62.2507680403
62.2611087748
62.2773291137
62.3220339332
62.3035961824
62.332113777
62.3336279123
58.7983086114
58.3602371687
57.8601293194
57.5810083198
56.9072631649
56.9106929515
55.9475499634
55.5811028529
55.6253055322
55.5777518803
55.583881678
55.6260449107
55.6539953791
55.7669439577
55.7692490899
55.8275849485
55.8635428998
55.8684425083
53.4747134997
52.7744104387
52.78534267
52.0795388277
50.6253820897
50.7267805849
49.7309253521
49.2806981548
49.4095426193
49.3241940706
49.3272094259
49.3521328411
49.5142320453
49.5255059776
49.5323462701
49.6130248202
49.0425702939
48.2183711528
48.7585480555
47.7884797764
47.3602682159
46.7310511991
46.0879339449
45.4129400985
44.297225488
43.8513980617
43.8198838717
43.9047768908
43.8062794221
43.4616247245
43.4729218559
43.3017960277
42.6628131465
42.9217566128
42.397943528
42.0265763627
41.9686470726
41.0430968601
40.8178733656
39.9545125718
39.3513536315
38.9002673839
38.485696224
38.5770204924
38.8183679848
38.5537758152
38.5839887233
37.8915054627
38.1472294351
37.5660492117
37.3944018839
37.7238363142
37.3458733032
36.8355123004
36.53086735
35.9798437653
35.2841343048
34.8179186781
34.1951529357
33.905662908
33.3210340807
33.4138436816
33.5389926155
33.4713645857
32.9258062845
32.8952672843
33.2233616007
32.8763524809
32.2640653858
32.418928197
32.3328038572
32.3803024106
32.3539256177
31.9061578778
31.6386348865
31.67954386
31.0106760063
30.7261452099
31.0697950467
30.7042032852
30.6230357077
30.1541647241
30.1964274695
29.8854385953
29.6337622398
29.2304749602
29.240310385
29.3964973518
29.0200678858
29.4483256577
29.1943952625
28.859658754
28.718149266
28.7168747334
28.7375475859
28.7491558646
29.0262418493
28.7637518467
28.7079979216
28.9314229257
28.9583817857
28.8771410241
28.8783817485
28.9011748257
28.8487452867
28.8294430489
28.8309384084
28.7866064163
28.7688180589
28.770017296
28.7429687488
28.7412529326
28.7425270316
28.6977236269
28.6957205627
28.6737782332
28.6808844369
28.6782345922
28.6797588453
28.6730235635
28.6795613257
28.6549979042
28.6524110723
28.6541882888
28.3613745951
28.378314123
28.3491779447
28.3040283447
27.9442805101
27.9678140763
27.9719103881
27.9904169528
28.0093920776
28.0177837897
28.0364229339
27.9738595991
27.9812635896
27.9992341438
28.0056472121
28.0041813145
28.0294482426
28.0515980624
28.0226163769
28.057375172
28.1444226475
28.1964882282
28.1864951384
28.1475794379
28.1329846486
28.0992512273
28.0849596571
28.0905267167
28.2053518083
28.2075048348
28.2370022089
27.8931283257
27.8960948351
27.9014862109
27.965973585
28.1945648283
28.1317573956
28.1539922847
28.23195392
28.2268953181
28.2313951373
27.8686269843
27.8817897276
27.9494702758
27.9536434428
27.9734309866
27.9735779906
27.9732433047
27.8907569593
27.8939062785
27.9211404718
27.9195499087
27.9158627841
27.9417480393
27.9632686191
27.6760324036
27.675058438
27.9442515116
27.6825773444
27.6716439951
27.6857959521
27.6763269037
27.6837271126
27.6861944944
27.6843966447
27.5745298368
27.4130628833
27.5749144417
27.5750505014
27.4770147033
27.4802227195
27.5016901123
27.4978262533
27.5054031389
27.5039251068
27.5040863047
27.1739321638
27.1794537018
27.2329814613
27.2347995154
27.2303474986
27.2288401883
27.2210345409
27.2220711061
27.2319745109
27.2399940135
26.8822471201
26.8748944617
26.8969943918
26.9005641431
26.9529639308
26.9441751521
26.9207713916
26.9157839222
26.9184548483
26.8937620752
26.9001328137
26.9007800565
26.8777558907
26.875526033
26.8579482945
26.8638753975
26.863163892
26.8463910929
26.8187881612
26.8219556325
26.8012930947
26.7885641592
26.7824998009
26.7875826466
26.6232110082
26.6166481492
26.6200533678
26.5974124732
26.5832207789
26.5876457515
26.5868254779
26.5323629797
26.5495367684
26.5536874524
26.5528839479
26.4650694858
26.4731145655
26.4756716539
26.4496374484
26.3110372413
26.2971416988
26.2942491752
26.2276617872
26.2328433751
