0.139265274849 -nan -nan
0.139265274849 0.0128463407512 -nan
0.139265274849 0.0128463407512 -0.157975208272
0.0434715128477 0.0128463407512 -0.157975208272
0.0434715128477 0.0142202790934 -0.157975208272
0.0434715128477 0.0142202790934 -0.0744984948901
-0.0325600757519 0.0142202790934 -0.0744984948901
-0.0325600757519 0.961474514855 -0.0744984948901
-0.0325600757519 0.961474514855 0.407377640607
0.17045278295 0.961474514855 0.407377640607
0.17045278295 1.27581875756 0.407377640607
0.17045278295 1.27581875756 0.310572636918
0.164971732957 1.27581875756 0.310572636918
0.164971732957 1.02490893527 0.310572636918
0.164971732957 1.02490893527 0.246370835477
0.136602551259 1.02490893527 0.246370835477
0.136602551259 0.854827192159 0.246370835477
0.136602551259 0.854827192159 0.203553741687
0.115461550526 0.854827192159 0.203553741687
0.115461550526 0.729024126973 0.203553741687
0.115461550526 0.729024126973 0.173402465988
0.0987989217163 0.729024126973 0.173402465988
0.0987989217163 0.637879361247 0.173402465988
0.0987989217163 0.637879361247 0.149764645659
0.0878930873631 0.637879361247 0.149764645659
0.0878930873631 0.567152067596 0.149764645659
0.0878930873631 0.567152067596 0.304503205747
0.32131162291 0.567152067596 0.304503205747
0.32131162291 0.784083417999 0.304503205747
0.32131162291 0.784083417999 0.31239999506
0.295695180442 0.784083417999 0.31239999506
0.295695180442 0.701395383909 0.31239999506
0.295695180442 0.701395383909 0.2815493897
0.269751943739 0.701395383909 0.2815493897
0.269751943739 0.64406957286 0.2815493897
0.269751943739 0.64406957286 0.25372275186
0.248398741473 0.64406957286 0.25372275186
0.248398741473 0.59320631564 0.25372275186
0.248398741473 0.59320631564 0.231682474332
0.230602918516 0.59320631564 0.231682474332
0.230602918516 0.5503571362 0.231682474332
0.230602918516 0.5503571362 0.216646449704
0.215329827643 0.5503571362 0.216646449704
0.215329827643 0.514030521866 0.216646449704
0.215329827643 0.514030521866 0.384648977429
0.0316621032838 0.514030521866 0.384648977429
0.0316621032838 0.858195668818 0.384648977429
0.0316621032838 0.858195668818 0.412661362917
0.0287729555308 0.858195668818 0.412661362917
0.0287729555308 0.808191295893 0.412661362917
0.0287729555308 0.808191295893 0.38854334617
0.0282461804841 0.808191295893 0.38854334617
0.0282461804841 0.766601098637 0.38854334617
0.0282461804841 0.766601098637 0.363651255119
0.0260698869877 0.766601098637 0.363651255119
0.0260698869877 0.72531313032 0.363651255119
0.0260698869877 0.72531313032 0.341475438681
0.0247819447396 0.72531313032 0.341475438681
0.0247819447396 0.688977061948 0.341475438681
0.0247819447396 0.688977061948 0.323890275085
0.0242315517136 0.688977061948 0.323890275085
0.0242315517136 0.656725619453 0.323890275085
0.0242315517136 0.656725619453 0.414868239984
0.116202216809 0.656725619453 0.414868239984
0.116202216809 0.678591735383 0.414868239984
0.116202216809 0.678591735383 0.41712008091
0.112978400993 0.678591735383 0.41712008091
0.112978400993 0.669421452464 0.41712008091
0.112978400993 0.669421452464 0.414444064271
0.0951215541904 0.669421452464 0.414444064271
0.0951215541904 0.657395819789 0.414444064271
0.0951215541904 0.657395819789 0.393953819814
0.0911116117386 0.657395819789 0.393953819814
0.0911116117386 0.630686357616 0.393953819814
0.0911116117386 0.630686357616 0.377546853467
0.085887902844 0.630686357616 0.377546853467
0.085887902844 0.607138334278 0.377546853467
0.085887902844 0.607138334278 0.361928990078
0.0826507903215 0.607138334278 0.361928990078
0.0826507903215 0.715589481187 0.361928990078
0.0826507903215 0.715589481187 0.364749080919
0.0975599709963 0.715589481187 0.364749080919
0.0975599709963 0.700001321131 0.364749080919
0.0975599709963 0.700001321131 0.375784654991
0.0940775655623 0.700001321131 0.375784654991
0.0940775655623 0.709075171717 0.375784654991
0.0940775655623 0.709075171717 0.375462670698
0.0894682240655 0.709075171717 0.375462670698
0.0894682240655 0.687024454389 0.375462670698
0.0894682240655 0.687024454389 0.362742921753
0.0852220480394 0.687024454389 0.362742921753
0.0852220480394 0.663960747204 0.362742921753
0.0852220480394 0.663960747204 0.347398034644
0.0824868236563 0.663960747204 0.347398034644
0.0824868236563 0.641388978271 0.347398034644
0.0824868236563 0.641388978271 0.335418160085
0.0798387499554 0.641388978271 0.335418160085
0.0798387499554 0.694490191311 0.335418160085
0.0798387499554 0.694490191311 0.346475278294
0.0771690152126 0.694490191311 0.346475278294
0.0771690152126 0.694822945751 0.346475278294
0.0771690152126 0.694822945751 0.379054144758
0.0720670863423 0.694822945751 0.379054144758
0.0720670863423 0.703423868239 0.379054144758
0.0720670863423 0.703423868239 0.381087660544
0.0664862099302 0.703423868239 0.381087660544
0.0664862099302 0.686255109363 0.381087660544
0.0664862099302 0.686255109363 0.370418132326
0.0640156795222 0.686255109363 0.370418132326
0.0640156795222 0.663326614402 0.370418132326
0.0640156795222 0.663326614402 0.36010213058
0.0621510486789 0.663326614402 0.36010213058
0.0621510486789 0.643747531126 0.36010213058
0.0621510486789 0.643747531126 0.36563771994
0.0621510486789 0.648374495484 0.36563771994
0.0467067422329 0.648374495484 0.36563771994
0.0467067422329 0.648374495484 0.381135939405
0.0467067422329 0.64287042211 0.381135939405
0.0467067422329 0.642537412224 0.381135939405
0.0467067422329 0.642551217985 0.381135939405
0.0467067422329 0.643305697717 0.381135939405
0.0467067422329 0.654042263917 0.381135939405
0.0467067422329 0.649415267524 0.381135939405
0.0467067422329 0.635982635404 0.381135939405
0.0467067422329 0.620644855521 0.381135939405
0.0467067422329 0.609766784963 0.381135939405
0.0467067422329 0.6043563342 0.381135939405
0.0467067422329 0.592043264889 0.381135939405
0.0467067422329 0.583789981815 0.381135939405
0.0467067422329 0.584851383726 0.381135939405
0.0390654870207 0.584851383726 0.381135939405
0.0390654870207 0.584851383726 0.384702868041
0.0390654870207 0.580823379605 0.384702868041
0.0390654870207 0.571140155724 0.384702868041
0.0390654870207 0.577583974939 0.384702868041
0.0390654870207 0.571291823503 0.384702868041
0.0390654870207 0.576415840525 0.384702868041
0.0390654870207 0.576876928453 0.384702868041
0.0390654870207 0.574744883015 0.384702868041
0.0390654870207 0.572075320962 0.384702868041
0.0390654870207 0.561199917858 0.384702868041
0.0390654870207 0.54825560479 0.384702868041
0.0390654870207 0.543753010581 0.384702868041
0.0390654870207 0.534784793101 0.384702868041
0.0390654870207 0.53721092337 0.384702868041
0.0390654870207 0.525196758283 0.384702868041
0.0390654870207 0.526032332389 0.384702868041
0.0390654870207 0.520820788203 0.384702868041
0.0300776841597 0.520820788203 0.384702868041
0.0300776841597 0.520820788203 0.384538481284
0.0300776841597 0.520669197111 0.384538481284
0.0300776841597 0.517583136444 0.384538481284
0.0300776841597 0.518054128673 0.384538481284
0.0300776841597 0.520521563836 0.384538481284
0.0300776841597 0.51977764689 0.384538481284
0.0300776841597 0.52116937791 0.384538481284
0.0300776841597 0.518080319907 0.384538481284
0.0300776841597 0.518955958162 0.384538481284
0.0300776841597 0.511010950902 0.384538481284
0.0300776841597 0.502855054943 0.384538481284
0.0300776841597 0.497345852093 0.384538481284
0.0300776841597 0.497948507707 0.384538481284
0.0300776841597 0.49217801996 0.384538481284
0.0300776841597 0.482174698785 0.384538481284
0.0300776841597 0.480546197833 0.384538481284
0.0300776841597 0.482114541848 0.384538481284
0.0300776841597 0.474620690636 0.384538481284
0.0300776841597 0.470103291207 0.384538481284
0.028230630883 0.470103291207 0.384538481284
0.028230630883 0.470103291207 0.376010822038
0.028230630883 0.469846560733 0.376010822038
0.028230630883 0.467547429262 0.376010822038
0.028230630883 0.461834435972 0.376010822038
0.028230630883 0.46413480728 0.376010822038
0.028230630883 0.46216113683 0.376010822038
0.028230630883 0.4534023219 0.376010822038
0.028230630883 0.452458122326 0.376010822038
0.028230630883 0.452458122326 0.369154002398
0.028230630883 0.452632727233 0.369154002398
0.028230630883 0.447423301205 0.369154002398
0.028230630883 0.446002109257 0.369154002398
0.028230630883 0.446002109257 0.366484055879
0.028230630883 0.445561750188 0.366484055879
0.028230630883 0.44091484024 0.366484055879
0.028230630883 0.44091484024 0.354869144263
0.028230630883 0.440263472823 0.354869144263
0.028230630883 0.431578260375 0.354869144263
0.028230630883 0.431578260375 0.352674823632
0.028230630883 0.430619431149 0.352674823632
0.028230630883 0.427785019942 0.352674823632
0.0276037448762 0.427785019942 0.352674823632
0.0276037448762 0.423431060015 0.352674823632
0.0276037448762 0.423431060015 0.344924119326
0.0276037448762 0.416695319201 0.344924119326
0.0276037448762 0.415226697138 0.344924119326
0.0276037448762 0.415226697138 0.338899740278
0.0276037448762 0.409201681089 0.338899740278
0.0276037448762 0.40512541435 0.338899740278
0.0276037448762 0.40512541435 0.333641393775
0.0276037448762 0.401362764917 0.333641393775
0.0276037448762 0.397471426916 0.333641393775
0.0276037448762 0.397471426916 0.328017156679
0.0276037448762 0.394033525197 0.328017156679
0.0276037448762 0.390470201911 0.328017156679
0.0276037448762 0.390470201911 0.322454702473
0.0276037448762 0.387142685442 0.322454702473
0.0276037448762 0.38370603126 0.322454702473
0.0276037448762 0.38370603126 0.316773814873
0.0276037448762 0.380355239899 0.316773814873
0.0276037448762 0.377036723909 0.316773814873
0.0276037448762 0.377036723909 0.3116422977
0.0276037448762 0.373803675118 0.3116422977
0.0276037448762 0.37079631319 0.3116422977
0.0276037448762 0.37079631319 0.305739547674
0.0276037448762 0.367676427863 0.305739547674
0.0269417449236 0.367676427863 0.305739547674
0.0269417449236 0.364643308989 0.305739547674
0.0269417449236 0.361550133395 0.305739547674
0.0269417449236 0.361550133395 0.300627254471
0.0269417449236 0.35858349454 0.300627254471
0.0269417449236 0.35562971822 0.300627254471
0.0269417449236 0.35562971822 0.3004877266
0.0269417449236 0.352600699959 0.3004877266
0.0269417449236 0.352600699959 0.295727173122
0.0269417449236 0.350121255604 0.295727173122
0.0269417449236 0.350198268236 0.295727173122
0.0269417449236 0.347232142566 0.295727173122
0.0269417449236 0.347232142566 0.290557802692
0.0269417449236 0.344352310226 0.290557802692
0.0269417449236 0.341513814639 0.290557802692
0.0269417449236 0.341513814639 0.285490861764
0.0269417449236 0.338721931238 0.285490861764
0.0269417449236 0.336597634342 0.285490861764
0.0269417449236 0.336597634342 0.280609280892
0.0269417449236 0.333891006949 0.280609280892
0.0269417449236 0.331312945772 0.280609280892
0.0263756149839 0.331312945772 0.280609280892
0.0263756149839 0.331312945772 0.27559491681
0.0263756149839 0.328655330994 0.27559491681
0.0263756149839 0.326418960505 0.27559491681
0.0263756149839 0.326418960505 0.27058921178
0.0263756149839 0.323356246163 0.27058921178
0.0246703716 0.323356246163 0.27058921178
0.0246703716 0.321052105308 0.27058921178
0.0246703716 0.321052105308 0.266911854457
0.0246703716 0.318815190593 0.266911854457
0.0246703716 0.31674938067 0.266911854457
0.0244495460384 0.31674938067 0.266911854457
0.0244495460384 0.31674938067 0.262654371426
0.0244495460384 0.313644528351 0.262654371426
0.0244495460384 0.311388831531 0.262654371426
0.0244495460384 0.308971198867 0.262654371426
0.0244495460384 0.308971198867 0.263903902378
0.0238783782149 0.308971198867 0.263903902378
0.0238783782149 0.306757377919 0.263903902378
0.0238783782149 0.306757377919 0.258928276975
0.0238783782149 0.303013681267 0.258928276975
0.0238783782149 0.301345582319 0.258928276975
0.0238783782149 0.301345582319 0.254731811811
0.0218000105927 0.301345582319 0.254731811811
0.0218000105927 0.299302223832 0.254731811811
0.0218000105927 0.297221387922 0.254731811811
0.0218000105927 0.297221387922 0.256320581534
0.0218000105927 0.295109931247 0.256320581534
0.0218000105927 0.295109931247 0.251624912987
0.0212805470408 0.295109931247 0.251624912987
0.0212805470408 0.292982245605 0.251624912987
0.0212805470408 0.291014935205 0.251624912987
0.0212805470408 0.289077066876 0.251624912987
0.0212805470408 0.289077066876 0.249208647736
0.0212805470408 0.287141792796 0.249208647736
0.0203292776222 0.287141792796 0.249208647736
0.0203292776222 0.285263166285 0.249208647736
0.0203292776222 0.285263166285 0.245750598114
0.0203292776222 0.283229516471 0.245750598114
0.0203292776222 0.281250619742 0.245750598114
0.0203292776222 0.281250619742 0.246326787244
0.0199570600822 0.281250619742 0.246326787244
0.0199570600822 0.277699370108 0.246326787244
0.0199570600822 0.277699370108 0.246537025326
0.0199570600822 0.275989331513 0.246537025326
0.0199570600822 0.275989331513 0.243014201241
0.0199570600822 0.274291750092 0.243014201241
0.0194408851964 0.274291750092 0.243014201241
0.0194408851964 0.272540110017 0.243014201241
0.0194408851964 0.270837328505 0.243014201241
0.0194408851964 0.270837328505 0.241238902663
0.0194408851964 0.270153763661 0.241238902663
0.0160836177239 0.270153763661 0.241238902663
0.0160836177239 0.268474944882 0.241238902663
0.0160836177239 0.268474944882 0.239354651288
0.0160836177239 0.266797889566 0.239354651288
0.0160836177239 0.266797889566 0.235967352014
0.0160836177239 0.265184797354 0.235967352014
0.0160836177239 0.263521616361 0.235967352014
0.0158180616201 0.263521616361 0.235967352014
0.0158180616201 0.261923538699 0.235967352014
0.0158180616201 0.261923538699 0.237174874948
0.0158180616201 0.260312423779 0.237174874948
0.0158180616201 0.260312423779 0.233495094765
0.0158180616201 0.258742780199 0.233495094765
0.0156150965349 0.258742780199 0.233495094765
0.0156150965349 0.257211616688 0.233495094765
0.0156150965349 0.257211616688 0.230673976672
0.0156150965349 0.255683520937 0.230673976672
0.0156150965349 0.254121244904 0.230673976672
0.0152004544447 0.254121244904 0.230673976672
0.0152004544447 0.254121244904 0.232242778113
0.0152004544447 0.252678153754 0.232242778113
0.0152004544447 0.252678153754 0.229141037769
0.0152004544447 0.251188340353 0.229141037769
0.0152004544447 0.249433495682 0.229141037769
0.0150899083114 0.249433495682 0.229141037769
0.0150899083114 0.249433495682 0.226662275393
0.0150899083114 0.248028633462 0.226662275393
0.0150899083114 0.24659606455 0.226662275393
0.0150899083114 0.24659606455 0.224257876556
0.0150899083114 0.245158753169 0.224257876556
0.0148231769361 0.245158753169 0.224257876556
0.0148231769361 0.2439037555 0.224257876556
0.0148231769361 0.2439037555 0.221645782217
0.0148231769361 0.242632261023 0.221645782217
0.0148231769361 0.241243661224 0.221645782217
0.0145879824131 0.241243661224 0.221645782217
0.0145879824131 0.241243661224 0.219263538227
0.0145879824131 0.240056768281 0.219263538227
0.0145879824131 0.238712987952 0.219263538227
0.0145879824131 0.238712987952 0.216980768107
0.0145879824131 0.237471317335 0.216980768107
0.0144482508697 0.237471317335 0.216980768107
0.0144482508697 0.23614588475 0.216980768107
0.0144482508697 0.23614588475 0.216382937088
0.0144482508697 0.234898150914 0.216382937088
0.0144482508697 0.233610024592 0.216382937088
0.0144482508697 0.233610024592 0.214206060207
0.0144441128592 0.233610024592 0.214206060207
0.0144441128592 0.232330266543 0.214206060207
0.0144441128592 0.231092245191 0.214206060207
0.0144441128592 0.231092245191 0.21243113174
0.0144441128592 0.229771681181 0.21243113174
0.0141489573534 0.229771681181 0.21243113174
0.0141489573534 0.228560209346 0.21243113174
0.0141489573534 0.228560209346 0.211061717787
0.0141489573534 0.227314918352 0.211061717787
0.0141489573534 0.226111399992 0.211061717787
0.0141489573534 0.226111399992 0.209050549176
0.01609350813 0.226111399992 0.209050549176
0.01609350813 0.225006109067 0.209050549176
0.01609350813 0.223855261474 0.209050549176
0.01609350813 0.223855261474 0.207518687228
0.01609350813 0.222674659158 0.207518687228
