0.0032897 0.0035127 0.00283649
0.00303406 0.00325804 0.00293163
0.00333233 0.00300373 0.00296354
0.00278315 0.00285218 0.00281863
0.00260617 0.00258257 0.00257337
0.00269333 0.00268288 0.00269111
0.00311112 0.00278212 0.0027119
0.00346228 0.00249979 0.00330535
0.00254022 0.00268176 0.00261979
0.00216261 0.00205727 0.00219497
0.00232494 0.00227143 0.00212699
0.00209332 0.00204674 0.00213888
0.00211642 0.00208172 0.00228893
0.00265728 0.00264524 0.00244132
0.00276557 0.0026476 0.0025734
0.00278984 0.00265627 0.0026357
0.00300558 0.00304775 0.00286574
0.00282367 0.00258103 0.00258824
0.00248264 0.00262114 0.00248638
0.00278802 0.00274365 0.00275233
0.0026771 0.00262125 0.00258616
0.00259154 0.00255433 0.00259485
0.00291524 0.00268823 0.00280185
0.00303007 0.00255863 0.00257178
0.00296923 0.0028993 0.00298965
0.00287066 0.00266162 0.00285322
0.00289242 0.00299195 0.0029891
0.0028381 0.00279022 0.00266401
0.00303438 0.00317625 0.00308558
0.00272805 0.00300677 0.00287123
0.00309771 0.00293492 0.00284929
0.00321817 0.00312101 0.0030447
0.00305814 0.00293334 0.00313347
0.00331896 0.00311808 0.00313925
0.00316649 0.00332739 0.00337699
0.00301924 0.00284797 0.00284308
0.00285336 0.00299852 0.00301872
0.00311295 0.00295237 0.00296004
0.00298793 0.00288434 0.00285359
0.00270324 0.00287373 0.00285752
0.00307212 0.00273886 0.00279483
0.00318066 0.00305798 0.00312254
0.00300251 0.00290826 0.00311706
0.00300351 0.00298972 0.00301667
0.0028555 0.0028852 0.00285476
0.00295598 0.00269076 0.00273671
0.00287802 0.00309992 0.0030412
0.00276907 0.00288142 0.00271425
0.00281474 0.00267315 0.0027095
0.0025374 0.00263378 0.00274147
0.00258738 0.00267818 0.00271376
0.00265694 0.00263969 0.00274305
0.0028145 0.00293404 0.00298543
0.0027275 0.00270972 0.00270002
0.00278818 0.00264231 0.00280501
0.00264124 0.0028874 0.0029413
0.00293129 0.00269012 0.00283972
0.00292283 0.00280792 0.0029037
0.00318177 0.00319818 0.00306131
0.00285421 0.00270688 0.00270391
0.00279302 0.0025179 0.00263082
0.00302561 0.00300301 0.00288167
0.00292142 0.00301552 0.00301043
0.00293582 0.00263781 0.00275807
0.00306771 0.00307618 0.00308464
0.00271644 0.00268161 0.00286543
0.00282646 0.00286687 0.00282094
0.00269078 0.00294508 0.00301871
0.0026207 0.0028927 0.00288054
0.00241909 0.00236268 0.00249389
0.00276529 0.00285113 0.00255772
0.00300639 0.00320284 0.00307431
0.0027764 0.00275134 0.00259183
0.00298714 0.0029801 0.00286163
0.00325925 0.0029309 0.00291867
0.00297024 0.00313566 0.00301294
0.00299685 0.00293262 0.0029405
0.00274859 0.00237345 0.00252715
0.00269649 0.00259552 0.00266689
0.00294268 0.00269978 0.00284526
0.00254637 0.00252927 0.00253339
0.00265809 0.00299913 0.00286859
0.00216668 0.00208959 0.00204654
0.00210166 0.00223014 0.00208481
0.00203028 0.00204101 0.00216664
0.00194557 0.00211046 0.00205542
0.00196186 0.00196413 0.00224389
0.00183206 0.00203304 0.00219207
0.00208114 0.00215942 0.00216915
0.00201003 0.00232749 0.0022135
0.00203108 0.00211246 0.00210841
0.00207998 0.00219913 0.00211267
0.00214589 0.00225722 0.00224764
0.00215589 0.00211872 0.00214281
0.00210316 0.00217331 0.00201795
0.00207907 0.00237625 0.00215326
0.00232335 0.00240716 0.002153
0.00235589 0.00210008 0.00221825
0.00197178 0.0023873 0.00214266
0.00204993 0.00230692 0.00222395
0.00216007 0.00254173 0.00244353
0.00206958 0.00225807 0.0020966
0.00267511 0.00226139 0.00220639
0.00216701 0.00225668 0.00223563
0.00233252 0.00229937 0.00237777
0.00222208 0.00239053 0.00231723
0.0019905 0.00205252 0.00198336
0.00217101 0.0024461 0.00243167
0.00208761 0.00250612 0.00235498
0.00191733 0.0019683 0.00151452
0.00194879 0.00177807 0.00173424
0.00162054 0.00175305 0.00174289
0.00202888 0.00212097 0.00190369
0.0019286 0.00196049 0.00175631
0.00177282 0.00185981 0.0015478
0.00195557 0.00190233 0.00179162
0.00180496 0.00180016 0.00175169
0.00186787 0.00187635 0.00185197
0.00183077 0.00180807 0.00180227
0.00179577 0.00163678 0.0016408
0.00165157 0.00186217 0.00168156
0.00156509 0.00171069 0.00175114
0.00199162 0.00165615 0.00176331
0.00130591 0.00137395 0.00193922
0.00150571 0.00189737 0.00236611
0.00190275 0.00139448 0.00168593
0.00163183 0.00103865 0.00142364
0.000943865 0.000945519 0.00161793
0.00128468 0.00145855 0.00134766
0.000748597 0.000834831 0.00135265
0.00188536 0.00188714 0.00172745
0.00150489 0.00130492 0.00159541
0.00152166 0.00184046 0.00148986
0.00113202 0.00118363 0.00140179
0.00148685 0.00253511 0.00241373
0.00085322 0.00166716 0.00184412
0.00105613 0.00127408 0.00132538
0.0010138 0.00196398 0.00165821
0.00167667 0.00173953 0.00209712
0.000993489 0.000995199 0.00146156
0.00106696 0.00259909 0.00162997
0.0015201 0.00194812 0.00168349
0.00126868 0.00149434 0.00136602
0.00118008 0.00195919 0.000800152
0.00137722 0.00135953 0.00138553
0.00197902 0.00101206 0.00188815
0.00127174 0.00177396 0.00177945
0.00204471 0.00146118 0.00150525
0.00110277 0.00109579 0.00129176
0.00207476 0.00243872 0.00244589
0.00153367 0.0020002 0.00163374
0.00143065 0.00131661 0.00154393
0.00103948 0.000908101 0.00107091
0.00126947 0.00174077 0.00121921
0.0025726 0.00191325 0.00265872
0.00115253 0.00155524 0.00192478
0.00193201 0.00156691 0.00150404
0.0013204 0.00242451 0.0017925
0.00125076 0.00204663 0.00224722
0.00216695 0.00106752 0.00156989
0.00151262 0.00133478 0.00173893
0.000979952 0.00116779 0.00166609
0.000833221 0.000868149 0.00186004
0.00107234 0.00171712 0.00116654
0.00156245 0.00143037 0.00137857
0.00107925 0.00179076 0.00184633
0.00228844 0.0010901 0.00191262
0.00138294 0.00131434 0.00137342
0.00299692 0.00191324 0.00231705
0.00166265 0.00155831 0.00149935
0.0011619 0.00121117 0.00129757
0.00187348 0.00209075 0.00169614
0.00139901 0.00173983 0.00210117
0.00112689 0.00114473 0.00128999
0.00122642 0.00118472 0.00150123
0.00135349 0.00155843 0.00148046
0.00163876 0.00170823 0.00162256
0.00211514 0.00148485 0.00147932
0.00178968 0.00141853 0.00140702
0.00118698 0.00182076 0.00163876
0.00116728 0.00158196 0.00116925
0.00166242 0.00112718 0.00132064
0.0021021 0.00112619 0.00213781
0.0018414 0.00169079 0.00166117
0.00193737 0.0013068 0.00164549
0.000919826 0.00208653 0.00154997
0.00173394 0.00132841 0.00125248
0.00110324 0.00153348 0.00182424
0.00127425 0.00192154 0.00218057
0.00254397 0.00287827 0.00272188
0.00124775 0.0014228 0.00142829
0.00161524 0.00110414 0.00130739
0.00149548 0.00157763 0.000918283
0.00201586 0.00193569 0.00167808
0.00119927 0.00191559 0.00176385
0.00147559 0.00151953 0.00185903
0.00158005 0.00126937 0.00152432
0.00177718 0.00143002 0.00203259
0.00173935 0.00238233 0.00248225
0.0023711 0.00218054 0.00250025
0.00177161 0.00229551 0.00229429
0.00133047 0.00140391 0.00136265
0.00163716 0.00141082 0.00147118
0.00164708 0.00227372 0.00203717
0.00247914 0.00170037 0.00235675
0.00241724 0.00218991 0.00224197
0.0022435 0.00251974 0.00254967
0.00213141 0.00229735 0.00247744
0.00226344 0.00167881 0.00205575
0.00267921 0.00189304 0.00193433
0.00139054 0.00301709 0.00173273
0.00201198 0.00293597 0.00290627
0.00252134 0.00228327 0.00242015
0.00132802 0.00267792 0.00261126
0.00186899 0.00207511 0.00210035
0.00148877 0.0018054 0.00213889
0.00163686 0.00107629 0.00225845
0.00214476 0.0018355 0.00208324
0.00127853 0.00187723 0.00186169
0.00200179 0.00158414 0.00196069
0.00182498 0.000899751 0.00204057
0.0022314 0.0013418 0.00166695
0.00187964 0.0020036 0.00262802
0.00315256 0.00303848 0.00267825
0.00206365 0.00247027 0.00308015
0.00143615 0.00185625 0.00215134
0.0012763 0.00155673 0.00197156
0.00194797 0.00204111 0.0018095
0.00114195 0.00153162 0.00191707
0.00207948 0.00238484 0.00229267
0.00232669 0.00279755 0.0025285
0.00192793 0.00165952 0.00211144
0.00181065 0.00194687 0.00226577
0.00127179 0.0021898 0.00150881
0.00276695 0.00177145 0.00187918
0.00131155 0.00197564 0.0014999
0.00229973 0.00163922 0.00146109
0.00170225 0.00210085 0.00205319
0.00223277 0.00182461 0.00152094
0.00226616 0.00189142 0.00228756
0.00232665 0.00207575 0.00251751
0.00180348 0.00159597 0.00196063
0.00217282 0.0020528 0.00180932
0.00117864 0.0016723 0.00127615
0.00115979 0.00110153 0.00127677
0.00178284 0.00218624 0.00148401
0.00151081 0.0022998 0.00153029
0.00216312 0.00148259 0.00136952
0.0012874 0.00133597 0.00197454
0.00142898 0.00153565 0.00140931
0.00117898 0.00158369 0.00178774
0.00204167 0.0016742 0.00233771
0.00139753 0.00168973 0.00184482
0.00388222 0.0013851 0.00177999
0.0025328 0.00232682 0.00141764
0.00197394 0.00199077 0.00268556
0.0021953 0.0019568 0.00188913
0.00155748 0.00146712 0.0016112
0.00222874 0.00189316 0.0020705
0.00217748 0.00196454 0.00143987
0.00417503 0.00285352 0.00321962
0.0029303 0.00204534 0.00279583
0.00330592 0.00307943 0.00316304
0.00330946 0.0023346 0.00297427
0.00250275 0.00225091 0.00275234
0.00232546 0.00293546 0.00249267
0.00457399 0.002746 0.00299453
0.00177666 0.00293999 0.00325274
0.0030731 0.00347276 0.00298926
0.00203548 0.00331151 0.00318964
0.0029356 0.00250136 0.00252108
0.00238062 0.00162215 0.00258998
0.00238911 0.00358195 0.00322073
0.00344152 0.00287306 0.00198398
0.00209596 0.00365959 0.00336834
0.0033599 0.00220762 0.00247707
0.00173709 0.00189224 0.00200064
0.00254179 0.00232664 0.00247797
0.00287898 0.00291167 0.00220069
0.00308662 0.00194634 0.00180322
0.00218533 0.00210057 0.0030695
0.00229117 0.00187415 0.00221398
0.00289693 0.00220078 0.0020489
0.00169913 0.00280234 0.00280377
0.0027933 0.00244601 0.00214525
0.00299097 0.00210088 0.00267252
0.00243368 0.00225001 0.00235637
0.00276603 0.00251538 0.00303142
0.0041092 0.00336482 0.00326292
0.00451743 0.00224538 0.00336834
0.00290567 0.00265308 0.00263746
0.00263367 0.00278346 0.00196118
0.00284428 0.0025997 0.00339429
0.00359028 0.00247045 0.00278533
0.00387782 0.00248528 0.00293914
0.00341791 0.00207621 0.00351404
0.00161221 0.00274825 0.00282103
0.0022165 0.00315148 0.00341812
0.00190331 0.0024105 0.00229718
0.00343796 0.00292654 0.00190867
0.00255767 0.00253287 0.00201798
0.00213151 0.0013029 0.00301667
0.00219145 0.00265636 0.00202236
0.00240608 0.00270355 0.00258779
0.00315538 0.00305652 0.00229528
0.00282533 0.00313699 0.00388894
0.00261004 0.00342633 0.00303447
0.00179528 0.00358966 0.0019427
0.0024938 0.00322284 0.0023062
0.00324492 0.00319105 0.00302743
0.00363774 0.00369852 0.00358425
0.00371225 0.00375231 0.00341072
0.00309544 0.00305026 0.00317498
0.00247487 0.00315701 0.0032158
0.00321987 0.00179922 0.0030986
0.00356367 0.00301136 0.00341488
0.00309671 0.00288357 0.00275484
0.00314516 0.00356872 0.003018
0.00354779 0.00333693 0.00282973
0.00459896 0.00441241 0.00423649
0.00367542 0.00364025 0.00440079
0.00373618 0.00354281 0.00351906
0.00424544 0.00442569 0.00312771
0.00317173 0.00376885 0.00386723
0.00319117 0.00354823 0.00271569
0.00394926 0.00351499 0.00311625
0.00256529 0.0037326 0.00428913
0.00250857 0.00380269 0.00230862
0.00388091 0.00389118 0.00392147
0.00332896 0.00409618 0.00444933
0.00312025 0.00389446 0.00290755
0.00384949 0.0042368 0.0042514
0.00406898 0.00402644 0.00407264
0.0034696 0.00344648 0.00447797
0.0040011 0.00456888 0.00468787
0.00394291 0.00289103 0.00429259
0.00290917 0.00285224 0.00223404
0.00206892 0.00314435 0.0024734
0.00266036 0.00302121 0.00275057
0.00354396 0.0029482 0.00192325
0.00360776 0.00345351 0.00349121
0.00459474 0.00350755 0.00355933
0.00306476 0.002114 0.0036758
0.00469516 0.00255083 0.00367044
0.00401942 0.00455144 0.00450049
0.00388278 0.0046087 0.0039235
0.00484726 0.00525834 0.00496659
0.00458087 0.00449524 0.00442881
0.00291752 0.00337669 0.00367043
0.00382328 0.00423082 0.00343798
0.00206524 0.00296152 0.00330301
0.00384306 0.00376392 0.00408879
0.00235864 0.00389857 0.00397015
0.00326809 0.00428678 0.0035681
0.0039836 0.00290479 0.00241593
0.00323901 0.00301942 0.00270567
0.00280147 0.00287638 0.00321844
0.00389261 0.00256514 0.00369154
0.00363479 0.00380418 0.00327128
0.00288373 0.00317945 0.00235944
0.00253173 0.00382867 0.00388685
0.00422114 0.00342979 0.00303156
0.00388217 0.00380496 0.00270107
0.00467194 0.00418454 0.00501358
0.0031545 0.00302394 0.0026624
0.00306391 0.00340212 0.0045614
0.00420812 0.00360063 0.00319977
0.00414749 0.00489859 0.00442937
0.00275408 0.00364442 0.00334136
0.00341896 0.00250232 0.00303276
0.00462156 0.00488289 0.00361067
0.00378599 0.00306487 0.00385847
0.00405029 0.00365593 0.00461618
0.00293486 0.00399842 0.00396376
0.0041126 0.00230848 0.00215235
0.00262556 0.00305896 0.00283466
0.00374603 0.00312085 0.00293473
0.00320641 0.00373505 0.00424944
0.00347251 0.00406239 0.00390981
0.00337455 0.002915 0.00303834
0.00409512 0.0046101 0.00366719
0.00315215 0.00199181 0.0033011
0.00329175 0.00252884 0.00350356
0.00260513 0.00339952 0.00351604
0.00304644 0.0037996 0.00387252
0.00331275 0.00325274 0.00354089
0.00290038 0.00355663 0.00386249
0.00373868 0.00310877 0.0033427
0.00420775 0.0040185 0.00282952
0.00364119 0.00333167 0.00442038
0.00343772 0.00369554 0.00383858
0.00320736 0.00396099 0.00489111
0.00305611 0.00370416 0.00386258
0.00339036 0.00416845 0.00338525
0.00370663 0.00392693 0.00399177
0.00304149 0.00366453 0.00412161
0.00401895 0.00255198 0.00278721
0.0026593 0.00363738 0.00342709
0.00283719 0.00299156 0.00313681
0.00313062 0.00340282 0.00410015
0.00371207 0.00411438 0.00498416
0.00257163 0.0041321 0.00410687
0.0040434 0.00287717 0.0037349
0.00350075 0.00369257 0.00377157
0.00255388 0.00330677 0.00378188
0.00365673 0.00383066 0.00348621
0.0030766 0.00382746 0.00384789
0.00323054 0.00302632 0.00314764
0.00390809 0.00365499 0.00407591
0.00250954 0.00258256 0.00274485
0.00317694 0.00293199 0.00265402
0.0026166 0.00366854 0.0032626
0.00423582 0.00314858 0.00377076
0.00298876 0.00302609 0.00281769
0.00284394 0.00317684 0.00387296
0.00324077 0.00210811 0.00263697
0.00423001 0.00395884 0.00379938
0.00391519 0.00323759 0.00272483
0.0033589 0.00317763 0.00272838
0.00463069 0.00435516 0.00437746
0.00497331 0.00318401 0.00241727
0.00429745 0.00294625 0.00391197
0.00349728 0.00346213 0.00356622
0.00329371 0.00443972 0.00415461
0.0028722 0.0042688 0.00425782
0.00387943 0.00195133 0.00306639
0.00307091 0.00318029 0.00280662
0.00362169 0.00379416 0.00396322
0.00290474 0.00297582 0.00326929
0.0037113 0.0033115 0.00342213
0.0029902 0.0041929 0.00385421
0.00301308 0.00295193 0.0035558
0.00344453 0.00204423 0.00211381
0.00327223 0.00224949 0.00216402
0.00422474 0.00483769 0.00395802
0.00462643 0.00436705 0.00394143
0.00383248 0.00301903 0.00403869
0.00415331 0.00401426 0.0043616
0.00508381 0.00500219 0.00465394
0.00474279 0.00470007 0.00410412
0.00382011 0.0039604 0.0029288
0.00363248 0.00375009 0.00412771
0.00396971 0.00302404 0.00333061
0.00344736 0.00233181 0.00222801
0.00399472 0.002609 0.00293
0.00300615 0.00303617 0.0025354
0.00429406 0.00256533 0.00300225
0.00424496 0.00424866 0.00387264
0.00335165 0.00364299 0.00486277
0.0047613 0.00369653 0.00400321
0.00227316 0.00424641 0.00272119
0.00356332 0.0038559 0.00375345
0.00329807 0.00361267 0.00381436
0.00334693 0.00322063 0.00270342
0.00373891 0.00355758 0.00310789
0.00362573 0.00397977 0.00398573
0.00341477 0.0048862 0.00505299
0.00417056 0.00487564 0.00484421
0.00506486 0.00522136 0.00451517
0.00399069 0.00429886 0.00453926
0.00378792 0.00476532 0.00495725
0.00419861 0.00372826 0.00380156
0.00433576 0.00391543 0.00270667
0.00286948 0.00362245 0.00372825
0.00404262 0.00399988 0.00400629
0.00309438 0.0037851 0.00383803
0.00343083 0.00305665 0.00400134
0.0038653 0.00392987 0.00428593
0.00431269 0.00304088 0.00309054
0.00462776 0.00431034 0.00450353
0.00362481 0.00369915 0.00395056
0.00347088 0.00375744 0.00369839
0.00360153 0.00372287 0.00274012
0.00338501 0.00326471 0.00337297
0.00339104 0.00405326 0.00425145
0.00342883 0.00442855 0.00399139
0.00330807 0.00453734 0.00402489
0.00291264 0.00332239 0.00208255
0.00272141 0.00249212 0.00284593
0.00303609 0.00405273 0.00276399
0.0034305 0.00398821 0.00378255
0.00329907 0.00354222 0.00375001
0.00433751 0.00432444 0.00362889
0.00372292 0.00463915 0.00418235
0.00369857 0.00499647 0.00451016
0.00306236 0.00334913 0.00347793
0.00318769 0.00269212 0.00258331
0.00264391 0.00262597 0.00339054
0.00244792 0.00407316 0.00334609
0.00332165 0.00239774 0.00403334
0.00414756 0.00337826 0.00274748
0.00380592 0.00413142 0.00495784
0.0037172 0.00369688 0.0043447
0.00312903 0.00319845 0.00308554
0.00397683 0.00379665 0.00387204
0.00370143 0.00368407 0.00387425
0.00360687 0.00338651 0.00364491
0.00263192 0.00346331 0.00401207
0.00253251 0.00336795 0.00359122
0.00270954 0.00483246 0.00231565
0.00357619 0.0018174 0.00189476
0.00340943 0.0040307 0.00452977
0.00414093 0.0036435 0.00430246
0.00358801 0.00428877 0.00428955
0.0031641 0.0036725 0.00354759
0.00313937 0.00275494 0.00244819
0.00425044 0.00317783 0.00292004
0.00340677 0.00281593 0.00333612
0.00458518 0.00424461 0.00477676
0.00447291 0.00333011 0.00443306
0.00447544 0.00462858 0.00466386
0.00332358 0.0032408 0.00272143
0.00410882 0.00416191 0.00381629
0.00361164 0.00262714 0.0032916
0.00283765 0.0045085 0.00324298
0.00249745 0.003755 0.00259906
0.00414201 0.00395236 0.00211554
0.00370511 0.0032554 0.00360573
0.0029234 0.00377903 0.00319192
0.00394304 0.00362742 0.00347262
0.00359307 0.00383767 0.00353427
0.00350463 0.00326215 0.00380563
0.00345197 0.00395887 0.00417476
0.00306801 0.00226779 0.00218065
0.00364237 0.0039561 0.00426819
0.00209235 0.00347291 0.00274675
0.00415015 0.00424082 0.00343322
0.00295241 0.00365717 0.00345307
0.00307527 0.00361772 0.00309395
0.00295601 0.00334689 0.00370244
0.00258208 0.0029667 0.00228334
0.00293645 0.00347373 0.00347167
0.00332833 0.00317862 0.00255118
0.0033684 0.00361925 0.00316851
0.00302834 0.00409583 0.00328363
0.00345076 0.00397464 0.00393987
0.00337311 0.00476937 0.0047792
0.00304551 0.00250142 0.00433821
0.00309583 0.00290668 0.00433341
0.00339402 0.0036308 0.00361476
0.00330471 0.00325974 0.00410114
0.00270615 0.00223919 0.00292667
0.00334612 0.00415682 0.0038965
0.00367499 0.0037543 0.00418401
0.00345213 0.00332963 0.00335934
0.00358035 0.00376911 0.0036064
0.00315849 0.00433076 0.00359528
0.00416113 0.00417627 0.0028787
0.00332976 0.00421671 0.00328522
0.00371168 0.00312408 0.00336714
0.00427882 0.00431036 0.00473599
0.00376935 0.00312527 0.00420558
0.00351308 0.00241232 0.00240811
0.00411886 0.00382886 0.00401695
0.00381618 0.00397872 0.00363696
0.00383451 0.00375638 0.00400496
0.0037869 0.0048658 0.00443513
0.00363546 0.00527409 0.00493857
0.00320745 0.00425397 0.00492814
0.00323949 0.00357251 0.00301678
0.00323247 0.00261764 0.00431928
0.00378333 0.0039301 0.00374559
0.00367895 0.00370137 0.00362844
0.0034453 0.00305609 0.00235162
0.0033545 0.00310898 0.002242
0.00328334 0.00369613 0.00325029
0.00424054 0.0026687 0.00284463
0.00298997 0.00256566 0.00250717
0.00313661 0.00347082 0.00254538
0.0033592 0.00363554 0.00283585
0.00124293 0.00184969 0.00264294
0.00366111 0.0024564 0.00192462
0.00373554 0.0024624 0.00150774
0.00257792 0.00198598 0.0020688
0.00221869 0.00325402 0.00338788
0.00285321 0.00296852 0.00344653
0.00340706 0.00421071 0.00426284
0.00346863 0.00418078 0.00377951
0.00317481 0.00372155 0.00445731
0.00390575 0.00360258 0.00348911
0.0043552 0.00220047 0.00393233
0.00280397 0.00390734 0.00378582
0.00358195 0.00239281 0.00259807
0.00352888 0.00401931 0.00424879
0.00424686 0.0046001 0.0053019
0.00432815 0.00398912 0.00391553
0.00342302 0.00422437 0.00526451
0.0025023 0.00316525 0.00220009
0.00316688 0.0026514 0.00197058
0.00363423 0.00321859 0.00302048
0.00369842 0.00200182 0.00240327
0.00304571 0.00382399 0.00359144
0.00352065 0.00376381 0.00327342
0.00342224 0.00237148 0.00211737
0.00336873 0.00245429 0.00246362
0.0032719 0.00292009 0.00318931
0.00454874 0.00418378 0.0041533
0.00282824 0.003667 0.00405691
0.00325504 0.0031287 0.00314987
0.00386109 0.00216293 0.00235381
0.00301329 0.00382969 0.00367074
