1.07324 1.04864 1.05604
1.06946 1.08633 1.05304
1.06727 1.05883 1.0472
1.06124 1.0645 1.08723
1.05231 1.06291 1.04873
1.06834 1.06727 1.04952
1.06724 1.04565 1.04641
1.09253 1.07314 1.05526
1.09262 1.06569 1.09812
1.07563 1.08976 1.05263
1.0641 1.06726 1.06275
1.10265 1.06554 1.07877
1.07988 1.08237 1.04835
1.07966 1.05069 1.04979
1.06621 1.06024 1.04552
1.05357 1.04463 1.04449
1.05524 1.09385 1.04562
1.09206 1.08281 1.04405
1.0872 1.06001 1.04602
1.05659 1.07653 1.04819
1.06061 1.04168 1.04178
1.04324 1.0457 1.04022
1.08481 1.03753 1.03961
1.05651 1.03919 1.03722
1.03632 1.04544 1.04701
1.05056 1.03771 1.04588
1.05643 1.0363 1.03634
1.04562 1.04768 1.05123
1.03129 1.03038 1.05888
1.04943 1.02879 1.02852
1.05687 1.03187 1.0323
1.05327 1.02782 1.02775
1.04535 1.03107 1.02702
1.03415 1.02627 1.02662
1.05101 1.10587 1.10189
1.04423 1.02963 1.0283
1.02912 1.03108 1.02829
1.03485 1.03755 1.03477
1.03461 1.05649 1.03731
1.04169 1.02983 1.03536
1.06749 1.03725 1.03188
1.04938 1.07442 1.05124
1.05399 1.04097 1.04288
1.05235 1.05182 1.05482
1.04816 1.04273 1.03329
1.04366 1.04813 1.04167
1.03558 1.02949 1.03345
1.03408 1.02468 1.02576
1.03124 1.02807 1.02867
1.04635 1.04406 1.05841
1.0519 1.04297 1.04074
1.05464 1.03956 1.03941
1.02808 1.05869 1.06884
1.03421 1.03126 1.03569
1.03508 1.03533 1.03171
1.03623 1.03397 1.08019
1.04272 1.03435 1.03717
1.03393 1.0315 1.02805
1.04218 1.07176 1.05089
1.03899 1.03812 1.03236
1.0362 1.04438 1.03721
1.02503 1.03231 1.03863
1.04104 1.04141 1.04124
1.04495 1.03679 1.03229
1.03455 1.02864 1.02585
1.04377 1.08448 1.08408
1.03641 1.0257 1.02558
1.04213 1.04395 1.03396
1.05417 1.07722 1.0395
1.03493 1.03625 1.03474
1.04359 1.05345 1.08017
1.03962 1.10024 1.03481
1.03781 1.03387 1.03579
1.04404 1.08766 1.08218
1.08272 1.0256 1.03666
1.03432 1.08375 1.05324
1.03081 1.02543 1.02566
1.03074 1.04229 1.03185
1.04211 1.03962 1.03322
1.02786 1.03774 1.02751
1.03296 1.03273 1.03264
1.03581 1.02497 1.07718
1.03963 1.03943 1.04032
1.04218 1.03817 1.04
1.04675 1.03113 1.04272
1.03069 1.0308 1.03161
1.0363 1.03466 1.05107
1.04679 1.03919 1.04259
1.03406 1.0498 1.05322
1.03994 1.05054 1.04156
1.03341 1.03982 1.03825
1.0413 1.06362 1.03825
1.04423 1.06358 1.05631
1.03897 1.04168 1.04135
1.0489 1.04496 1.03681
1.03367 1.03304 1.04219
1.04256 1.03994 1.03652
1.04716 1.04143 1.04004
1.03425 1.03146 1.03364
1.07689 1.0305 1.04519
1.05442 1.0363 1.03676
1.04093 1.03356 1.04225
1.06107 1.04073 1.04089
1.03424 1.0343 1.03476
1.03181 1.03289 1.03171
1.02945 1.03011 1.05451
1.0468 1.05273 1.04607
1.0455 1.06559 1.06419
1.04163 1.04741 1.04604
1.06253 1.04353 1.05054
1.04117 1.04818 1.04738
1.06304 1.05258 1.04815
1.09391 1.07704 1.08833
1.04906 1.04783 1.05104
1.0841 1.03838 1.04898
1.05608 1.07422 1.09911
1.04656 1.06679 1.04948
1.04501 1.03844 1.03868
1.05521 1.03957 1.03905
1.06918 1.0615 1.05845
1.05438 1.04952 1.06191
1.06988 1.06625 1.03876
1.08336 1.0677 1.05618
1.057 1.05697 1.04189
1.08541 1.08274 1.09758
1.0589 1.06431 1.04813
1.06261 1.04295 1.0527
1.04918 1.04926 1.03918
1.04738 1.08932 1.06847
1.04545 1.04038 1.03797
1.03437 1.0348 1.03622
1.09314 1.09693 1.0399
1.06405 1.12495 1.05868
1.04608 1.05634 1.04715
1.09491 1.03721 1.09001
1.05264 1.06928 1.04252
1.0472 1.05458 1.04278
1.05111 1.04003 1.04588
1.04363 1.04758 1.05677
1.04842 1.04293 1.04993
1.0526 1.06156 1.04716
1.05969 1.04228 1.07124
1.06188 1.05378 1.04276
1.0453 1.0395 1.05479
1.04334 1.056 1.04939
1.09003 1.05928 1.04479
1.06897 1.06987 1.08657
1.0558 1.11792 1.12756
1.04076 1.04199 1.08584
1.04379 1.04399 1.12402
1.05843 1.06012 1.06441
1.04889 1.06146 1.03859
1.10877 1.05134 1.05968
1.04538 1.07563 1.04483
1.04467 1.0451 1.04497
1.0565 1.05589 1.07818
1.03648 1.05996 1.03751
1.04003 1.09673 1.06591
1.04588 1.13757 1.06319
1.03868 1.06229 1.06118
1.09825 1.08581 1.05695
1.04835 1.06579 1.09659
1.06845 1.06383 1.05356
1.05309 1.06779 1.06495
1.05011 1.05515 1.18457
1.07004 1.13385 1.11551
1.07389 1.05796 1.09184
1.06237 1.0533 1.05475
1.0732 1.10549 1.06096
1.07192 1.07542 1.06467
1.06386 1.04248 1.0896
1.04589 1.05613 1.05312
1.07522 1.12488 1.05931
1.07917 1.07694 1.05714
1.04544 1.043 1.05062
1.0419 1.05422 1.06461
1.03922 1.05027 1.06324
1.04439 1.06119 1.05908
1.08581 1.06369 1.04945
1.05769 1.07356 1.05562
1.06689 1.09711 1.05653
1.06392 1.07823 1.10405
1.05212 1.08632 1.0651
1.06745 1.06158 1.06312
1.13482 1.10898 1.06041
1.05115 1.139 1.05657
1.11282 1.09552 1.05302
1.06821 1.08232 1.05032
1.05364 1.05973 1.07501
1.07148 1.07375 1.06204
1.06365 1.07699 1.05944
1.16181 1.07401 1.05853
1.0533 1.04963 1.07245
1.09246 1.1742 1.0602
1.06115 1.09969 1.09589
1.06139 1.04942 1.06822
1.09371 1.08235 1.05313
1.13202 1.06031 1.07605
1.09189 1.04557 1.05805
1.24994 1.06021 1.0548
1.10889 1.07067 1.07302
1.05821 1.05371 1.05381
1.09288 1.09385 1.05303
1.06983 1.04244 1.04428
1.17184 1.04742 1.05757
1.08576 1.07832 1.05797
1.04685 1.1689 1.10396
1.04987 1.07378 1.0866
1.05039 1.07903 1.10978
1.0635 1.07089 1.15365
1.06951 1.09977 1.08943
1.09168 1.05848 1.06258
1.05744 1.07373 1.05864
1.05379 1.05338 1.05301
1.07645 1.05237 1.07011
1.07099 1.06442 1.05735
1.08176 1.18302 1.07225
1.06423 1.0646 1.06089
1.07298 1.10523 1.10977
1.05844 1.08057 1.11273
1.06997 1.09458 1.13209
1.06614 1.09143 1.06019
1.07831 1.07012 1.07711
1.07232 1.05966 1.06509
1.09327 1.05948 1.04925
1.05904 1.09317 1.10926
1.05349 1.09691 1.05263
1.10669 1.10489 1.05982
1.06445 1.131 1.05975
1.0561 1.10322 1.05417
1.08092 1.08796 1.06053
1.05427 1.05368 1.07308
1.06113 1.06243 1.06405
1.07632 1.06132 1.06978
1.06576 1.06539 1.07691
1.05927 1.12468 1.11276
1.07862 1.07999 1.10274
1.07743 1.10856 1.07898
1.08267 1.07997 1.1268
1.14257 1.06992 1.06811
1.11067 1.06727 1.07597
1.0572 1.07226 1.09707
1.06917 1.07976 1.05121
1.07899 1.13622 1.06604
1.0887 1.07228 1.06585
1.06212 1.06123 1.12981
1.12205 1.06509 1.1485
1.08924 1.08903 1.08799
1.05566 1.0817 1.04914
1.08679 1.10763 1.0767
1.06933 1.0705 1.12131
1.10512 1.1029 1.07854
1.06444 1.08969 1.06807
1.1511 1.1015 1.07657
1.09358 1.06415 1.06912
1.09048 1.10143 1.1899
1.10095 1.07502 1.11381
1.09179 1.08527 1.15308
1.16448 1.0812 1.07054
1.09399 1.0651 1.06315
1.1354 1.19288 1.18999
1.09844 1.09416 1.07962
1.06709 1.09216 1.11743
1.06888 1.07688 1.08315
1.09769 1.09135 1.1079
1.08163 1.1247 1.0697
1.05489 1.06254 1.06206
1.1134 1.05198 1.04877
1.06338 1.05857 1.07654
1.09845 1.06365 1.05506
1.06082 1.0798 1.06856
1.08267 1.07202 1.1033
1.09904 1.0588 1.06073
1.09741 1.06452 1.06541
1.10835 1.06737 1.07005
1.07183 1.07839 1.08381
1.09173 1.08422 1.08088
1.09054 1.13392 1.08401
1.13747 1.15635 1.09052
1.09872 1.12303 1.1083
1.09118 1.07273 1.07877
1.12854 1.11965 1.12253
1.08884 1.06928 1.0844
1.08697 1.13585 1.22585
1.11933 1.06987 1.08337
1.09397 1.0969 1.07011
1.07216 1.0829 1.11531
1.08015 1.13654 1.06985
1.08287 1.08325 1.14445
1.10025 1.0933 1.08407
1.14444 1.33803 1.08338
1.1232 1.10346 1.06692
1.08882 1.07376 1.06496
1.14373 1.06985 1.07295
1.0651 1.09349 1.07345
1.07894 1.06278 1.07521
1.07562 1.06217 1.10095
1.07158 1.08539 1.08801
1.13343 1.2601 1.08249
1.09933 1.15592 1.08416
1.16886 1.08165 1.10899
1.10694 1.12713 1.07776
1.10016 1.15117 1.07809
1.12141 1.07676 1.17287
1.09054 1.07929 1.08298
1.08328 1.07865 1.09579
1.09826 1.09251 1.12511
1.08817 1.09242 1.0896
1.09593 1.07768 1.07737
1.07924 1.11582 1.08165
1.0887 1.07253 1.07251
1.08502 1.08411 1.08011
1.0977 1.19807 1.07863
1.09793 1.07596 1.09272
1.08375 1.08128 1.15175
1.21243 1.07402 1.07759
1.12998 1.08074 1.09368
1.10795 1.08066 1.14782
1.10733 1.09111 1.07776
1.08744 1.08262 1.07827
1.13858 1.13178 1.16939
1.10777 1.12597 1.09442
1.08372 1.09967 1.10146
1.12459 1.17524 1.09445
1.08451 1.08358 1.07715
1.15938 1.16557 1.08546
1.0869 1.14428 1.10873
1.14494 1.2023 1.1349
1.08987 1.12937 1.09481
1.18432 1.08793 1.14264
1.13934 1.09205 1.10846
1.0761 1.07197 1.08196
1.091 1.09764 1.09887
1.10559 1.1007 1.08272
1.08461 1.0838 1.08544
1.08616 1.0921 1.07886
1.07686 1.09011 1.09731
1.16473 1.08824 1.16577
1.10296 1.09208 1.09367
1.19789 1.18755 1.13027
1.08116 1.09017 1.08225
1.07758 1.23917 1.09363
1.1156 1.12958 1.11011
1.09735 1.11185 1.0923
1.10415 1.17638 1.09544
1.23478 1.14563 1.10301
1.084 1.08026 1.08412
1.07713 1.07359 1.07228
1.08239 1.08659 1.08315
1.0943 1.21439 1.15629
1.09405 1.08814 1.07389
1.12277 1.08893 1.17052
1.09626 1.08532 1.0805
1.10242 1.20577 1.1087
1.11844 1.11558 1.12972
1.22241 1.16248 1.11313
1.09103 1.19986 1.08985
1.08099 1.09181 1.07979
1.09814 1.07681 1.08198
1.08877 1.12542 1.10512
1.12016 1.17963 1.09445
1.09038 1.08407 1.08545
1.08516 1.08026 1.08438
1.12463 1.09057 1.13503
1.10999 1.09299 1.10241
1.10698 1.07659 1.09048
1.11499 1.15042 1.14279
1.16519 1.09876 1.09049
1.13163 1.08014 1.0985
1.11552 1.10063 1.10738
1.15538 1.15685 1.14737
1.14302 1.08283 1.08487
1.20323 1.08161 1.09461
1.11518 1.07764 1.08314
1.09113 1.12976 1.09051
1.09287 1.08216 1.08827
1.12147 1.08856 1.1218
1.12133 1.0916 1.09237
1.11738 1.10107 1.09747
1.20219 1.08177 1.08307
1.21586 1.14415 1.09381
1.07425 1.09064 1.09525
1.17597 1.09561 1.0942
1.17446 1.10845 1.08024
1.10201 1.15651 1.14913
1.06786 1.34184 1.05936
1.17102 1.09416 1.08514
1.1062 1.10021 1.10218
1.10367 1.07992 1.09601
1.13614 1.14939 1.09497
1.11789 1.19298 1.09363
1.15946 1.1479 1.11737
1.10505 1.19607 1.07685
1.17378 1.0748 1.09363
1.16043 1.13719 1.08734
1.1838 1.14121 1.12138
1.07439 1.16644 1.08003
1.09955 1.09229 1.08878
1.09119 1.07783 1.08291
1.07902 1.09749 1.09062
1.08775 1.10908 1.1132
1.12521 1.0926 1.08589
1.10226 1.089 1.07728
1.0955 1.20652 1.08951
1.08705 1.07396 1.09285
1.08297 1.15013 1.10049
1.09258 1.1862 1.06663
1.17998 1.12598 1.11856
1.0899 1.08908 1.09212
1.20557 1.16395 1.13327
1.13335 1.08952 1.09208
1.11825 1.10436 1.0909
1.16012 1.16336 1.08905
1.09676 1.09154 1.08533
1.11429 1.18807 1.09447
1.11791 1.09654 1.0906
1.24282 1.11217 1.08668
1.21723 1.0837 1.09464
1.10314 1.09103 1.15157
1.155 1.08858 1.10007
1.10195 1.10289 1.10983
1.10194 1.09161 1.10848
1.10367 1.21314 1.22097
1.13477 1.09244 1.10291
1.09657 1.10015 1.1018
1.13884 1.10977 1.09814
1.13193 1.15917 1.14894
1.09888 1.08341 1.09417
1.08448 1.17697 1.16096
1.07917 1.08678 1.09746
1.16968 1.09309 1.09079
1.14749 1.10033 1.09726
1.2008 1.09532 1.09631
1.22166 1.12878 1.1078
1.09788 1.08311 1.19641
1.0807 1.08562 1.10614
1.21408 1.09452 1.10341
1.09167 1.08728 1.08886
1.08942 1.11651 1.08948
1.09828 1.07444 1.07546
1.11903 1.08137 1.12001
1.09723 1.08108 1.08052
1.0731 1.08308 1.08181
1.18344 1.0997 1.10079
1.10728 1.09662 1.10208
1.1385 1.0982 1.11415
1.12041 1.11951 1.15113
1.11938 1.12278 1.09692
1.10923 1.11278 1.11823
1.17216 1.09494 1.10305
1.12263 1.13694 1.09855
1.18831 1.0957 1.09927
1.11596 1.19279 1.08537
1.09059 1.10642 1.0786
1.08043 1.09429 1.0891
1.11191 1.09384 1.09114
1.10199 1.08865 1.13145
1.10237 1.09784 1.0986
1.11305 1.14377 1.10384
1.08641 1.08664 1.10505
1.08618 1.08796 1.13508
1.08964 1.09278 1.08244
1.10766 1.23422 1.10996
1.14158 1.08766 1.09072
1.07244 1.09906 1.10418
1.09321 1.08933 1.08305
1.12259 1.09374 1.10032
1.08448 1.13056 1.0955
1.11561 1.10024 1.13097
1.11055 1.13418 1.09314
1.11944 1.11603 1.16336
1.10906 1.07446 1.0739
1.17264 1.11133 1.09346
1.07987 1.08219 1.15992
1.08565 1.09965 1.13728
1.10497 1.08456 1.10221
1.11636 1.08548 1.1442
1.13737 1.16959 1.1156
1.11265 1.20982 1.09192
1.10107 1.21675 1.15186
1.1237 1.14126 1.09022
1.16081 1.07281 1.07506
1.08255 1.08696 1.09458
1.08762 1.11831 1.15773
1.08865 1.0944 1.09879
1.14971 1.11634 1.08123
1.1204 1.0957 1.08815
1.10631 1.10073 1.09567
1.11873 1.08291 1.1883
1.11882 1.09329 1.08355
1.07891 1.12243 1.12193
1.08844 1.12982 1.09736
1.2276 1.11479 1.09222
1.12963 1.08209 1.08813
1.20505 1.09865 1.08302
1.08684 1.11242 1.09327
1.19223 1.1873 1.08815
1.13692 1.17538 1.09033
1.11699 1.1446 1.12025
1.13722 1.22078 1.11236
1.15181 1.10537 1.10115
1.09002 1.14637 1.09513
1.13841 1.10394 1.11051
1.14415 1.0862 1.0895
1.11181 1.16287 1.10516
1.08833 1.10913 1.08914
1.09248 1.10612 1.17349
1.15063 1.1566 1.08806
1.10732 1.09532 1.07138
1.10076 1.18208 1.11116
1.07971 1.10148 1.11261
1.14052 1.10159 1.10635
1.11205 1.09364 1.09518
1.15932 1.11013 1.10657
1.1337 1.13531 1.09464
1.1217 1.21197 1.09595
1.09342 1.10824 1.15578
1.11535 1.15718 1.12886
1.08718 1.08842 1.11885
1.07458 1.07932 1.16534
1.17217 1.11163 1.09848
1.11236 1.10696 1.14654
1.15681 1.10765 1.08976
1.12066 1.1018 1.09179
1.19251 1.12132 1.10163
1.19416 1.14889 1.22524
1.07172 1.17058 1.19324
1.11692 1.09755 1.07902
1.10807 1.19857 1.09578
1.10302 1.17178 1.13034
1.10458 1.09237 1.10942
1.08578 1.08043 1.08317
1.19516 1.08436 1.13139
1.0946 1.10041 1.099
1.1102 1.08368 1.11566
1.11293 1.15089 1.10934
1.13083 1.09011 1.09347
1.17677 1.1036 1.20003
1.13139 1.10076 1.08724
1.07904 1.11328 1.07659
1.11323 1.1533 1.14176
1.13808 1.09865 1.1017
1.08635 1.08815 1.07572
1.0761 1.19984 1.09233
1.07839 1.16889 1.15294
1.08303 1.08381 1.08703
1.19609 1.08492 1.14587
1.13466 1.11273 1.11642
1.16411 1.30185 1.08879
1.09175 1.07982 1.11084
1.0789 1.08111 1.07654
1.21774 1.08674 1.08067
1.07075 1.11331 1.14597
1.11022 1.10646 1.08564
1.19911 1.1155 1.0918
1.08912 1.08987 1.0887
1.11518 1.11482 1.10114
1.21582 1.11081 1.15935
1.16485 1.10641 1.19336
1.09404 1.11783 1.09341
1.12914 1.16608 1.13705
1.16309 1.10401 1.10204
1.14527 1.08125 1.09452
1.10408 1.19638 1.09704
1.19108 1.07486 1.09177
1.12021 1.12245 1.08833
1.22324 1.09898 1.09307
1.11236 1.0946 1.09258
1.19885 1.10009 1.10298
1.13288 1.09393 1.1631
1.09113 1.11024 1.18695
1.16961 1.10386 1.08812
1.10793 1.09188 1.22645
1.09553 1.09922 1.10095
1.09785 1.09247 1.0866
1.11148 1.16136 1.16992
1.1709 1.08716 1.09457
1.10989 1.23346 1.13985
1.10784 1.13631 1.07538
1.08151 1.11307 1.1915
1.10645 1.10102 1.16208
1.10698 1.07902 1.12625
1.19184 1.17952 1.09841
1.19188 1.10376 1.10683
1.10112 1.2302 1.10524
1.0861 1.09549 1.09366
1.1873 1.16283 1.11257
1.11906 1.13228 1.11363
1.08873 1.10594 1.09068
1.17208 1.08425 1.21819
1.16033 1.09519 1.0845
1.18284 1.07768 1.09006
1.08575 1.08232 1.07959
1.12116 1.08781 1.09122
1.13384 1.11311 1.10081
1.09103 1.1078 1.14297
1.07457 1.08356 1.08483
1.11384 1.11876 1.08281
1.09215 1.07614 1.08902
1.10349 1.11669 1.09691
1.1863 1.11725 1.08259
