60.4647451162
60.7498552322
60.6327271223
60.3121833324
60.3121833324
60.3121833324
60.3121833324
60.3121833324
60.3121833324
60.3630372763
58.6538910627
58.6538910627
58.6538910627
58.0064528227
57.7373065948
58.3264529943
57.3664527178
57.1121830463
57.1121830463
57.1121830463
57.1121830463
57.1121830463
57.1121830463
57.2647448778
57.3618591309
57.4173067093
57.5144209623
57.5298410654
57.6269553185
57.0737867594
56.8120789662
56.3520928904
56.3520928904
56.3441108361
56.3441108361
56.3441108361
56.1766725659
56.2383529782
56.2383529782
56.2383529782
56.0315488815
55.9806949377
56.2658050418
56.0469690561
55.3766724855
55.5446544409
54.4761694953
53.9212524652
53.8475401521
53.8475401521
53.8121063352
53.8241380364
53.7887042195
53.7424435884
53.656155768
53.6053018242
53.6053018242
53.6053018242
53.4762589335
53.4486901641
53.4486901641
53.4486901641
53.4486901641
53.413256681
52.6453017443
52.3217963323
52.4428568825
52.0365690574
51.4679804206
51.453104125
51.2727806956
51.1476704627
51.2961827114
50.8708522797
50.8708522797
50.6365960121
50.4686141148
49.8645916626
49.7045915708
49.3337382361
48.9783044323
49.0291584715
49.0291584715
49.0291584715
48.9942684025
48.9942684025
48.339391908
48.0542817995
47.7771536916
47.7771536916
47.4566102087
47.2377744153
46.5828978494
46.2498247787
46.2498247787
46.2498247787
45.8306622371
45.8306622371
45.8306622371
44.8257111937
44.5685539722
44.4051650077
44.4091717273
44.338420859
43.6172701597
43.8823669195
43.5355757982
43.29333767
43.1762094378
42.1204003364
41.7008822024
41.7008822024
41.7008822024
41.8180102199
40.8311021775
40.8311021775
40.470093891
40.1950450301
40.1487844527
40.3321868718
40.3321868718
40.0519692063
40.0519692063
39.8436609119
39.8436609119
38.7647215694
38.8155754656
37.4684944123
37.4684944123
37.0019084156
37.0019084156
37.0019084156
36.9716432929
36.7642206848
37.0101924568
37.0101924568
37.0101924568
37.0101924568
37.0101924568
36.6433877379
36.6433877379
35.0417620093
35.0407642424
33.4433880299
33.4433880299
33.4121784747
33.2480115592
33.3645510286
33.3645510286
33.0688734949
33.0688734949
33.1005892187
33.0986616969
33.0986616969
33.1020931512
32.9277543724
32.9277543724
32.9277543724
32.7409206659
33.0941509902
33.0013015449
