1.07354 1.07132 1.07262
1.07497 1.07593 1.07632
1.07309 1.07257 1.07317
1.07237 1.07258 1.07306
1.07652 1.07137 1.07303
1.07142 1.06822 1.06925
1.07182 1.06773 1.06956
1.07816 1.07754 1.0795
1.07336 1.07041 1.0718
1.07463 1.07186 1.07364
1.07604 1.07662 1.07785
1.07307 1.07353 1.07361
1.07408 1.0743 1.07479
1.07342 1.07255 1.07381
1.07473 1.07302 1.07336
1.07327 1.07284 1.07362
1.07667 1.07642 1.07717
1.07415 1.07298 1.07445
1.07426 1.07481 1.07495
1.07368 1.07274 1.07341
1.07252 1.07228 1.07277
1.07393 1.07469 1.07476
1.0729 1.07061 1.07134
1.08408 1.07 1.07074
1.07194 1.07727 1.06987
1.07371 1.07394 1.07453
1.08199 1.07283 1.07378
1.08083 1.07363 1.07402
1.07528 1.0889 1.09032
1.0731 1.09086 1.0871
1.07269 1.08589 1.08843
1.07826 1.07522 1.0754
1.07708 1.07526 1.07301
1.07503 1.07489 1.07319
1.07757 1.07735 1.07777
1.07726 1.07286 1.07376
1.07409 1.07381 1.07391
1.07352 1.07423 1.07476
1.0749 1.07381 1.07407
1.07894 1.07867 1.07443
1.07631 1.09014 1.08686
1.10301 1.09963 1.09573
1.08456 1.10302 1.0998
1.09684 1.09131 1.08116
1.08788 1.10934 1.10243
1.10433 1.11057 1.10513
1.12204 1.11046 1.11098
1.09922 1.11625 1.11642
1.10531 1.12675 1.12253
1.08585 1.09797 1.09811
1.11841 1.10942 1.10707
1.10294 1.12068 1.11923
1.10893 1.10243 1.09829
1.09932 1.11783 1.11458
1.13308 1.12432 1.12129
1.13038 1.14747 1.14438
1.14606 1.15901 1.1568
1.15398 1.16508 1.16164
1.14279 1.1428 1.14275
1.13988 1.15028 1.14972
1.14446 1.15625 1.15499
1.13759 1.13955 1.13895
1.13931 1.15655 1.1526
1.14724 1.15799 1.15583
1.15421 1.15007 1.14672
1.16283 1.16027 1.15785
1.1584 1.1656 1.16292
1.16116 1.16485 1.16317
1.1629 1.17383 1.17233
1.17729 1.17907 1.18083
1.1785 1.17588 1.17421
1.18317 1.18892 1.19095
1.19931 1.20098 1.20404
1.19345 1.1952 1.19749
1.19805 1.19406 1.19273
1.19494 1.19503 1.19994
1.19143 1.19312 1.19741
1.19562 1.19405 1.19761
1.19726 1.19749 1.20037
1.20056 1.20173 1.20276
1.20674 1.20521 1.20854
1.21735 1.21923 1.21854
1.21178 1.21106 1.21303
1.20633 1.20737 1.20976
1.20899 1.20933 1.211
1.20394 1.20365 1.20656
1.20407 1.20355 1.20574
1.20369 1.20318 1.2065
1.20599 1.20591 1.20707
1.20461 1.20341 1.20531
1.20986 1.20918 1.21033
1.20985 1.20835 1.21009
1.20641 1.20576 1.20661
1.20986 1.21029 1.21175
1.21702 1.21477 1.21875
1.21543 1.21614 1.21664
1.22473 1.22473 1.22466
1.2306 1.22672 1.22746
1.22553 1.22474 1.22623
1.23099 1.23107 1.23179
1.23243 1.23183 1.2336
1.2285 1.22853 1.2293
1.23262 1.23204 1.23193
1.23368 1.23131 1.23394
1.23525 1.23479 1.23569
1.23789 1.23379 1.23702
1.24075 1.24078 1.23972
1.23774 1.23635 1.23666
1.24159 1.24093 1.24138
1.24482 1.24381 1.24594
1.24069 1.24039 1.24029
1.23868 1.23984 1.23672
1.23968 1.24097 1.23925
1.23925 1.23971 1.23914
1.24201 1.24304 1.24137
1.24347 1.24355 1.24369
1.24266 1.24078 1.24216
1.24675 1.24562 1.24513
1.25273 1.25314 1.25201
1.26401 1.26328 1.26303
1.2742 1.2715 1.27123
1.28655 1.28277 1.28316
1.28875 1.28829 1.28672
1.29561 1.29479 1.29285
1.30894 1.30719 1.3056
1.31892 1.31569 1.31479
1.3238 1.32294 1.32043
1.32285 1.32104 1.3195
1.33349 1.33239 1.32961
1.34419 1.34058 1.34042
1.34503 1.34513 1.34281
1.35225 1.35177 1.3502
1.35758 1.357 1.35516
1.36428 1.36508 1.36274
1.36978 1.37084 1.36865
1.37726 1.37678 1.37601
1.38432 1.38382 1.38353
1.38797 1.38687 1.38743
1.39291 1.39351 1.39157
1.40146 1.4018 1.39972
1.40859 1.40884 1.40552
1.41486 1.41618 1.41252
1.42175 1.42186 1.41778
1.42286 1.42409 1.42092
1.42802 1.42549 1.42327
1.42999 1.42813 1.42653
1.43451 1.432 1.43019
1.4318 1.43557 1.43129
1.43858 1.43756 1.43669
1.44523 1.44182 1.44203
1.44488 1.44456 1.44231
1.4474 1.44687 1.44434
1.45015 1.45137 1.44767
1.45464 1.45426 1.45003
1.4598 1.46142 1.45681
1.46524 1.46477 1.46225
1.46639 1.4671 1.46573
1.46584 1.46707 1.4635
1.46652 1.46787 1.46593
1.47055 1.4694 1.46804
1.473 1.47286 1.47101
