1.09577 1.09999 1.10094
1.1534 1.15065 1.17153
1.14113 1.13287 1.13473
1.13275 1.14608 1.15191
1.07703 1.07942 1.08228
1.05966 1.07498 1.07799
1.07053 1.08191 1.07593
1.0813 1.08902 1.08427
1.10207 1.10782 1.10338
1.11902 1.12614 1.1207
1.12818 1.12718 1.1286
1.12778 1.13036 1.12948
1.13486 1.13654 1.13147
1.14292 1.14261 1.13871
1.15171 1.15477 1.14782
1.15886 1.15615 1.14983
1.17859 1.16713 1.16272
1.16584 1.16775 1.16637
1.18324 1.16328 1.16463
1.18902 1.18568 1.1876
1.18672 1.18263 1.18305
1.184 1.17447 1.18331
1.17818 1.18041 1.18453
1.18054 1.19112 1.18756
1.1966 1.19525 1.20056
1.20475 1.19897 1.20986
1.20357 1.19693 1.20679
1.20946 1.20055 1.21546
1.2102 1.20535 1.21738
1.20183 1.20413 1.2128
1.22164 1.21945 1.23086
1.22337 1.22088 1.23251
1.2231 1.21696 1.22766
1.24403 1.23135 1.24528
1.26431 1.25056 1.26309
1.24941 1.24417 1.26133
1.26331 1.26216 1.27822
1.26203 1.25961 1.27522
1.26413 1.2557 1.26768
1.27661 1.27238 1.27934
1.28347 1.27388 1.28679
1.27782 1.26461 1.28101
1.29767 1.2728 1.29153
1.32144 1.29129 1.31165
1.29783 1.27362 1.29172
1.30939 1.28938 1.29933
1.33164 1.30932 1.32244
1.31573 1.29514 1.30995
1.3166 1.30856 1.32033
1.32214 1.3189 1.32619
1.31145 1.31484 1.32268
1.3261 1.32831 1.33427
1.33749 1.33688 1.33909
1.35665 1.35992 1.35176
1.35274 1.35103 1.36596
1.34149 1.33729 1.35388
1.3233 1.32736 1.32984
1.34192 1.3252 1.3384
1.34299 1.33939 1.35897
1.32896 1.31937 1.34383
1.335 1.33879 1.35487
1.3346 1.32486 1.33609
1.32531 1.32869 1.32647
1.32976 1.32686 1.34065
1.33915 1.33083 1.33771
1.34087 1.32689 1.33492
1.35225 1.34324 1.34457
1.35324 1.345 1.36836
1.32335 1.32508 1.33842
1.34047 1.34546 1.34663
1.33854 1.34093 1.34916
1.3553 1.34055 1.34683
1.34965 1.34965 1.35474
1.34992 1.34992 1.35471
1.33955 1.35017 1.3549
1.3579 1.3579 1.36345
1.35857 1.35857 1.36361
1.35876 1.35876 1.36406
1.3661 1.3661 1.37164
1.36778 1.36778 1.37338
1.36791 1.36791 1.37332
1.36037 1.36489 1.38135
1.34432 1.34208 1.36049
1.34966 1.34948 1.34067
1.35925 1.35969 1.35017
1.36063 1.35594 1.37443
1.34766 1.34766 1.35293
1.34337 1.34416 1.36073
1.34586 1.35235 1.34552
1.34685 1.34628 1.36261
1.35446 1.35416 1.37345
1.34695 1.34695 1.35426
1.34495 1.35045 1.35257
1.3422 1.34192 1.36215
1.34332 1.34725 1.34673
1.34899 1.34899 1.35524
1.34693 1.34625 1.36556
1.34911 1.34686 1.34915
1.35738 1.35541 1.35042
1.3444 1.35464 1.35962
1.34419 1.344 1.34588
1.34836 1.34836 1.35142
1.35318 1.35318 1.35766
1.35196 1.35196 1.35672
1.35252 1.35252 1.35758
1.34963 1.36041 1.36553
1.34248 1.34248 1.34766
1.35131 1.35305 1.34526
1.35914 1.35715 1.35151
1.3542 1.35507 1.37034
1.35149 1.35149 1.35614
1.34502 1.34415 1.3607
1.35485 1.35637 1.34489
1.35108 1.35006 1.36859
1.35825 1.36113 1.37689
1.37987 1.37987 1.38468
1.38027 1.38027 1.38497
1.37847 1.36672 1.38326
1.38693 1.38693 1.39208
1.39565 1.39565 1.40049
1.40335 1.40335 1.40797
1.41186 1.41186 1.41675
1.41971 1.41971 1.42457
1.42782 1.42782 1.43176
1.43435 1.43435 1.43751
1.43949 1.43949 1.4432
1.44476 1.44476 1.44805
1.45039 1.45039 1.45163
1.45152 1.45152 1.45389
1.45502 1.45502 1.45686
1.45953 1.45953 1.46145
1.46125 1.46125 1.46371
1.46169 1.46169 1.464
1.46344 1.46344 1.46558
1.46531 1.46531 1.46612
1.46765 1.46765 1.46832
1.46868 1.46868 1.46842
