0.00368644 0.00326954 0.00326095
0.00502835 0.00458216 0.00415745
0.00332597 0.00317595 0.00301951
0.00261418 0.00212052 0.0014536
0.00397512 0.00206323 0.00152793
0.002194 0.00236063 0.00152155
0.00338532 0.00240568 0.00143283
0.00276496 0.00312571 0.00258134
0.00313339 0.00260909 0.00191999
0.00328288 0.0020858 0.00170855
0.00278849 0.00310735 0.00272379
0.004122 0.00215187 0.00209128
0.00334738 0.00211514 0.00184875
0.00273689 0.00280962 0.00223934
0.00165956 0.00206709 0.00185236
0.00320894 0.00164119 0.00145773
0.00219641 0.00197707 0.00174855
0.00278097 0.00189435 0.00133146
0.0018327 0.00183965 0.00157942
0.00164716 0.00195401 0.00165307
0.00182337 0.00175911 0.00135908
0.00140866 0.00164397 0.00126588
0.00205071 0.00185103 0.00140177
0.00166206 0.00180034 0.00117704
0.0015495 0.0013964 0.001239
0.00171151 0.00158765 0.0011898
0.0016018 0.00177309 0.00131351
0.00206544 0.00183068 0.0017546
0.00172895 0.00196902 0.00161842
0.00222419 0.00192298 0.00207546
0.00217471 0.00243103 0.00224524
0.00256465 0.00167843 0.00141827
0.00269367 0.00199812 0.00163618
0.00258466 0.00228137 0.0019827
0.00322029 0.0014078 0.001253
0.00311501 0.00171833 0.00145632
0.00243567 0.00232187 0.00187746
0.00399874 0.00183118 0.00123657
0.00247453 0.00217627 0.00183411
0.00278554 0.00172494 0.00145516
0.00166557 0.00166216 0.00141516
0.00397914 0.00169853 0.00131808
0.0020105 0.00310669 0.0021975
0.00195226 0.00207999 0.00103338
0.00313433 0.00279969 0.00233313
0.00252978 0.00277697 0.0025576
0.00231237 0.00167748 0.00120839
0.00243166 0.00220236 0.00192625
0.00280206 0.0024737 0.0022956
0.00197549 0.00170534 0.00159935
0.00268188 0.00202757 0.00198051
0.00303134 0.00217405 0.00212922
0.00185552 0.00178027 0.00148624
0.00221798 0.00184909 0.00165207
0.00239582 0.00214635 0.00195667
0.00188668 0.00190261 0.0015583
0.00108878 0.00202054 0.00157543
0.001843 0.00287084 0.00239899
0.00222514 0.00234817 0.00208115
0.0023054 0.0018232 0.00158287
0.00155538 0.00195686 0.00129522
0.00234882 0.00168748 0.00149514
0.00209618 0.00158491 0.00144284
0.00191902 0.00206288 0.00166481
0.00228104 0.00199873 0.00187503
0.0028798 0.00157604 0.00148847
0.00203544 0.00198516 0.0014215
0.00173021 0.00181849 0.00166628
0.0024563 0.0016271 0.00130192
0.00152613 0.00185121 0.00174275
0.00130885 0.00206043 0.00176443
0.00193529 0.0022293 0.00192214
0.0020904 0.0022597 0.0020226
0.00245598 0.00199029 0.00173431
0.00163132 0.00196079 0.00158669
0.00178291 0.00212822 0.00179769
0.00181756 0.00227719 0.00206605
0.00241324 0.00200695 0.00182496
0.00201701 0.00173264 0.00149626
0.00257697 0.00188665 0.00155091
0.0017742 0.00215092 0.0020054
0.00147045 0.00231005 0.00202658
0.00190575 0.00250771 0.00238738
0.00250181 0.00204234 0.001709
0.00143328 0.00200525 0.00176262
0.00172554 0.00222132 0.00199537
0.00238775 0.00232851 0.00210482
0.0020202 0.00197029 0.00175141
0.0023552 0.00176234 0.00165742
0.00284092 0.00166468 0.00128926
0.00206503 0.00197359 0.00194547
0.00253629 0.00224802 0.00204725
0.00228021 0.00264684 0.00240902
0.00194359 0.00315641 0.00279989
0.00210322 0.00260398 0.00230891
0.00178616 0.00207575 0.00190444
0.00140653 0.00238198 0.00210575
0.00183127 0.00222172 0.0021775
0.00150808 0.00240887 0.00220521
0.00153274 0.00253699 0.00263021
0.00203029 0.00259522 0.00235621
0.00177234 0.00244812 0.00225027
0.00172545 0.00264144 0.002437
0.0020153 0.00237755 0.00223728
0.00204999 0.00254559 0.00226119
0.00155529 0.00277135 0.00244708
0.00218731 0.00247095 0.00230126
0.00170191 0.00268985 0.00232178
0.00167969 0.0030535 0.0027385
0.00195804 0.00252439 0.00221007
0.00182179 0.00258258 0.00231639
0.00169379 0.00308134 0.00274925
0.0021164 0.00262988 0.00234537
0.00173017 0.00266686 0.00209162
0.00157616 0.00303034 0.00241282
0.00171205 0.00325103 0.00249946
0.00194383 0.00289463 0.00235022
0.00190736 0.00169444 0.00208648
0.00131478 0.00288145 0.00232856
0.0015899 0.00300451 0.0022687
0.00188707 0.00214885 0.00254909
0.00184756 0.00368088 0.00277196
0.00205647 0.00328991 0.00317481
0.00193294 0.00337094 0.0032472
0.00227263 0.00354543 0.00331079
0.00180767 0.00308448 0.00306888
0.00175607 0.00259336 0.00230229
0.00192107 0.00245903 0.00253124
0.0017355 0.00334931 0.0030578
0.0026827 0.0034195 0.00409796
0.00239246 0.00421404 0.0039523
0.00197527 0.00360723 0.00345046
0.00244075 0.00388159 0.003505
0.00259977 0.0035875 0.00350317
0.00214801 0.00382783 0.00381266
0.00278985 0.00319882 0.00409454
0.00276329 0.00341782 0.00394275
0.00305678 0.00402056 0.00408757
0.00320123 0.00474145 0.00465782
0.00347501 0.00536834 0.00514973
0.0034835 0.00549821 0.00546861
0.0039595 0.0055992 0.00612567
0.0039568 0.00551783 0.00606314
0.00368937 0.00462372 0.00599209
0.0034202 0.00607922 0.00594449
0.00395223 0.00550825 0.00598382
0.00394388 0.00637505 0.00616634
0.00423283 0.0054664 0.00625298
0.00394459 0.00548116 0.00604645
0.00386337 0.00614238 0.00605966
0.00379391 0.00594918 0.00588213
0.00359445 0.00496149 0.00564618
0.00406363 0.00461898 0.00574494
0.00390104 0.00579541 0.00583985
0.00400848 0.00479803 0.00591496
0.00386998 0.00613339 0.00579406
0.00400867 0.00493931 0.00578195
0.00376719 0.00472982 0.00538585
0.00354536 0.00538339 0.00511532
0.00360506 0.00460895 0.00532669
0.00344961 0.00534436 0.00518464
0.00322983 0.00401652 0.00486438
0.00285907 0.00370622 0.00460061
0.00304298 0.00450356 0.00413424
0.00302713 0.00381512 0.00440235
0.00337829 0.00548725 0.00519419
0.00429751 0.0042994 0.00575456
0.00329851 0.00375756 0.00503067
0.00323664 0.00433941 0.0045548
0.00373422 0.00454501 0.00434029
0.0032212 0.00425702 0.00450689
0.00349336 0.00471711 0.00482341
0.00349088 0.00432801 0.00483375
0.00278624 0.00478179 0.00439938
0.00339305 0.00393197 0.00490062
0.00317552 0.00444941 0.00449041
0.00366767 0.00418801 0.00513968
0.00357753 0.00479123 0.00476471
0.00384185 0.00435803 0.00536755
0.00395472 0.00388366 0.00465498
0.00403296 0.00407069 0.00487627
0.00368106 0.00460234 0.00496207
0.00352656 0.00375742 0.0045336
0.00465628 0.00422933 0.00448535
0.00488463 0.00480783 0.00461868
0.00396815 0.00389646 0.00473031
0.0037702 0.00547696 0.0043613
0.00434433 0.00469969 0.0049801
0.00366539 0.00451578 0.00460742
0.00385951 0.00365993 0.00410247
0.00466311 0.00541044 0.00413628
0.0038335 0.00406538 0.00448808
0.00380573 0.00430457 0.0046096
0.00456534 0.00405249 0.00399798
0.00393979 0.00377239 0.00447902
0.00399668 0.0041017 0.00473795
0.00412332 0.0049396 0.00400669
0.00371953 0.00473837 0.00467367
0.00413474 0.00453167 0.00434525
0.00386879 0.00386879 0.00393058
0.00461435 0.00543572 0.00405904
0.00403839 0.00403839 0.0042129
0.00395838 0.00395838 0.00414555
0.00402857 0.00402857 0.00421306
0.00402688 0.00402688 0.00419693
0.00386644 0.00386644 0.00407392
0.00391937 0.00391937 0.00412987
0.0040454 0.0040454 0.00421764
0.00389752 0.00389752 0.00413749
0.00394312 0.00394312 0.00414168
0.00405876 0.00405876 0.00426209
0.00394895 0.00394895 0.00418265
0.00407217 0.00407217 0.00436698
0.00405036 0.00405036 0.0043487
0.00410425 0.00410425 0.00437265
0.00406328 0.00406328 0.00436736
0.00403398 0.00403398 0.00431462
0.00404432 0.00404432 0.00432723
0.00415523 0.00410147 0.00439308
0.00403463 0.00403463 0.00416127
0.00389163 0.00389163 0.00403145
0.00393383 0.00393383 0.00409409
0.00395869 0.00395869 0.00412856
0.00393242 0.00393242 0.00409469
0.00398263 0.00378834 0.0041687
0.00420056 0.00499642 0.00384956
0.00378529 0.00361537 0.00443574
0.00358466 0.00390278 0.0043344
0.00356583 0.00358544 0.00409558
0.00362414 0.00376723 0.00374397
0.00401254 0.00537225 0.00404629
0.00407528 0.00444333 0.00430412
0.00385091 0.00385091 0.00357609
0.00386058 0.00386058 0.00393978
0.00394325 0.00394325 0.00403329
0.00391883 0.00391883 0.00399754
0.00397713 0.00397713 0.00413044
0.00387255 0.00387255 0.00403158
0.00387895 0.00387895 0.00403236
0.00393573 0.00393573 0.00409904
0.00390109 0.00390109 0.00405316
0.00392191 0.00392191 0.00408059
0.00401847 0.00401847 0.00420041
0.0039658 0.0039658 0.0041437
0.00398252 0.00398252 0.00415923
0.00400554 0.00400554 0.00418162
0.00405767 0.00405767 0.00424221
0.00403405 0.00403405 0.00422463
0.00401421 0.00401421 0.00420727
0.00412639 0.00412639 0.0043059
0.00406949 0.00406949 0.00425329
0.00406376 0.00406376 0.00425202
0.00398585 0.00398585 0.00417772
0.00389686 0.00389686 0.00409035
0.00385625 0.00385625 0.00409281
0.00400451 0.00400451 0.00421885
0.00386025 0.00386025 0.00408545
0.00396833 0.00396833 0.00419462
0.00399118 0.00399118 0.00424584
0.00391639 0.00391639 0.00417595
0.00396327 0.00396327 0.00421847
0.00329961 0.00408625 0.00428115
0.00395904 0.00395904 0.00418498
0.00339764 0.00407222 0.00426857
0.00411724 0.00411724 0.00429569
0.00400949 0.00400949 0.00422613
0.0040299 0.0040299 0.0042516
0.00407781 0.00407781 0.00430604
0.00397711 0.00397711 0.00421601
0.00402363 0.00402363 0.00425743
0.00409058 0.00409058 0.00431637
0.00401812 0.00401812 0.00424753
0.00403597 0.00403597 0.00425462
0.0040158 0.00290672 0.00423821
0.00404996 0.00404996 0.00424876
0.00395248 0.00395248 0.00417061
0.00401983 0.00401983 0.00421811
0.00399819 0.00399819 0.00420906
0.0039078 0.0039078 0.00411818
0.00395232 0.00395232 0.00417061
0.00397245 0.00397245 0.00418736
0.00400133 0.00400133 0.00422836
0.00426255 0.00413955 0.00414457
0.0038932 0.0038932 0.00417345
0.0037356 0.0037356 0.00399894
0.00372669 0.00372669 0.00398749
0.0038346 0.0038346 0.00410838
0.00387495 0.00387495 0.00412823
0.00377841 0.00377841 0.00405085
0.00382641 0.00382641 0.00410715
0.00387434 0.00387434 0.00413817
0.00384627 0.00384627 0.004109
0.00388986 0.00399756 0.00410593
0.00382687 0.00382687 0.00409983
0.0037349 0.0037349 0.0040255
0.0038044 0.00379088 0.00409184
0.00387888 0.00387888 0.0041625
0.00376316 0.00376316 0.00405768
0.00380056 0.00380056 0.00410639
0.0038145 0.0038145 0.00408238
0.00376169 0.00354269 0.00401946
0.00381135 0.00381135 0.00411803
0.00371448 0.00371448 0.00401262
0.00371115 0.00371115 0.00396422
0.00372115 0.00372115 0.00397705
0.00373189 0.00373189 0.00396614
0.00375615 0.00375615 0.00398584
0.00376198 0.00376198 0.00400579
0.00379447 0.00382175 0.00405309
0.00373413 0.00373421 0.00396742
0.0036526 0.0036526 0.00389869
0.00369854 0.00369854 0.00392765
0.00366131 0.00366131 0.00390099
0.00367719 0.00367719 0.00389795
0.00373964 0.00373964 0.00393494
0.00369151 0.00369151 0.00389062
0.00373634 0.00373634 0.00393252
0.00372812 0.00372812 0.00392718
0.00378014 0.00378014 0.00398277
0.00372053 0.00372053 0.00391674
0.00374323 0.00374323 0.00393605
0.00380001 0.00380001 0.00401487
0.00377233 0.00377233 0.00399179
0.00375146 0.00375146 0.00397393
0.00377905 0.00377905 0.00402309
0.00377407 0.00377407 0.00399503
0.00370945 0.00370945 0.00392923
0.00371373 0.00371373 0.00392564
0.00375263 0.00375263 0.0039775
0.00368831 0.00368831 0.00391402
0.00371541 0.00371541 0.00393452
0.00376902 0.00376902 0.00401267
0.00368804 0.00368804 0.00393444
0.00372891 0.00372891 0.00397769
0.00374856 0.00374856 0.00403786
0.00370165 0.00370165 0.00398218
0.00381062 0.00381062 0.00411338
0.00373006 0.00373006 0.00403129
0.00373701 0.00373701 0.0040548
0.00388009 0.00388009 0.00412219
0.00372541 0.00372541 0.00401774
0.00373798 0.00373798 0.00403621
0.00382331 0.00382331 0.0040904
0.00371917 0.00371917 0.00398454
0.00368801 0.00368801 0.00395799
0.00384296 0.00384296 0.00411179
0.00376186 0.00376186 0.00409424
0.003774 0.003774 0.00414173
0.00393025 0.00393025 0.00423906
0.00374825 0.00374825 0.00409465
0.00380735 0.00380735 0.00412589
