89.8172685048
89.7939818756
89.7857084659
89.8081832163
89.8060619966
89.8126724689
89.8038276174
84.4553909955
82.5843143199
82.5811543543
82.5644901386
82.5655053746
82.5754186061
82.6051941297
82.6182394825
82.5898415407
82.5983059555
82.6067609367
82.6022676193
82.595920971
82.5939884827
80.3946132953
78.8034166444
75.5557433471
75.5524648169
75.5466516087
75.541432602
75.5186629835
75.5141945087
75.4964429148
75.5511963857
75.5338904701
75.548900368
75.5475417827
75.5392768066
74.2487516644
73.3759482852
71.5421576859
69.9153729133
69.0672710287
68.8670137463
68.9072327607
68.9129115799
68.8874607709
68.905162465
68.9389431028
68.9177871057
68.9366989113
68.9478769764
68.9453100749
68.9621068782
68.958486359
66.7376121322
64.61058472
64.6043807144
63.1392749726
62.2974325689
62.2964679073
62.2280668687
62.2492572768
62.2657767592
62.2253743044
62.257852351
62.2885096649
62.2396628473
62.2890648045
62.2923364904
60.1718065969
58.3473127374
58.7721671161
57.8269811453
57.5864373846
57.60423385
56.9469318056
55.6774400043
55.9910959399
55.524012532
55.5232473978
55.5834046347
55.5114197132
55.5736308467
55.5991212243
55.6599859157
55.7477346189
55.7389370227
55.7864327
54.6339797291
54.6340762527
53.1857884063
51.3600649807
51.355699755
51.13055621
50.6542694211
50.3145121268
49.7846228377
49.31830716
49.3459976759
49.3161843263
49.2504661669
49.3381044869
49.2879215483
49.3612374529
49.3747174633
49.5180768557
47.3458465069
47.8589192783
46.889095162
46.4055513808
46.5770895115
46.5649433048
46.2007587744
46.3803846476
46.3476136599
45.9625200288
45.8835960005
45.9070317605
45.6669818754
45.2017814157
44.8317853318
44.4431015425
44.1422054391
44.1622736066
43.4241827521
41.5429157846
41.523851141
41.3643845451
41.0116582104
40.8275843208
40.7073564768
39.9664654728
40.4262387042
39.9727172962
39.8975966942
39.2830897625
39.0336524441
38.2109457129
37.5046389849
37.0853232058
36.4410330111
36.0189660474
35.5647815698
35.4440137353
35.2989890798
35.0142061238
34.7360925246
34.2345979243
34.0559604696
33.9448808343
34.0596030748
33.5409466938
33.6012738682
33.1977706591
33.6557095632
33.0524144605
32.7273116953
33.0750528168
32.587525855
32.7535759081
32.2061254675
32.2175776489
32.21830216
32.243536925
32.2787004772
31.8639734499
31.7476684615
31.5628593785
31.4872754871
31.4275710602
31.1279612245
30.1840646486
29.1960377111
29.8485810209
29.7178611947
28.9103768536
28.9015290964
28.9290108131
28.908617128
28.8789261245
28.8981551317
28.860947818
28.8400084577
28.6760472619
28.8999808593
28.9029009835
28.7646218335
28.768803757
28.6652176949
28.79493023
28.7282487407
28.6841899702
28.7557055722
28.7297287608
28.3266763984
28.0636800874
28.0590520609
27.9682198486
28.0806590333
28.0193078264
28.0900412893
27.990233073
28.0035995883
28.1387683769
28.1185094344
28.1150302405
28.0982344356
28.1762908777
28.1866730708
28.1909423405
28.1598861426
28.154511638
28.20256698
28.1112062676
28.148695495
28.3665260123
28.3614782675
28.3762468635
28.4068903303
28.4243924234
28.417970457
28.4284144207
28.4440379645
28.4505894255
28.4530455402
28.0868336493
28.115925697
28.095507606
28.0912074035
28.1470401141
28.1413336974
28.1397167775
27.7740292444
28.1425719276
27.8166023339
27.6109393122
27.6330809053
27.6841528575
27.6782677025
27.6902341841
27.6980439986
27.6746039132
27.4198248837
27.7353213977
27.5440236081
27.561129314
27.5672494682
27.4011921071
27.3467302989
27.3269974954
27.330974647
27.1790782555
27.7205121779
27.5250089251
27.5039043245
27.3224479087
27.34704385
27.35525856
27.2241777121
27.2309896505
27.2357514358
27.2054125843
27.2493589455
27.2192001957
27.2111480023
27.2016561953
26.8707619376
26.8296154291
26.8634968312
26.8586321604
26.7845444029
26.7820349475
26.7857805039
26.7780235174
26.7750965223
26.7543139698
26.393630742
26.1940488242
26.1329617128
26.1264846569
26.1317226775
26.1262987213
26.0661915203
26.0646241734
26.0694590428
26.0539208467
25.9915439934
25.964181974
25.980877646
25.9718962283
25.9116869803
25.9132955451
25.6785431369
25.5432955313
25.4523048652
25.4489432823
25.4201057523
25.4064363748
25.3344718697
24.9375531715
24.9371329966
24.8767135955
24.8814604428
24.8405128041
24.8657839956
24.7940106575
24.8067310697
24.7999487852
24.7707461117
24.7408618419
24.7423667522
24.7567881866
24.606395217
24.6089616395
24.7367220036
24.7376424033
24.8027652002
24.8120795409
24.8418491233
24.6633419108
24.6901706877
24.9120091214
24.935632769
25.0536844824
25.0403801146
25.0408270856
25.0890844683
25.0978792438
24.8918322651
24.9391897169
24.9088991637
24.9189065177
24.7433955685
24.7347056287
24.7412022046
24.5133972551
24.4622616643
24.4766138882
24.4924217022
24.4333345157
24.4341533105
24.4088799091
24.3920372697
24.3624208402
23.9771013352
23.9695245361
23.6912686218
23.5987521096
23.5751155167
23.7066052724
23.4886471377
23.1310608447
23.238763323
