1.08582 1.08608 1.08549
1.08692 1.07716 1.07946
1.07173 1.06524 1.06769
1.06932 1.0639 1.06483
1.07973 1.07114 1.07052
1.07609 1.06895 1.06837
1.08019 1.06429 1.07036
1.09219 1.07876 1.08055
1.07241 1.07467 1.07701
1.07344 1.07221 1.07553
1.08288 1.07949 1.08365
1.08142 1.07765 1.07869
1.07995 1.07951 1.08112
1.08526 1.08201 1.08812
1.07622 1.08003 1.08538
1.07609 1.0783 1.08098
1.08038 1.07324 1.07566
1.06977 1.06409 1.06589
1.06504 1.06407 1.06698
1.05802 1.06214 1.06777
1.06404 1.06183 1.06557
1.06073 1.06048 1.06285
1.05733 1.06221 1.06121
1.07456 1.06727 1.0645
1.05378 1.06486 1.06573
1.05589 1.05504 1.05829
1.0538 1.06872 1.07161
1.07007 1.08423 1.08628
1.08407 1.08562 1.07751
1.10148 1.10111 1.09526
1.09313 1.08323 1.09276
1.07137 1.07816 1.07542
1.07599 1.08145 1.08177
1.07622 1.08562 1.08257
1.07095 1.0817 1.07758
1.07657 1.08486 1.0816
1.07043 1.084 1.083
1.05874 1.07154 1.06965
1.08506 1.0916 1.08843
1.09626 1.10146 1.10045
1.08422 1.09903 1.10142
1.08275 1.10154 1.10195
1.0835 1.10615 1.10241
1.06875 1.08862 1.08495
1.0787 1.09668 1.09375
1.07369 1.0879 1.08603
1.06272 1.07539 1.0706
1.06686 1.08025 1.07599
1.05689 1.06577 1.06367
1.05241 1.05804 1.05479
1.05194 1.06573 1.0607
1.05462 1.07064 1.06296
1.05752 1.063 1.05638
1.05786 1.07087 1.06925
1.05663 1.07491 1.06899
1.06029 1.06314 1.05924
1.05848 1.08203 1.07884
1.07327 1.08123 1.07703
1.05781 1.07814 1.0752
1.06378 1.08662 1.08208
1.06445 1.08443 1.08323
1.05896 1.08034 1.07665
1.07102 1.10801 1.08719
1.06757 1.0843 1.0778
1.07103 1.06426 1.07195
1.06989 1.07339 1.06909
1.07751 1.08138 1.07674
1.06927 1.08565 1.07848
1.0834 1.0976 1.09206
1.08173 1.09745 1.09712
1.06573 1.08394 1.0812
1.09332 1.10771 1.10577
1.09881 1.11923 1.11566
1.09048 1.09748 1.09759
1.09968 1.11712 1.1163
1.14283 1.16221 1.17015
1.10949 1.13004 1.12993
1.10826 1.1278 1.12537
1.09789 1.12431 1.12172
1.06281 1.08691 1.0848
1.07466 1.10448 1.09729
1.08748 1.11363 1.10855
1.05826 1.09767 1.08638
1.08465 1.12122 1.10966
1.09264 1.1348 1.11973
1.06403 1.09996 1.08879
1.08484 1.1214 1.1125
1.09787 1.13672 1.12443
1.06961 1.10951 1.0968
1.09495 1.13317 1.12444
1.1084 1.14113 1.13337
1.08045 1.11377 1.10277
1.09809 1.1294 1.12404
1.10876 1.13473 1.13353
1.07742 1.10147 1.10403
1.07765 1.10802 1.10386
1.08602 1.11126 1.10926
1.05876 1.08023 1.07815
1.06969 1.09244 1.08604
1.06478 1.09929 1.09039
1.07221 1.07623 1.07335
1.07006 1.087 1.08132
1.08795 1.09406 1.08247
1.08081 1.109 1.09948
1.09753 1.12752 1.11544
1.09415 1.12237 1.1175
1.06505 1.08728 1.08567
1.07504 1.09328 1.09246
1.07246 1.09382 1.09757
1.05845 1.07602 1.07026
1.06302 1.09418 1.0858
1.07899 1.09514 1.10198
1.07086 1.07213 1.07826
1.07595 1.09724 1.0944
1.09089 1.11109 1.11054
1.10132 1.12232 1.12094
1.07347 1.09941 1.09399
1.09765 1.12012 1.11371
1.12143 1.15058 1.1473
1.11756 1.14545 1.14238
1.11527 1.13875 1.13767
1.13083 1.16409 1.15637
1.15481 1.1834 1.1821
1.17761 1.19282 1.19402
1.17237 1.19531 1.19747
1.17362 1.20672 1.19819
1.19025 1.2217 1.21633
1.20321 1.23765 1.22383
1.2227 1.25776 1.25001
1.22804 1.25581 1.25541
1.23362 1.27306 1.26681
1.20422 1.23497 1.22817
1.22171 1.24873 1.24286
1.23023 1.25898 1.25136
1.24279 1.27837 1.27261
1.253 1.29203 1.28281
1.27481 1.31569 1.30512
1.30181 1.3386 1.33064
1.31102 1.34364 1.33715
1.32878 1.33266 1.35223
1.3084 1.33841 1.33073
1.31029 1.3378 1.33775
1.32148 1.34998 1.34529
1.32174 1.3339 1.34817
1.31164 1.33869 1.33337
1.31849 1.34065 1.33961
1.32788 1.35246 1.3497
1.34275 1.35014 1.36744
1.35573 1.36382 1.37737
1.32454 1.33015 1.34925
1.30249 1.33888 1.32538
1.3076 1.33507 1.32945
1.32282 1.34108 1.34736
1.31809 1.35763 1.34385
1.32531 1.32855 1.35022
1.33 1.34171 1.35502
1.31739 1.35888 1.34206
1.32397 1.3363 1.348
1.31266 1.3439 1.33784
1.32164 1.34235 1.34471
1.32737 1.35078 1.3465
1.32952 1.33416 1.35134
1.30895 1.34543 1.33211
1.31599 1.35144 1.33783
1.34038 1.35097 1.36355
1.3386 1.34761 1.35106
1.34492 1.34213 1.35546
1.35445 1.3372 1.3403
1.3362 1.33447 1.34538
1.34446 1.34185 1.33463
1.33675 1.35228 1.34632
1.34774 1.34359 1.35729
1.34608 1.34606 1.33842
1.35317 1.34956 1.34099
1.35603 1.35603 1.35799
1.35564 1.35564 1.35786
1.35874 1.35874 1.36113
1.35921 1.35921 1.36145
1.35434 1.36188 1.36402
1.36206 1.36206 1.36404
1.35392 1.36523 1.36746
1.35505 1.36535 1.36747
1.35629 1.35709 1.37058
1.33965 1.34044 1.35357
1.35308 1.3453 1.3358
1.35025 1.34625 1.3382
1.34422 1.33885 1.35583
1.34715 1.34861 1.36017
1.3349 1.36143 1.34363
1.33317 1.36102 1.34552
1.35093 1.36451 1.37284
1.3558 1.35864 1.34357
1.35129 1.35636 1.34597
1.34916 1.35157 1.36684
1.3607 1.36189 1.34776
1.36687 1.34858 1.3504
1.33902 1.36553 1.35117
1.34239 1.34 1.35479
1.34295 1.34623 1.33492
1.33337 1.34025 1.33776
1.33678 1.35783 1.34537
1.35644 1.35399 1.37009
1.35815 1.35875 1.37439
1.35034 1.35034 1.3521
1.35785 1.36463 1.35306
1.35781 1.35636 1.3739
1.36311 1.36605 1.37861
1.36003 1.36003 1.36188
1.36118 1.36118 1.36242
1.36054 1.34972 1.36214
1.36032 1.35671 1.34568
1.36081 1.36145 1.34758
1.35706 1.35749 1.3723
1.36141 1.36698 1.3764
1.36316 1.36316 1.36516
1.36673 1.36673 1.36824
1.36652 1.36652 1.36808
1.36708 1.36708 1.36868
1.36994 1.36994 1.37101
1.37006 1.37006 1.37161
1.37017 1.37017 1.37173
1.37202 1.37202 1.37335
1.37267 1.37267 1.37414
1.37487 1.37487 1.3764
1.37538 1.37538 1.37672
1.37509 1.37509 1.3765
1.37755 1.37755 1.37885
1.37761 1.37761 1.37875
1.38005 1.38005 1.38135
1.37992 1.37992 1.38142
1.38227 1.38227 1.38378
1.38238 1.38238 1.38367
1.38251 1.38251 1.38372
1.38483 1.38483 1.38607
1.38699 1.38699 1.38805
1.38738 1.38738 1.3887
1.37907 1.38939 1.39038
1.37861 1.38969 1.39057
1.37973 1.39 1.39091
1.3782 1.38063 1.39234
1.36582 1.36594 1.37713
1.36999 1.36777 1.37928
1.36302 1.36302 1.3641
1.36497 1.36497 1.36587
1.36527 1.35402 1.36624
1.36566 1.36566 1.36659
1.36766 1.36766 1.36836
1.36797 1.35756 1.36879
1.36954 1.36954 1.37038
1.35691 1.36848 1.36963
1.35977 1.36069 1.37115
1.35524 1.35524 1.357
1.35721 1.35721 1.3587
1.35786 1.35786 1.35937
1.36082 1.36082 1.36213
1.36157 1.36157 1.36322
1.36411 1.35593 1.36598
1.35135 1.35135 1.35262
1.35109 1.35109 1.35197
1.35178 1.35178 1.35284
1.3518 1.3518 1.35266
1.35504 1.35504 1.35613
1.35622 1.35622 1.35735
1.35833 1.35833 1.35984
1.35837 1.35837 1.3599
1.36094 1.36094 1.36217
1.3613 1.3613 1.36246
1.36363 1.36363 1.36483
1.36392 1.36392 1.36517
1.36617 1.36617 1.36711
1.36647 1.36647 1.36746
1.36655 1.36655 1.36751
1.36865 1.36865 1.3696
1.36894 1.36894 1.36989
1.3711 1.3711 1.37203
1.37149 1.37149 1.37275
1.37405 1.37405 1.37502
1.37441 1.37441 1.37556
1.37441 1.37441 1.37567
1.37708 1.37708 1.37814
1.37747 1.37747 1.37853
1.3776 1.3776 1.37888
1.37983 1.37983 1.38102
1.38048 1.38048 1.38135
1.38281 1.38281 1.38291
1.3832 1.3832 1.38358
1.38506 1.38506 1.38642
1.38601 1.38601 1.38706
1.38782 1.38782 1.38882
1.3883 1.3883 1.38951
1.38817 1.38817 1.38922
1.39008 1.39008 1.39105
1.39019 1.39019 1.39108
1.39228 1.39228 1.39322
1.39236 1.39236 1.39326
1.39429 1.39429 1.39514
1.39475 1.39475 1.39553
1.39686 1.39686 1.3977
1.39661 1.39661 1.39715
1.39688 1.39688 1.39729
1.39811 1.39811 1.39854
1.39855 1.39855 1.39897
1.40017 1.40017 1.40053
1.40205 1.40205 1.40246
1.4059 1.4059 1.40654
1.40806 1.40806 1.40855
1.41068 1.41068 1.4112
1.41154 1.41154 1.41212
1.41395 1.41395 1.41456
1.41496 1.41496 1.41549
1.41524 1.41524 1.41592
1.41727 1.41727 1.41812
1.41817 1.41817 1.41889
1.41958 1.41958 1.42095
1.42099 1.42099 1.42154
1.42125 1.42125 1.42197
1.42365 1.42365 1.42442
1.42472 1.42472 1.42524
1.42738 1.42738 1.42764
1.42838 1.42838 1.42868
1.43122 1.43122 1.43191
1.43206 1.43206 1.43309
1.43247 1.43247 1.433
1.43484 1.43484 1.43564
1.43564 1.43564 1.43691
1.43847 1.43847 1.43966
1.43965 1.43965 1.44052
1.44253 1.44253 1.44321
1.4437 1.4437 1.4438
1.44572 1.44572 1.44621
1.44664 1.44664 1.44688
1.44868 1.44868 1.44834
1.44956 1.44956 1.45013
1.45157 1.45157 1.45138
1.45288 1.45288 1.45352
1.45521 1.45521 1.45551
1.45654 1.45654 1.45676
1.4565 1.4565 1.45717
1.458 1.458 1.45915
1.45914 1.45914 1.45982
1.4607 1.4607 1.46161
1.45953 1.45953 1.46042
1.46103 1.46103 1.4623
1.46175 1.46175 1.46342
1.46251 1.46251 1.46376
1.46492 1.46492 1.46575
1.46752 1.46752 1.46877
1.46871 1.46871 1.46968
1.46863 1.46863 1.46975
1.46978 1.46978 1.47107
1.47274 1.47274 1.47407
