0.00820589 0.00802196 0.00784035
0.00781828 0.00772648 0.00756961
0.0073663 0.00755419 0.00736238
0.00811752 0.0080482 0.00789558
0.0085653 0.00874497 0.00902541
0.00725215 0.00738475 0.00746601
0.00539388 0.00552976 0.00541731
0.00513906 0.00515791 0.00504726
0.00462171 0.00457732 0.00473713
0.00480644 0.00465347 0.00467742
0.004771 0.00454756 0.00449364
0.00468935 0.00457801 0.00456767
0.00475246 0.00476228 0.00473507
0.00497027 0.00492158 0.00485479
0.00491774 0.00481456 0.00477355
0.00507726 0.00487013 0.00497259
0.00524683 0.00507912 0.00501809
0.00578935 0.00544448 0.00547241
0.00613252 0.00615469 0.00613167
0.00622317 0.00628758 0.00625159
0.00668076 0.00649926 0.00649817
0.00764505 0.00767259 0.00765784
0.00829174 0.00824124 0.00820435
0.00891246 0.00886495 0.00882798
0.00866942 0.00874104 0.00868703
0.00873609 0.0087141 0.00873902
0.00877708 0.00868534 0.00872978
0.00867799 0.00868573 0.00867045
0.00827621 0.00828032 0.00829477
0.00838683 0.00837729 0.00833184
0.00905493 0.00886124 0.00897366
0.0090739 0.00904346 0.00899624
0.00884148 0.00894053 0.00882939
0.00911831 0.0088134 0.0089694
0.00876435 0.00871274 0.00877055
0.00891204 0.00895407 0.00890446
0.00869211 0.00873833 0.00870992
0.00880328 0.00895469 0.00894991
0.0088765 0.00893202 0.00885295
0.00883446 0.00877409 0.00875575
0.00983274 0.0100216 0.00999693
0.00990341 0.009972 0.00978829
0.0110363 0.0110391 0.011008
0.0108629 0.0107901 0.010835
0.0107312 0.0110193 0.0108558
0.0107542 0.0107133 0.0107015
0.0108154 0.010923 0.0108653
0.0106735 0.01064 0.010491
0.0111674 0.0108742 0.0108716
0.0105082 0.0104572 0.0104044
0.0106982 0.0107079 0.010686
0.0105332 0.0105712 0.0105357
0.0104764 0.0105144 0.010491
0.0103834 0.0105592 0.0104499
0.0103802 0.0102667 0.0103786
0.0104748 0.0104014 0.0103126
0.0104729 0.0105092 0.010287
0.0105153 0.0105174 0.0105218
0.0102237 0.0101968 0.0102948
0.0104023 0.010466 0.0103601
0.0100435 0.0102107 0.0101751
0.0100087 0.0100328 0.00996516
0.0098987 0.00991121 0.00983687
0.00982079 0.00975815 0.00976676
0.00980783 0.00983246 0.00973479
0.00990906 0.00991952 0.00987842
0.00979835 0.0099452 0.00973182
0.00958366 0.00980457 0.00979259
0.00973329 0.00983793 0.00975997
0.00969841 0.00984567 0.00964174
0.00939605 0.00952901 0.00939515
0.00975953 0.00977307 0.0094895
0.00959211 0.00942459 0.00936919
0.00938971 0.00952713 0.00935262
0.00935205 0.00943746 0.00928048
0.00936578 0.00939399 0.00935458
0.00900508 0.00926155 0.0089903
0.0090814 0.0091055 0.00909168
0.009076 0.00903093 0.00897416
0.00922429 0.00917371 0.00919941
0.00922574 0.00937027 0.00918183
0.00895046 0.00921461 0.008937
0.00876395 0.00876425 0.00872172
0.00904173 0.0091642 0.00902367
0.00907578 0.00904876 0.00889775
0.00875452 0.00857096 0.00871407
0.00879803 0.00891602 0.00882959
0.00883997 0.00907942 0.00886476
0.00865945 0.00886197 0.00861091
0.00865209 0.00863269 0.00858328
0.00861263 0.00874809 0.00868239
0.00872406 0.00877391 0.00871469
0.0086821 0.00881195 0.00834856
0.00858286 0.00837816 0.00836786
0.00833123 0.0084369 0.00845037
0.0083301 0.00788511 0.0083172
0.00802757 0.00790728 0.00827826
0.00762288 0.00780151 0.00803578
0.00772426 0.007765 0.00782554
0.00752297 0.00746348 0.00760177
0.00731097 0.00719314 0.00756973
0.00734352 0.00712934 0.00743527
0.0072511 0.00716446 0.0076597
0.00594024 0.00619243 0.00632138
0.00630504 0.00646486 0.00633782
0.00663026 0.00641785 0.0066794
0.00645763 0.00639374 0.0064274
0.00623116 0.00605782 0.00641046
0.00645177 0.00644664 0.00622182
0.00698057 0.00687643 0.00642097
0.0068518 0.00653372 0.00654307
0.006346 0.00658411 0.00655049
0.00652501 0.00639633 0.00645468
0.00581947 0.00586924 0.00604692
0.00660611 0.00617059 0.00643378
0.00642 0.00635641 0.00619991
0.00590156 0.00572586 0.00594661
0.00703013 0.00680583 0.00643436
0.00653285 0.00610646 0.0060798
0.00606912 0.00629649 0.00599084
0.0060901 0.00612008 0.00547174
0.00596356 0.00664293 0.00634491
0.00544726 0.00592899 0.00590992
0.0054864 0.00547806 0.00589984
0.00603889 0.00611697 0.00578441
0.00632399 0.00622827 0.00573421
0.00553798 0.00550527 0.00638715
0.00616215 0.00581928 0.00562557
0.00635781 0.00583061 0.00540869
0.00576607 0.00591454 0.00555759
0.00537242 0.00527451 0.00543551
0.00558795 0.00561041 0.005271
0.00555247 0.00551063 0.00544475
0.00528151 0.00535255 0.00502403
0.00541445 0.00522833 0.00488334
0.00521742 0.0056689 0.00540502
0.0055231 0.00559929 0.00542504
0.00535275 0.00529591 0.00524524
0.00525985 0.00519886 0.00474613
0.00525513 0.00523309 0.0054367
0.00586027 0.00527894 0.00490345
0.00536565 0.00541359 0.00519058
0.00533127 0.00503464 0.00518158
0.00552816 0.00509397 0.00496686
0.00531776 0.00507869 0.00463417
0.00523659 0.00510926 0.00480735
0.00518343 0.00477616 0.00497981
0.00529552 0.00516473 0.00481724
0.00523013 0.0054166 0.00504309
0.0049479 0.00499789 0.00490127
0.00512572 0.00522082 0.00536789
0.00545334 0.0056878 0.00482121
0.00477833 0.00476532 0.00458287
0.0047407 0.00538802 0.00469893
0.00556746 0.005582 0.00515965
0.00502568 0.00526055 0.00439923
0.00504143 0.00535465 0.00491131
0.00475324 0.00497305 0.00482681
0.00464422 0.00477526 0.00459736
0.00532948 0.00507066 0.00474234
0.00501879 0.00513537 0.0046968
0.00453547 0.00503214 0.00516625
0.00463444 0.00460219 0.00435644
0.00518516 0.00513033 0.00451249
0.0045118 0.00466439 0.00428546
0.00455806 0.00462728 0.0048508
0.00480953 0.00466633 0.00486546
0.00451037 0.00383199 0.0037458
0.00376896 0.00376896 0.00398543
0.00382646 0.00387204 0.00381381
0.00360788 0.00395158 0.00402509
0.00411147 0.00395153 0.00355473
0.00408556 0.00385883 0.00319476
0.00398556 0.00401241 0.00386846
0.00376908 0.00382643 0.00369533
0.00391488 0.00391488 0.00357271
0.00337134 0.00376624 0.00340301
0.00328999 0.00328999 0.0033725
0.00372245 0.00354782 0.00358854
0.00335721 0.00376992 0.00346862
0.00387657 0.00395236 0.00375843
0.00338543 0.00338543 0.00356834
0.00367452 0.00367452 0.00343232
0.0042065 0.0042065 0.0033989
0.00320756 0.00334209 0.00372304
0.00321078 0.00317242 0.00290548
0.00317992 0.00317992 0.00273541
0.00360788 0.00357999 0.00339184
0.00280888 0.00280888 0.00255306
0.0032339 0.00328159 0.0030416
0.00369339 0.00311846 0.00293001
0.00303684 0.00315629 0.00285603
0.00354785 0.00343875 0.00273227
0.00330877 0.00333202 0.00298907
0.00342062 0.00342062 0.00297693
0.00306682 0.00306682 0.00289312
0.00348525 0.00336542 0.00319702
0.00308026 0.00257456 0.00240341
0.00228149 0.00268552 0.00240954
0.00226043 0.00262187 0.00260422
0.00206422 0.00206422 0.0024183
0.00250347 0.00250347 0.00274718
0.00246962 0.00329865 0.00299345
0.00227574 0.00223672 0.00243018
0.00283685 0.00276741 0.00235445
0.00268687 0.00268687 0.00237066
0.00293806 0.00293806 0.00292309
0.00332546 0.0034525 0.00254718
0.00207411 0.00207411 0.00255078
0.0037965 0.00334932 0.00281787
0.00346743 0.00326831 0.00285706
0.00287074 0.00298535 0.00297588
0.00263711 0.00263711 0.00294324
0.00230151 0.00230151 0.00276034
0.00257056 0.00257056 0.00257813
0.00303427 0.00312549 0.0031081
0.00213731 0.00213731 0.00225663
0.00268638 0.00268638 0.00288658
0.00189268 0.00189268 0.00257309
0.00277805 0.00277805 0.00290812
0.00236212 0.00236212 0.00255225
0.00227289 0.00227289 0.00228895
0.00293126 0.00290428 0.00296941
0.00280841 0.00272936 0.00229479
0.00230681 0.00230681 0.00271284
0.00262178 0.00262178 0.00264946
0.00246772 0.00246772 0.00238189
0.00254912 0.00254912 0.00228295
0.00221334 0.00221334 0.00231762
0.00251678 0.00251678 0.00251617
0.00232549 0.00227367 0.00256722
0.00230378 0.00230378 0.00238986
0.00274962 0.00296747 0.00257941
0.00248318 0.00248318 0.00227412
0.00255857 0.00255857 0.00252707
0.00303592 0.00303592 0.00303037
0.00250076 0.00250076 0.0025893
0.0024418 0.0024418 0.00280193
0.00211732 0.00211732 0.0025557
0.00230857 0.00219181 0.00208108
0.00272919 0.00227102 0.0018565
0.00197961 0.00197961 0.00233891
0.00221747 0.00221747 0.00218654
0.00262143 0.00245753 0.00237092
0.00240655 0.0021939 0.00211969
0.00245089 0.00299619 0.0026225
0.00284042 0.00284042 0.00269142
0.00236079 0.00236079 0.00266031
0.00254293 0.00254293 0.00260731
0.00199444 0.00199444 0.00198357
0.0020994 0.0020994 0.00207882
0.00222447 0.00222447 0.00247468
0.00209456 0.00209456 0.00243529
0.00223025 0.00223025 0.00241891
0.00221894 0.00221894 0.00218122
0.00207425 0.00207425 0.00234628
0.00204206 0.00204206 0.00193542
0.00206891 0.00206891 0.00215051
0.00224877 0.00224877 0.00212656
0.00240436 0.00240436 0.00252776
0.00197557 0.00197557 0.00202239
0.00198638 0.00217001 0.00199928
0.0020091 0.00190014 0.00202422
0.00224139 0.00250933 0.00199853
0.00223622 0.00215257 0.00227325
0.00218419 0.00218419 0.00200091
0.0025007 0.00240997 0.00202115
0.00234169 0.00234169 0.00191287
0.00176153 0.00176153 0.00180974
0.00204555 0.00204555 0.00204977
0.00237617 0.00237617 0.00231267
0.00172118 0.00172118 0.00207903
0.00174834 0.00174834 0.00225343
0.00204447 0.00204447 0.00218555
0.00186228 0.00186228 0.00217919
0.00201937 0.00219256 0.00215578
0.00269342 0.00249558 0.00178721
0.00226245 0.00232834 0.00204631
0.00216147 0.00216147 0.00219128
0.00191456 0.00224036 0.00205894
0.00215357 0.00215357 0.00206364
0.00215809 0.00215809 0.00195101
0.00185882 0.00185882 0.00182941
0.00219646 0.00219646 0.00190053
0.00207986 0.00234584 0.00213685
0.00181871 0.00181871 0.00208173
0.00215525 0.00215525 0.00235754
0.00228409 0.00228409 0.00193645
0.00233133 0.00233133 0.00203949
0.0023894 0.0023894 0.00263498
0.00199004 0.00199004 0.00193659
0.00201689 0.00241585 0.00207457
0.00220017 0.00220017 0.00177566
0.00191896 0.00191896 0.00175203
0.00208439 0.00208439 0.00204115
0.00230902 0.00230902 0.00198291
0.00204919 0.00204919 0.00184774
0.00182279 0.00222566 0.00191953
0.00219694 0.00219694 0.00197295
0.00212271 0.00221186 0.00205949
0.00232985 0.00232082 0.00159649
0.00250434 0.00224537 0.00194733
0.0022659 0.00194697 0.00203635
0.00211206 0.00211206 0.00189847
0.00223094 0.00223094 0.00263545
0.00234136 0.00234136 0.00197269
0.00206827 0.00206827 0.00218354
0.00251931 0.00251931 0.0022568
0.00176192 0.00176192 0.00197529
0.00165558 0.00214171 0.00188593
0.00245705 0.00264389 0.00203432
0.00179004 0.00179004 0.00170422
0.00186166 0.00186166 0.0019102
0.0019322 0.0019322 0.00192196
0.00204503 0.00204503 0.00190955
0.00198426 0.00198426 0.00184407
0.00207119 0.00212452 0.00195417
0.00236499 0.00214946 0.00189378
0.00191604 0.00191604 0.00170262
0.00152419 0.00152419 0.00161899
0.00182963 0.00182963 0.00185636
0.00205413 0.00191581 0.00182619
0.00196046 0.00196046 0.00194118
0.00193941 0.00193941 0.00200946
0.00199162 0.00199162 0.00191487
0.00212917 0.00212917 0.00197355
0.00214477 0.0019705 0.00185933
0.00186293 0.00187723 0.00188075
0.00190491 0.00229752 0.00194034
0.00193851 0.00161603 0.00195027
0.00170787 0.00170787 0.00220067
0.00180053 0.00216351 0.0017361
0.00199326 0.00199326 0.00197846
0.00199492 0.00199492 0.00211939
0.00222009 0.00204836 0.00205783
0.00177096 0.00177096 0.00190579
0.00205895 0.00186372 0.00209562
0.00221962 0.00221962 0.00208596
0.00185332 0.00220275 0.00168036
0.00184808 0.00214465 0.00194376
0.00190886 0.00161955 0.00135629
0.00238478 0.00211141 0.00147689
0.00212027 0.00212027 0.00181997
0.0017603 0.00209534 0.00191328
0.00206319 0.00206319 0.00184578
0.00232684 0.00223944 0.00224212
0.00219048 0.00232869 0.00246488
0.00188132 0.00188132 0.00194807
0.00210365 0.00210365 0.00194193
0.00188119 0.00188119 0.00189342
0.00200838 0.00200838 0.00178015
0.00196526 0.00196526 0.00194244
0.00208175 0.00227616 0.00204832
0.00169536 0.00169536 0.00166788
0.00198847 0.00198847 0.00196764
0.0017992 0.0017992 0.00184524
0.00172286 0.00172286 0.00171421
0.00189544 0.00189544 0.00217351
0.00179354 0.00197509 0.00197619
0.0020251 0.0020251 0.00183273
0.00204033 0.00236968 0.00198279
0.002188 0.00221826 0.00187478
0.00174564 0.00174564 0.00194486
0.00184679 0.00201103 0.00187226
0.00218956 0.00211752 0.00220185
0.00188477 0.00188477 0.00211886
0.00250512 0.00250512 0.00201009
0.00191589 0.00191589 0.00194027
0.00211468 0.00211468 0.00205854
0.00210563 0.00210563 0.00213195
0.00219555 0.00230726 0.00221082
0.00191518 0.00191518 0.00227395
0.0019556 0.00190083 0.00192431
0.00160726 0.00160726 0.00176257
0.00169658 0.00169658 0.00172549
0.00183895 0.00174546 0.00175143
0.00219569 0.00208292 0.00189632
0.00191752 0.0020775 0.00186401
0.0021356 0.00205389 0.00164456
0.00170889 0.00177834 0.00193617
0.00185988 0.00173441 0.00208324
0.00202975 0.00202975 0.00213656
0.00197911 0.00197911 0.00179405
0.00196251 0.00196251 0.00190742
0.00202418 0.00202418 0.00203854
0.0016884 0.0016884 0.00179606
0.00261917 0.00170344 0.00198164
0.00206855 0.00206855 0.00190575
0.00187485 0.00196494 0.00177673
0.00167746 0.00196528 0.00172649
0.00173856 0.00173856 0.00170847
0.00170439 0.00170439 0.00172746
0.00176574 0.00168235 0.00207761
0.00205471 0.00205471 0.00212335
0.00178175 0.00178175 0.00201562
0.00169711 0.00188476 0.00170313
0.00198811 0.00189977 0.00177295
0.00174146 0.00161176 0.00163153
0.00177318 0.00156146 0.00155435
0.00175908 0.00172233 0.00181985
0.00197072 0.001623 0.00193626
0.00165039 0.00176396 0.00177651
0.00169982 0.00169982 0.00195865
0.00195672 0.00195672 0.00203237
0.00176304 0.00176304 0.00178343
0.00151895 0.00151895 0.00167036
0.00179366 0.00179366 0.00155859
0.00176785 0.00176785 0.00184757
0.00197526 0.002027 0.00202019
0.00174499 0.00174499 0.00175215
0.00179878 0.00281391 0.00167227
0.00183449 0.00183449 0.00181843
0.00180612 0.00180612 0.00188296
0.00186068 0.00186068 0.00185367
0.00206887 0.0019563 0.00189932
0.00150909 0.0018363 0.00162553
0.00200459 0.00182832 0.00177091
0.00190922 0.00155131 0.00167041
0.00189361 0.00189361 0.0018763
0.00174982 0.00174982 0.00168435
0.00170425 0.00170425 0.00175456
0.0016728 0.0016728 0.00171209
0.00155745 0.00155745 0.00166197
0.00155973 0.00155973 0.00144333
0.00163562 0.00163562 0.00172727
0.0014559 0.0014559 0.00186844
0.0018486 0.0018486 0.001731
0.00148146 0.00148146 0.00161357
0.00212894 0.00197527 0.00167707
0.00180727 0.00207856 0.00170012
0.00193048 0.00179828 0.0020126
0.00179166 0.00179166 0.00184197
0.00188664 0.00188664 0.00181438
0.00174066 0.00174066 0.00177872
0.00168262 0.00168262 0.00187469
0.00168799 0.00168799 0.00205279
0.00176485 0.00176485 0.00187226
0.00202165 0.00202165 0.00188557
0.00177177 0.00177177 0.00190923
0.00168409 0.00168409 0.0016974
0.00174795 0.00174795 0.00162526
0.00173884 0.00173884 0.00175706
0.00157346 0.00157346 0.00152574
0.00180324 0.00180324 0.00165446
0.00176924 0.00176924 0.00185948
0.00151353 0.00151353 0.00173223
0.00167192 0.00167192 0.00160868
0.00182262 0.00182262 0.00167867
0.00166014 0.00166014 0.00171194
0.0015562 0.0015562 0.00159116
0.00150462 0.00150462 0.00149997
0.00172004 0.00172004 0.00152986
0.00160001 0.00160001 0.00152433
0.00152284 0.00152284 0.00160277
0.00153318 0.00153318 0.00168942
0.00164282 0.00164282 0.00156119
0.00163106 0.00163106 0.00164258
0.00138623 0.00138623 0.00140634
0.00136669 0.00136669 0.00145657
0.00134152 0.00134152 0.00128324
0.00128011 0.00128011 0.00145799
0.00144303 0.00144303 0.00127904
0.00143598 0.00143598 0.0015092
0.00145597 0.00145597 0.0015745
0.00152729 0.00152729 0.00148805
0.0014722 0.0014722 0.0013985
0.00137282 0.00137282 0.00143632
0.00150241 0.00150241 0.00150613
0.00156372 0.00156372 0.00162125
0.00156003 0.00156003 0.00145196
0.00162375 0.00162375 0.00135611
0.00131708 0.00131708 0.00144724
0.00144577 0.00144577 0.00142177
0.00164698 0.00164698 0.00162675
0.00157875 0.00157875 0.00173453
0.00136842 0.00136842 0.00147531
0.0014139 0.0014139 0.00147985
0.00121737 0.00121737 0.00124803
0.00140893 0.00140893 0.00124715
0.00141565 0.00141565 0.00160176
0.0012283 0.0012283 0.00123091
0.00148871 0.00148871 0.00142628
0.0011717 0.0011717 0.00140334
0.00136304 0.00136304 0.00144271
0.00132299 0.00132299 0.0013764
0.00146155 0.00146155 0.00178417
