89.8161299926
89.7963696256
89.8032915409
89.8237159401
89.8128309031
89.8014320704
89.805837804
86.3371200444
84.5829371995
85.4195189687
83.9361640145
82.5431914974
82.5388447928
82.5541120275
82.5582411077
82.5257305172
82.5756326137
82.5807018038
82.5406962815
82.6382983058
82.6729366311
82.5357035876
80.9216283356
80.6817175473
80.7326059701
80.7627447363
80.5419829749
79.8967683402
75.4988765194
75.5564735037
75.5208746322
75.5592180498
75.5587946551
75.5395810786
75.5077432709
75.5203106703
75.5690234165
75.6106025906
75.6116773096
75.5620959035
75.5958510642
74.6621428011
75.5736157381
73.0825433213
70.135993819
68.8937759811
68.8631894055
68.85902503
68.9082734291
68.914490251
68.9246875526
68.9236240534
68.9267586163
68.9281887303
68.9349876257
68.9027050757
68.926448323
68.9190983172
68.9529765084
68.354741654
66.3959595736
64.7916162976
64.3091889985
64.3214650196
63.8859170966
62.7440010167
63.2824695476
62.2864155803
62.2690009429
62.2729571015
62.2603559896
62.2462467776
62.2724858717
62.2818866057
62.2847145728
62.2388752286
60.4476779987
59.7859304139
60.03322561
58.7769572551
58.2656487069
58.516996942
57.8011663146
57.3473246276
57.1396831783
55.670809216
55.5921557634
55.7503967093
55.666983495
55.6472164278
55.6797878677
55.656228939
55.7342206369
55.7412273742
55.8096160595
55.834969369
55.8411144711
55.8500799588
53.3259647941
54.0935217704
52.7800940751
50.980564515
50.9828526568
49.579517207
49.528246813
49.5689979768
49.461681808
49.4254627861
49.4859108251
49.4371616604
49.4010656832
49.4487238424
49.4805817409
49.5366703456
49.6198132352
49.6206268084
49.6204375489
49.6077347119
47.7233607504
46.8738223135
46.0574374095
44.4781653547
44.3875959007
44.2595188352
44.1879756892
44.1919699692
44.2600081992
44.3902135392
44.4776232293
43.4079788086
44.0220333774
43.3120942305
42.40190589
41.3521839003
41.2101738908
40.6226036881
40.629920611
39.6734807103
39.0887055921
38.7418282278
38.7745048027
38.8605843058
38.4092034781
38.9522676368
38.4523628361
38.447665704
38.0123540666
37.6886777742
38.5603108672
37.4183827042
37.1469152311
37.1683769958
36.2782936135
36.2968202131
35.7704387741
35.5170877314
34.8578466255
34.1612267767
33.5664702156
33.6290928471
33.7373469832
33.7047202656
33.2623669882
32.9951495769
33.0293080107
33.0729443676
32.6887625301
32.8075972498
33.026407189
32.2700639924
32.4263780898
32.2456600712
32.2428161563
32.1560136294
31.7317954526
31.4208243024
31.4746824808
31.2978783817
30.2412615324
29.3259561798
29.1512308523
29.2977357572
28.8594636855
28.8213664933
28.7585460768
28.7936663479
28.7489610908
28.7474212048
28.7331469241
28.7146212367
28.7153423715
28.7153180173
28.707980231
28.7060884799
28.7075842763
28.6750342402
28.4062715342
28.4008123464
28.3979883268
28.3997860415
28.3930656735
28.3898471721
28.3921060201
28.3762109981
28.0531768965
28.0209702275
27.9989360488
27.9923018603
28.0471132763
28.1082443415
28.0898751178
28.1285763815
28.2405687482
28.187405238
27.8736552186
28.2012834124
28.1693559332
28.1254371576
27.8734815798
28.2086012326
27.8733866932
27.8679721599
27.9094165388
27.9130234155
27.9166818799
27.7980714233
27.8168726025
27.8910763734
27.6725680838
27.9197560904
27.611437991
27.6266080161
27.3625004799
27.3608797576
27.4139993255
27.4227446296
27.4427352874
27.4329419786
27.1270001417
27.1551237855
27.1448780557
27.147306056
27.1655180008
27.1697715511
27.1758901729
27.1771686035
27.1493453783
27.1509250308
27.1666928593
26.8904882614
26.8975522942
26.9054863978
26.9043615627
26.9077617485
26.8398345685
26.8385152826
26.8446524918
26.847706221
26.852851617
26.831217167
26.8289208999
26.8381818543
26.8133547674
26.7973258611
26.7887332665
26.79659763
26.7817451486
26.7558068845
26.7697487876
26.6519845851
26.6420123106
26.6411584098
26.5850272728
26.5411061223
26.5143772502
26.500186468
26.5009341791
26.4999018196
26.3491652179
26.3390445049
26.3184284028
26.2819279259
26.2661145386
26.2222756012
26.2163595012
26.2205885919
25.7741986005
25.5626844881
25.5605262065
25.4485852548
25.3933567499
25.4317737554
25.4396467315
25.3878455704
25.5307567937
25.0842516746
24.8757607105
24.9004111156
24.8797987167
24.8520881024
24.8306294028
24.7746908436
24.7963826182
24.7482305547
24.6325621406
24.6176128638
24.6273079432
24.6035448417
24.6711174792
24.6864848556
24.7064096209
24.8875183633
24.8788964081
24.8998113959
24.9014394481
24.8806337614
24.881410928
24.9705178212
24.9871150296
25.1217710486
25.1708736523
25.1952324968
25.3937093525
25.411778491
25.4224964375
25.4348560186
25.4089506014
25.4666454024
25.0022643194
25.0288073702
25.1604399746
25.0831783833
25.0581125788
25.0378731733
24.8489287842
24.8240564091
24.8639588386
24.8689835968
24.8989111214
24.1410221584
24.034534987
24.0423638219
24.046831426
24.0553560194
23.9768154812
23.9842523225
23.829375423
23.8073274844
23.8024561648
23.8028936782
23.8339290766
