-0.0551803084295 -nan -nan
-0.0551803084295 0.0197603670705 -nan
-0.0551803084295 0.0197603670705 -0.00692191533786
-0.0378023538118 0.0197603670705 -0.00692191533786
-0.0378023538118 0.0153227020226 -0.00692191533786
-0.0378023538118 0.0153227020226 0.00223845871422
-0.0266701470939 0.0153227020226 0.00223845871422
-0.0266701470939 1.1664543879 0.00223845871422
-0.0266701470939 1.1664543879 0.586219920769
-0.229148052634 1.1664543879 0.586219920769
-0.229148052634 1.24567952949 0.586219920769
-0.229148052634 1.24567952949 0.78790806984
-0.182449101194 1.24567952949 0.78790806984
-0.182449101194 0.993490176663 0.78790806984
-0.182449101194 0.993490176663 0.629500639837
-0.146622485908 0.993490176663 0.629500639837
-0.146622485908 0.819591464467 0.629500639837
-0.146622485908 0.819591464467 0.523739001512
-0.119961341882 0.819591464467 0.523739001512
-0.119961341882 0.688563823212 0.523739001512
-0.119961341882 0.688563823212 0.443970811969
-0.0878120437096 0.688563823212 0.443970811969
-0.0878120437096 0.804252751819 0.443970811969
-0.0878120437096 0.804252751819 0.418463309
-0.0837094191632 0.804252751819 0.418463309
-0.0837094191632 0.711542583151 0.418463309
-0.0837094191632 0.711542583151 0.396496470379
-0.0108170137719 0.711542583151 0.396496470379
-0.0108170137719 1.08017750691 0.396496470379
-0.0108170137719 1.08017750691 0.351087124913
-0.0065973878368 1.08017750691 0.351087124913
-0.0065973878368 0.978493786501 0.351087124913
-0.0065973878368 0.978493786501 0.319208603986
-0.00444647414409 0.978493786501 0.319208603986
-0.00444647414409 0.899605788262 0.319208603986
-0.00444647414409 0.899605788262 0.291560603704
-0.00785157199166 0.899605788262 0.291560603704
-0.00785157199166 0.827206945004 0.291560603704
-0.00785157199166 0.827206945004 0.269050194264
-0.00374921641334 0.827206945004 0.269050194264
-0.00374921641334 0.765709651737 0.269050194264
-0.00374921641334 0.765709651737 0.316525770612
-0.0642641311213 0.765709651737 0.316525770612
-0.0642641311213 0.880733836074 0.316525770612
-0.0642641311213 0.880733836074 0.491860686063
0.0173909919384 0.880733836074 0.491860686063
0.0173909919384 0.827599632298 0.491860686063
0.0173909919384 0.827599632298 0.461379666652
0.0134710277613 0.827599632298 0.461379666652
0.0134710277613 0.778551605577 0.461379666652
0.0134710277613 0.778551605577 0.433639844993
0.012781720617 0.778551605577 0.433639844993
0.012781720617 0.735124596218 0.433639844993
0.012781720617 0.735124596218 0.409469291717
0.0117511618794 0.735124596218 0.409469291717
0.0117511618794 0.698132909573 0.409469291717
0.0117511618794 0.698132909573 0.386668631769
0.0115311040728 0.698132909573 0.386668631769
0.0115311040728 0.661532354535 0.386668631769
0.0115311040728 0.661532354535 0.397246942905
0.104257341037 0.661532354535 0.397246942905
0.104257341037 0.706428112701 0.397246942905
0.104257341037 0.706428112701 0.401303150344
0.0989603700294 0.706428112701 0.401303150344
0.0989603700294 0.694115376809 0.401303150344
0.0989603700294 0.694115376809 0.434967374412
0.0712460699901 0.694115376809 0.434967374412
0.0712460699901 0.707243141612 0.434967374412
0.0712460699901 0.707243141612 0.416812907587
0.0681126437958 0.707243141612 0.416812907587
0.0681126437958 0.678299723711 0.416812907587
0.0681126437958 0.678299723711 0.400033586935
0.0643385742817 0.678299723711 0.400033586935
0.0643385742817 0.650791705401 0.400033586935
0.0643385742817 0.650791705401 0.383919124772
0.0636270654345 0.650791705401 0.383919124772
0.0636270654345 0.694653456341 0.383919124772
0.0636270654345 0.694653456341 0.394604834773
0.0521114261191 0.694653456341 0.394604834773
0.0521114261191 0.715454008142 0.394604834773
0.0521114261191 0.715454008142 0.398927194529
0.0412735810767 0.715454008142 0.398927194529
0.0412735810767 0.715467458826 0.398927194529
0.0412735810767 0.715467458826 0.400888426406
0.0470104041173 0.715467458826 0.400888426406
0.0470104041173 0.741446993428 0.400888426406
0.0470104041173 0.741446993428 0.389776875587
0.0401686924486 0.741446993428 0.389776875587
0.0401686924486 0.719512534126 0.389776875587
0.0401686924486 0.719512534126 0.377443215307
0.0378222365647 0.719512534126 0.377443215307
0.0378222365647 0.697062417823 0.377443215307
0.0378222365647 0.697062417823 0.362751766494
0.0364213311306 0.697062417823 0.362751766494
0.0364213311306 0.67314207085 0.362751766494
0.0364213311306 0.67314207085 0.350623482869
0.0351314392144 0.67314207085 0.350623482869
0.0351314392144 0.652472144834 0.350623482869
0.0351314392144 0.652472144834 0.416486867168
0.0115229564049 0.652472144834 0.416486867168
0.0115229564049 0.671912013965 0.416486867168
0.0115229564049 0.671912013965 0.45716459343
0.0111283535998 0.671912013965 0.45716459343
0.0111283535998 0.692809826417 0.45716459343
0.0111283535998 0.692809826417 0.445567616305
0.0096872558926 0.692809826417 0.445567616305
0.0096872558926 0.676546113705 0.445567616305
0.0096872558926 0.676546113705 0.434196822016
0.00779170738203 0.676546113705 0.434196822016
0.00779170738203 0.659578628598 0.434196822016
0.00779170738203 0.659578628598 0.423437339723
0.00633250036699 0.659578628598 0.423437339723
0.00633250036699 0.641382930516 0.423437339723
0.00633250036699 0.641382930516 0.410818235923
0.00633250036699 0.622805345386 0.410818235923
0.00614926770908 0.622805345386 0.410818235923
0.00614926770908 0.622805345386 0.400289287811
0.00614926770908 0.607552782675 0.400289287811
0.00614926770908 0.638694762646 0.400289287811
0.00614926770908 0.643714850128 0.400289287811
0.00614926770908 0.647730432776 0.400289287811
0.00614926770908 0.668901833278 0.400289287811
0.00614926770908 0.656050002626 0.400289287811
0.00614926770908 0.644572330081 0.400289287811
0.00614926770908 0.63238021978 0.400289287811
0.00614926770908 0.619122417702 0.400289287811
0.00614926770908 0.605098731016 0.400289287811
0.00614926770908 0.590392649594 0.400289287811
0.00614926770908 0.577102407639 0.400289287811
0.00614926770908 0.58657436943 0.400289287811
-0.00935582820342 0.58657436943 0.400289287811
-0.00935582820342 0.58657436943 0.408030534287
-0.00935582820342 0.592680293413 0.408030534287
-0.00935582820342 0.601144028529 0.408030534287
-0.00935582820342 0.592796137273 0.408030534287
-0.00935582820342 0.592702817014 0.408030534287
-0.00935582820342 0.58217615491 0.408030534287
-0.00935582820342 0.588628978112 0.408030534287
-0.00935582820342 0.588563658453 0.408030534287
-0.00935582820342 0.58453555355 0.408030534287
-0.00935582820342 0.574417321938 0.408030534287
-0.00935582820342 0.56376414734 0.408030534287
-0.00935582820342 0.561980285123 0.408030534287
-0.00935582820342 0.544713965688 0.408030534287
-0.00935582820342 0.544024593919 0.408030534287
-0.00935582820342 0.535852965711 0.408030534287
-0.00935582820342 0.534352348869 0.408030534287
-0.00935582820342 0.531254171569 0.408030534287
-0.0303869810047 0.531254171569 0.408030534287
-0.0303869810047 0.531254171569 0.425930476452
-0.0303869810047 0.527489146953 0.425930476452
-0.0303869810047 0.519646991073 0.425930476452
-0.0303869810047 0.519646991073 0.436981736114
-0.0303869810047 0.512067081345 0.436981736114
-0.0303869810047 0.512067081345 0.439060798972
-0.0303869810047 0.50847380303 0.439060798972
-0.0303869810047 0.50847380303 0.444064896857
-0.0303869810047 0.511051146123 0.444064896857
-0.0303869810047 0.511051146123 0.447413600506
-0.0303869810047 0.503298797777 0.447413600506
-0.0303869810047 0.495144758659 0.447413600506
-0.0303869810047 0.495144758659 0.438396494357
-0.0303869810047 0.494450133905 0.438396494357
-0.0303869810047 0.494450133905 0.434754386207
-0.0303869810047 0.487585087571 0.434754386207
-0.0303869810047 0.480774556232 0.434754386207
-0.0303869810047 0.480774556232 0.433700791443
-0.0303869810047 0.473184565396 0.433700791443
-0.0348732419127 0.473184565396 0.433700791443
-0.0348732419127 0.473184565396 0.440285330323
-0.0348732419127 0.465315832111 0.440285330323
-0.0348732419127 0.465315832111 0.435093984089
-0.0348732419127 0.459606302269 0.435093984089
-0.0348732419127 0.459606302269 0.428264739831
-0.0348732419127 0.459174739763 0.428264739831
-0.0348732419127 0.457389154347 0.428264739831
-0.0348732419127 0.457389154347 0.418993145249
-0.0348732419127 0.45404885607 0.418993145249
-0.0348732419127 0.461137891284 0.418993145249
-0.0348732419127 0.466418908276 0.418993145249
-0.0348732419127 0.466418908276 0.414384318499
-0.0348732419127 0.459373806976 0.414384318499
-0.0348732419127 0.45913401453 0.414384318499
-0.0348732419127 0.45913401453 0.407416038382
-0.0348732419127 0.454681052754 0.407416038382
-0.0348732419127 0.449238815822 0.407416038382
-0.0348732419127 0.449238815822 0.400821296904
-0.0348732419127 0.444319047363 0.400821296904
-0.0348732419127 0.444319047363 0.393918671615
-0.0348732419127 0.439690858668 0.393918671615
-0.0340790068651 0.439690858668 0.393918671615
-0.0340790068651 0.434963261845 0.393918671615
-0.0340790068651 0.434963261845 0.387136550821
-0.0340790068651 0.430356118114 0.387136550821
-0.0340790068651 0.425810308488 0.387136550821
-0.0340790068651 0.425810308488 0.381022990222
-0.0340790068651 0.424174395962 0.381022990222
-0.0340790068651 0.424174395962 0.374657502045
-0.0340790068651 0.419830577649 0.374657502045
-0.0340790068651 0.415528248135 0.374657502045
-0.0340790068651 0.415528248135 0.368525216478
-0.0340790068651 0.411363503219 0.368525216478
-0.0340790068651 0.407227279707 0.368525216478
-0.0340790068651 0.407227279707 0.362744393617
-0.0340790068651 0.406393683884 0.362744393617
-0.0340790068651 0.406393683884 0.357413139994
-0.0340790068651 0.402625453441 0.357413139994
-0.0340790068651 0.398780878053 0.357413139994
-0.0340790068651 0.398780878053 0.350869893074
-0.0340790068651 0.394358647829 0.350869893074
-0.0340790068651 0.390777796171 0.350869893074
-0.0340790068651 0.390777796171 0.344782843749
-0.0340790068651 0.386034681427 0.344782843749
-0.0340790068651 0.386034681427 0.340296392464
-0.0340790068651 0.385359123838 0.340296392464
-0.0407505792963 0.385359123838 0.340296392464
-0.0407505792963 0.38208660861 0.340296392464
-0.0407505792963 0.38208660861 0.335805822512
-0.0407505792963 0.380892745942 0.335805822512
-0.0407505792963 0.374383542317 0.335805822512
-0.0407505792963 0.374383542317 0.335796997391
-0.0407505792963 0.37105949719 0.335796997391
-0.0407505792963 0.37105949719 0.330249330094
-0.0407505792963 0.367714261709 0.330249330094
-0.0407505792963 0.364427777407 0.330249330094
-0.0407505792963 0.364427777407 0.327182100043
-0.0407505792963 0.361066119892 0.327182100043
-0.0407505792963 0.361066119892 0.321448016173
-0.0407505792963 0.359826486586 0.321448016173
-0.0407505792963 0.354593603024 0.321448016173
-0.0407505792963 0.354593603024 0.321263087767
-0.0407505792963 0.351433230134 0.321263087767
-0.0407505792963 0.351433230134 0.320469260662
-0.0407505792963 0.348468717356 0.320469260662
-0.0407505792963 0.348468717356 0.315351605475
-0.0407505792963 0.345466918857 0.315351605475
-0.0407505792963 0.342421439051 0.315351605475
-0.0407505792963 0.342421439051 0.311222439304
-0.0407505792963 0.342119954736 0.311222439304
-0.0407505792963 0.339085171141 0.311222439304
-0.0407505792963 0.339085171141 0.307209416511
-0.0407505792963 0.336308641292 0.307209416511
-0.0407505792963 0.336308641292 0.302927556493
-0.0407505792963 0.333562172006 0.302927556493
-0.0399809802418 0.333562172006 0.302927556493
-0.0399809802418 0.330883447185 0.302927556493
-0.0399809802418 0.330883447185 0.29935477297
-0.0399809802418 0.328244851156 0.29935477297
-0.0399809802418 0.328244851156 0.295314739618
-0.0399809802418 0.327835085382 0.295314739618
-0.0399809802418 0.325218686021 0.295314739618
-0.0399809802418 0.325218686021 0.291476146666
-0.0399809802418 0.322706330587 0.291476146666
-0.0399809802418 0.320197818923 0.291476146666
-0.0399809802418 0.320197818923 0.288681784583
-0.0399809802418 0.317763631648 0.288681784583
-0.0399809802418 0.317763631648 0.285042043919
-0.0399809802418 0.315333197096 0.285042043919
-0.0399809802418 0.312923583614 0.285042043919
-0.0399809802418 0.312923583614 0.281829756187
-0.0399809802418 0.310605469312 0.281829756187
-0.0399809802418 0.308236088396 0.281829756187
-0.0399809802418 0.308236088396 0.278733338485
-0.0399809802418 0.306087506175 0.278733338485
-0.0399809802418 0.306087506175 0.275517377248
-0.0399809802418 0.303795886688 0.275517377248
-0.0399809802418 0.301702093896 0.275517377248
-0.0399809802418 0.301702093896 0.272581152387
-0.0399809802418 0.299431273774 0.272581152387
-0.0399809802418 0.299431273774 0.270780955295
-0.0399809802418 0.297363709494 0.270780955295
-0.0399809802418 0.295260803049 0.270780955295
-0.0399809802418 0.295260803049 0.268313716004
-0.0399809802418 0.293490805496 0.268313716004
-0.0399809802418 0.293490805496 0.265568433688
-0.0399809802418 0.29153765848 0.265568433688
-0.0399809802418 0.289507898968 0.265568433688
-0.0390893858991 0.289507898968 0.265568433688
-0.0390893858991 0.289507898968 0.264278188385
-0.0390893858991 0.287581090789 0.264278188385
-0.0390893858991 0.287581090789 0.26157083187
-0.0390893858991 0.285861360557 0.26157083187
-0.0390893858991 0.284024299515 0.26157083187
-0.0390893858991 0.284024299515 0.259178173689
-0.0390893858991 0.282145190059 0.259178173689
-0.0390893858991 0.28022321502 0.259178173689
-0.0390893858991 0.28022321502 0.261213084752
-0.0390893858991 0.28022321502 0.260678687199
-0.0390893858991 0.278369448797 0.260678687199
-0.0390893858991 0.278369448797 0.259096370863
-0.0390893858991 0.276891694202 0.259096370863
-0.0390893858991 0.274817294862 0.259096370863
-0.0390893858991 0.274817294862 0.256286167211
-0.0390893858991 0.273359673073 0.256286167211
-0.0390893858991 0.270656615304 0.256286167211
-0.0390893858991 0.270656615304 0.258267614626
-0.0390893858991 0.270656615304 0.25775445328
-0.0390893858991 0.268751408721 0.25775445328
-0.0390893858991 0.268751408721 0.255334636398
-0.0390893858991 0.267206275424 0.255334636398
-0.0390893858991 0.26564100424 0.255334636398
-0.0390893858991 0.26564100424 0.253320534608
-0.0390893858991 0.263822442349 0.253320534608
-0.0390893858991 0.263822442349 0.251268849897
-0.0390893858991 0.262890656008 0.251268849897
-0.0390893858991 0.261341022388 0.251268849897
-0.0390893858991 0.261341022388 0.248685048617
-0.0390893858991 0.259865383127 0.248685048617
-0.0390893858991 0.257844160778 0.248685048617
-0.0390893858991 0.257844160778 0.246096299352
-0.0390893858991 0.256140056937 0.246096299352
-0.0390893858991 0.256140056937 0.241948677588
-0.0390893858991 0.254630800219 0.241948677588
-0.0390893858991 0.252960825746 0.241948677588
-0.0382923362462 0.252960825746 0.241948677588
-0.0382923362462 0.252960825746 0.239822302676
-0.0382923362462 0.251432283624 0.239822302676
-0.0382923362462 0.251432283624 0.236689643668
-0.0382923362462 0.249827316605 0.236689643668
-0.0382923362462 0.247538725322 0.236689643668
-0.0382923362462 0.247538725322 0.23399349039
-0.0382923362462 0.245929863963 0.23399349039
-0.0382923362462 0.245929863963 0.229951711454
-0.0382923362462 0.244376928654 0.229951711454
-0.0382923362462 0.242885145758 0.229951711454
-0.0382923362462 0.242885145758 0.227708088375
-0.0382923362462 0.241623635709 0.227708088375
-0.0382923362462 0.239893471335 0.227708088375
-0.0382923362462 0.239893471335 0.229879400252
-0.0382923362462 0.239893471335 0.227548287061
-0.0382923362462 0.237758264003 0.227548287061
-0.0382923362462 0.237758264003 0.226194352865
-0.0382923362462 0.23654287852 0.226194352865
-0.0382923362462 0.235313881514 0.226194352865
-0.0382923362462 0.235313881514 0.225861763902
-0.0382923362462 0.23412494645 0.225861763902
-0.0382923362462 0.23412494645 0.223509868386
-0.0382923362462 0.232781408783 0.223509868386
-0.0382923362462 0.23131376111 0.223509868386
-0.0382923362462 0.23131376111 0.228197404304
-0.0382923362462 0.23131376111 0.227139054453
-0.0382923362462 0.23131376111 0.225113469199
-0.0382923362462 0.230003864638 0.225113469199
-0.0382923362462 0.228686027852 0.225113469199
-0.0382923362462 0.228686027852 0.223860709105
-0.0382923362462 0.227388649451 0.223860709105
-0.0382923362462 0.227388649451 0.223276100549
-0.0382923362462 0.226266569064 0.223276100549
-0.0382923362462 0.226266569064 0.221440766255
-0.0382923362462 0.225034481659 0.221440766255
-0.0382923362462 0.223650320145 0.221440766255
