0.00319625 0.00340202 0.00326095
0.00325406 0.00248959 0.00193089
0.00404675 0.00405202 0.00347179
0.00416953 0.00460228 0.00419939
0.00481167 0.00286202 0.00265595
0.00236361 0.00253957 0.00147733
0.00257213 0.00249406 0.00135981
0.00205151 0.00282769 0.0019602
0.00299606 0.0030511 0.00220684
0.0030793 0.00230879 0.00178611
0.00265986 0.00291312 0.00209108
0.00380454 0.00179643 0.00187529
0.00350137 0.00181063 0.00192881
0.00403326 0.00269533 0.00259194
0.00366014 0.0021336 0.00205715
0.00163467 0.00158657 0.00150414
0.00218104 0.00166768 0.00132523
0.00205767 0.00159338 0.0013049
0.00196331 0.00161848 0.0013365
0.00266684 0.00201293 0.00168233
0.00160709 0.00169374 0.00126956
0.00129835 0.00167926 0.00131657
0.00204798 0.00167907 0.00126802
0.00144858 0.00169241 0.00118336
0.00155617 0.00166898 0.00117644
0.00147543 0.00176877 0.00124171
0.00197541 0.0017275 0.00141739
0.001801 0.00175603 0.00143699
0.00146495 0.0017691 0.00149519
0.00186925 0.00181589 0.00137125
0.00209797 0.00183476 0.00125657
0.00243205 0.00204328 0.00185703
0.0030698 0.00244653 0.00238142
0.00187427 0.00244722 0.00244584
0.00225671 0.00137588 0.00122582
0.00196085 0.00154426 0.00132299
0.00177983 0.00231263 0.00185259
0.00226207 0.00221369 0.00153258
0.00240641 0.00220504 0.00170095
0.00328545 0.00196796 0.0013581
0.00341812 0.00182859 0.00167305
0.00227017 0.00147584 0.00138262
0.00234884 0.00251632 0.0021644
0.0018232 0.00217729 0.00152287
0.00239677 0.00209612 0.0020131
0.00256798 0.00221507 0.00221786
0.00231259 0.00191917 0.0019772
0.00246105 0.00208862 0.00193988
0.00298271 0.00237965 0.00232537
0.00229997 0.00206814 0.00195436
0.00345749 0.00266056 0.00266662
0.00279804 0.00211578 0.00210566
0.00145531 0.00143036 0.00127705
0.00215657 0.00204153 0.0018529
0.00202108 0.0021363 0.00186192
0.00162175 0.00166487 0.00157437
0.00134977 0.00144017 0.00114471
0.00175639 0.00171911 0.00127286
0.00177925 0.00178039 0.00162136
0.00150553 0.00165796 0.00138184
0.00155356 0.0017234 0.00124282
0.00161262 0.00176275 0.00143835
0.00143033 0.00162489 0.00120667
0.00190421 0.00188657 0.0015304
0.00310949 0.00193094 0.00192916
0.00247994 0.00184367 0.00146803
0.00183879 0.00187568 0.00153588
0.00169395 0.00207535 0.00189132
0.00159237 0.00175697 0.00170769
0.00194098 0.00174891 0.00169332
0.00203192 0.00196843 0.00193055
0.00205317 0.00253681 0.00221525
0.00193352 0.0026181 0.00230369
0.00154034 0.00254588 0.00185471
0.00178668 0.00247728 0.0017173
0.00252224 0.00236147 0.00193925
0.00171224 0.00235747 0.00191808
0.00193594 0.00227029 0.00147757
0.00151821 0.00219805 0.00156375
0.00203026 0.00262988 0.00198197
0.00188262 0.00245503 0.00207829
0.00200369 0.00245146 0.00228517
0.00209761 0.00266196 0.00236722
0.00207587 0.00216016 0.0021191
0.00184254 0.00225759 0.00200733
0.00202603 0.00236663 0.00222769
0.00209277 0.00219829 0.0025359
0.00187869 0.00166881 0.00174353
0.0021298 0.0019673 0.00187571
0.00253028 0.002386 0.00227372
0.0022806 0.00325092 0.00302698
0.00184982 0.00268559 0.00254709
0.00155908 0.00260353 0.00222401
0.00192016 0.00279778 0.00245229
0.00194659 0.00260918 0.00229521
0.00210102 0.00252719 0.00218171
0.00174987 0.00257647 0.00230864
0.00149981 0.0024751 0.00206635
0.00177268 0.00257862 0.00231422
0.00178408 0.002626 0.00243484
0.00193829 0.00250244 0.00207905
0.00177694 0.00273542 0.00237388
0.00189902 0.00278819 0.00270987
0.0020785 0.00274264 0.00259496
0.00174484 0.00298313 0.00316027
0.00194539 0.00307579 0.00350436
0.00219869 0.00284194 0.00292895
0.00178086 0.00239676 0.00255239
0.00157683 0.00323916 0.00286297
0.002059 0.00300769 0.00255728
0.00172721 0.00289328 0.00261109
0.0016716 0.00332004 0.00274161
0.00186727 0.0025389 0.00253693
0.00187999 0.00247837 0.00221764
0.00241682 0.00313393 0.00247967
0.00131117 0.00317275 0.0024855
0.00218874 0.00342116 0.00278394
0.00172416 0.0028448 0.00223007
0.00171092 0.00290184 0.00230345
0.00224414 0.00236643 0.00267273
0.00202828 0.0024672 0.00282013
0.00217339 0.00311975 0.00279481
0.00218802 0.00341326 0.00288283
0.00209546 0.00369476 0.00324575
0.00216974 0.00353167 0.00347331
0.00176664 0.00249434 0.00268166
0.00184833 0.00281747 0.00272103
0.0018395 0.00284073 0.00307036
0.00204112 0.00396269 0.00377655
0.00272268 0.0041131 0.00411873
0.00248773 0.00424855 0.00406236
0.00258195 0.00399069 0.00383849
0.00341765 0.00398536 0.00376915
0.00268315 0.00431221 0.00398585
0.00286222 0.00381876 0.00456815
0.0031727 0.0049659 0.00469521
0.00328646 0.00528784 0.00506787
0.00372821 0.00487379 0.00550379
0.00320489 0.00553106 0.00526748
0.00402267 0.00525233 0.00583755
0.00369415 0.00589691 0.00581267
0.004221 0.00522492 0.00599523
0.003995 0.00618982 0.00605694
0.00452286 0.00525311 0.00590484
0.0034525 0.00603514 0.00564368
0.00445325 0.0050445 0.00572339
0.00363539 0.00461705 0.00550037
0.00377188 0.00583441 0.00564883
0.00404422 0.00439279 0.00581858
0.00381195 0.00478363 0.0056558
0.00430119 0.00613031 0.00603467
0.00404153 0.00435093 0.00578649
0.00417282 0.00538524 0.00567862
0.00434736 0.00610415 0.0057787
0.00391796 0.00479164 0.00561872
0.00395376 0.00487158 0.00552619
0.00398638 0.00479984 0.00557614
0.00350731 0.00519634 0.00482499
0.00299328 0.00340333 0.00419052
0.00326155 0.00389769 0.00378585
0.00335804 0.00446936 0.00425096
0.00358717 0.00433626 0.00488424
0.00345162 0.00406912 0.00462491
0.00409395 0.00466939 0.0050761
0.00402157 0.00522158 0.0047807
0.00393862 0.00571024 0.00520752
0.0047284 0.00457455 0.00547723
0.0038361 0.00427344 0.00491197
0.00440535 0.0049348 0.00545981
0.003881 0.00460205 0.00479064
0.00389393 0.00507618 0.00512337
0.00375591 0.00430923 0.00502337
0.0038764 0.00415217 0.00501718
0.00398864 0.00411128 0.00514444
0.0042884 0.00530699 0.00482016
0.0039622 0.00497906 0.00484754
0.00381282 0.00414372 0.00514955
0.00375918 0.00422996 0.00494448
0.0035427 0.00389461 0.00456888
0.00425559 0.00553591 0.00464693
0.0039746 0.00401669 0.00465567
0.00445411 0.00496381 0.00430515
0.00410714 0.00411084 0.00429899
0.00322606 0.00330172 0.00410416
0.0040495 0.00450374 0.00383042
0.00446253 0.00444155 0.00416016
0.00396314 0.00508838 0.00404104
0.00437696 0.00491834 0.00396355
0.00338782 0.00433903 0.00427169
0.00382522 0.00382522 0.00386093
0.00388749 0.00388749 0.00399936
0.00397385 0.00397385 0.00407583
0.0039163 0.0039163 0.00399017
0.00391062 0.00391062 0.00399107
0.00406503 0.00406503 0.00416883
0.00399362 0.00399362 0.00411165
0.00407819 0.00407819 0.0041538
0.00403303 0.00403303 0.00412669
0.00407242 0.00407242 0.00414606
0.00415065 0.00415065 0.00422943
0.00409065 0.00409065 0.00415833
0.00394608 0.00418819 0.00428562
0.00417146 0.00417146 0.00426829
0.00379118 0.00425571 0.00434976
0.00369821 0.00372332 0.00430627
0.00359927 0.00307524 0.00400378
0.00352451 0.00403178 0.00440567
0.00432652 0.00465351 0.00374052
0.00441373 0.00480482 0.00394684
0.00395032 0.00424583 0.00437515
0.00376835 0.00342276 0.00400736
0.00372213 0.00374384 0.00410277
0.00446014 0.00414862 0.003811
0.00390289 0.00369972 0.00420754
0.00364052 0.00364906 0.00405697
0.00444241 0.00407649 0.00384159
0.00358308 0.00438385 0.00424848
0.00408331 0.0045526 0.00427667
0.00441769 0.00443003 0.00391107
0.00387362 0.00387362 0.00408151
0.00326214 0.00339788 0.00405769
0.0043829 0.00451582 0.00374633
0.00479139 0.00511298 0.00408637
0.00319726 0.00349316 0.00433248
0.00349163 0.0044691 0.00419619
0.00399921 0.00399921 0.00417267
0.00422719 0.00422719 0.00435351
0.00410262 0.00410262 0.00427039
0.00403971 0.00403971 0.00419453
0.00411571 0.00411571 0.0042816
0.00405007 0.00405007 0.00421756
0.00407803 0.00407803 0.00422741
0.00408578 0.00408578 0.00425676
0.00399801 0.00399801 0.00415436
0.00328296 0.00311903 0.00425427
0.00379898 0.00379898 0.00402644
0.00432688 0.00432688 0.00451422
0.00394115 0.00394115 0.00413121
0.00398061 0.00398061 0.00417059
0.00396401 0.00396401 0.00414101
0.0040513 0.0040513 0.00424814
0.00399232 0.00399232 0.00417247
0.00404175 0.00404175 0.0042313
0.00405045 0.00405045 0.00423669
0.00401438 0.00401438 0.00421609
0.00391732 0.00391732 0.00411428
0.00397091 0.00397091 0.00416566
0.00387093 0.00387093 0.00407287
0.00393932 0.00393932 0.00414973
0.00396183 0.00396183 0.00416125
0.00396323 0.00396323 0.00417807
0.00386218 0.00386218 0.0040986
0.00393211 0.00393211 0.00415443
0.00392039 0.00392039 0.00412377
0.00383651 0.00383651 0.00402143
0.0038935 0.0038935 0.00409106
0.00383801 0.00383801 0.00403669
0.00388636 0.00388636 0.00409057
0.00389782 0.00389782 0.00411194
0.00389186 0.00389186 0.00409599
0.00380768 0.00380768 0.00401911
0.00389363 0.00389363 0.00411279
0.00384097 0.00384097 0.0040545
0.00386346 0.00386346 0.00405711
0.00387332 0.00387332 0.00406541
0.00392207 0.00392207 0.00415618
0.00385823 0.00385823 0.00407616
0.0046295 0.00396865 0.00419359
0.00423741 0.00381906 0.00406057
0.00352702 0.00404031 0.00434494
0.00362184 0.00362184 0.00387758
0.00373845 0.00367942 0.00411167
0.00381953 0.00381953 0.00414407
0.00361581 0.00361581 0.00387474
0.00363483 0.00363483 0.00391179
0.00368294 0.00368294 0.00404404
0.00370772 0.00370772 0.00406031
0.00364927 0.00368564 0.00397597
0.00360602 0.00360602 0.00387276
0.0035787 0.0035787 0.00388252
0.00349689 0.00349689 0.00377661
0.00362135 0.00362135 0.00389041
0.00354681 0.00354681 0.00379261
0.0034291 0.0034291 0.00369404
0.00351081 0.00351081 0.0037619
0.00349223 0.00349223 0.0037495
0.0034512 0.0034512 0.00371577
0.00348215 0.00348215 0.00375698
0.00356794 0.00356794 0.00385215
0.00351638 0.00351638 0.00379546
0.00358803 0.00358803 0.00384889
0.0035849 0.0035849 0.00393583
0.0036142 0.0036142 0.00392596
0.00366045 0.00366045 0.00397615
0.0036597 0.0036597 0.00400034
0.00358085 0.00358085 0.00386367
0.00367586 0.00367586 0.00392027
0.00362747 0.00362747 0.00388052
0.00364637 0.00364637 0.00390734
0.00370816 0.00370816 0.00393477
0.00361061 0.00361061 0.00383755
0.0036376 0.0036376 0.00386675
0.00368776 0.00368776 0.00392212
0.00361778 0.00361778 0.00385744
0.00368446 0.00368446 0.00392556
0.00362563 0.00362563 0.00386967
0.00364916 0.00364916 0.00393507
0.00364998 0.00364998 0.00393807
0.00360855 0.00360855 0.00389349
0.00367026 0.00367026 0.00394898
0.00358746 0.00358746 0.00387362
0.00361856 0.00361856 0.0038952
0.00363471 0.00363471 0.00390642
0.00363017 0.00363017 0.00386047
0.00357009 0.00357009 0.00377609
0.00358634 0.00358634 0.00384269
0.00350336 0.00350336 0.00375148
0.00350026 0.00350026 0.00373052
0.00358553 0.00358553 0.00381072
0.00341669 0.00341669 0.00366347
0.003469 0.003469 0.00368496
0.00349328 0.00349328 0.00370457
0.00349243 0.00349243 0.0037202
0.00346966 0.00346966 0.00369261
0.00355483 0.00355483 0.00375014
0.0035029 0.0035029 0.00373208
0.00349904 0.00349904 0.00372638
0.00350259 0.00350259 0.00373055
0.00353036 0.00353036 0.00378537
0.00349693 0.00349693 0.00376583
0.00348914 0.00348914 0.00374753
0.00348593 0.00348593 0.00376744
0.0035397 0.0035397 0.00376923
0.00348317 0.00348317 0.00370578
0.00352737 0.00352737 0.0037456
0.00335394 0.00335394 0.00361236
0.00332626 0.00332626 0.00358188
0.00333475 0.00333475 0.00358345
0.0033559 0.0033559 0.00356617
0.00334529 0.00334529 0.00355146
0.00350551 0.00350551 0.00377199
0.00347997 0.00347997 0.00378121
0.00344724 0.00344724 0.00373648
0.00347798 0.00347798 0.00375741
0.00351926 0.00351926 0.00380472
0.00350439 0.00350439 0.00375887
0.00361675 0.00361675 0.00386678
0.00360689 0.00360689 0.00386497
0.00370083 0.00370083 0.00396551
0.00363899 0.00363899 0.00391971
0.00367784 0.00367784 0.00395468
