89.7542188471
89.7619306928
89.7597938762
89.7330680949
89.722421954
89.7613514841
89.7841355735
89.7513509919
86.1844535862
89.7348796897
83.7185193954
82.5334359892
82.5951377727
82.5184679606
82.5259156536
82.5360956119
82.5525655242
82.5589586938
82.5275157732
82.530664292
82.5335218463
82.5699226688
82.5486288494
82.5471478498
82.5867373981
80.3696220707
79.8319674645
79.4531998907
79.4370530809
79.1671667754
77.3527084898
75.8821301857
75.4754039745
75.5063962973
75.4787335167
75.4990806027
75.5590588504
75.5300270666
75.5451419633
75.7707635288
75.8021454613
75.7895165137
73.9716824312
73.3137736651
72.6698446051
71.4993272632
70.9320565012
70.6612838625
70.4786205312
69.6724492857
68.8560153504
68.922536579
68.9097166377
68.9099932108
68.9164898029
68.8848541532
68.9359630678
68.9445444657
68.9390308468
68.9559593096
68.9575784818
68.955555091
66.752362199
66.9464673291
65.9139929119
64.8643519907
65.3149690969
62.2993945022
62.2847843918
62.2723696635
62.2127154225
62.2365637954
62.1506513756
62.1733535289
62.2347885473
62.2459193226
62.238176623
62.293636518
62.2893568949
61.0944435637
58.3575907176
59.8474153506
58.0881741063
57.6056799062
57.4250770516
56.5942094031
55.6421977772
56.0176322856
55.5367412709
55.524248286
55.5888524814
55.4994178983
55.5436170706
55.5950071183
55.6644233607
55.7526228484
55.7668100112
55.8209274399
55.0431330898
55.8323478241
53.6354918259
52.7594503305
52.7621178662
51.7769186587
50.3141692375
49.9840083751
49.4444267322
49.3718661065
49.4171664667
49.3584092712
49.3098812049
49.4029673107
49.3667967383
49.4348062694
49.5017714921
49.5531577544
49.5389693579
49.5981682663
49.0374728875
49.0389274607
48.3005998113
47.7074544191
46.9296674302
46.4001289456
45.7110957391
44.8562027682
44.1770381585
44.1904562533
43.7665499043
43.8984075743
43.9939166475
43.9271291114
44.0257334541
43.1697292835
42.9765526984
42.3781644272
41.9367530451
41.4482471679
41.0129980047
40.3326699298
39.7392240512
39.490136002
39.0970013046
38.6441635995
38.7417704276
38.8774690689
38.5365250252
37.886610532
38.1647628936
37.8351187683
37.2913686352
37.3421835512
36.8975204877
36.7106570832
36.3401390042
35.8366130566
35.5440208029
34.7821638409
34.2073759273
33.8269562704
33.2814911733
33.1699808706
33.2871817014
33.142560578
32.8019706664
32.9032577015
32.9151104547
32.1237593501
32.5365265466
31.9933117555
32.1607209617
32.1746497672
31.8816267795
31.6829479976
31.6237655042
31.5510087248
31.3375984312
31.125941598
30.6715156458
30.5293958245
29.7722999715
29.6767737313
29.2008348263
30.0413964365
29.4947214308
29.4019896758
29.3412058236
28.8740025453
28.8468485369
28.8054757955
28.8277076791
28.8278899825
28.8280361438
28.7503037299
28.7492703824
28.7324924455
28.6981197015
28.6986815454
28.7021246313
28.7206213363
28.6752421124
28.6906783363
28.6671915285
28.6821065009
28.7943854467
28.7713185565
28.8374438802
28.8132264052
28.4291666422
28.0543871779
28.0020402662
28.0917569854
28.00460064
27.9529465585
28.0530451099
28.0838397689
28.0445944807
28.0384719825
28.5250112173
28.2444044505
28.0564794694
28.144297139
28.0974286187
28.123334095
28.3703911884
28.4007273424
28.3678798773
28.3695116594
28.3375242165
28.3589901038
28.3784176751
28.369524599
28.364578917
28.4127454902
28.3813019005
28.3802412483
28.3905066596
28.3710423101
28.3717461323
28.316424116
28.3115695104
28.3174731803
28.3167205516
28.3229191173
28.3239279298
28.3578171341
28.3563763908
28.3681545172
28.3662525536
28.3821859669
28.3989635045
28.4111134002
28.0320025498
28.0276331381
28.0547620368
28.0632025745
28.0733302422
28.0711946037
28.0854050202
28.0798634331
28.0885294675
27.6972819122
27.7049145657
27.6847995143
27.5544004508
27.5500986286
27.5444037416
27.5129794862
27.6521383255
27.5813717781
27.5751480881
27.6546520128
27.434060033
27.4584801032
27.4185413728
27.2730143589
27.27608727
27.136918258
27.124515434
27.1290467694
27.1445311935
27.1378065831
27.1694064918
27.1723756368
27.1528330688
27.1494995354
27.1609748322
27.1779461623
27.1908128437
27.2013217863
26.8484599407
26.8422902148
26.8428717026
26.8077780187
26.8447652997
26.7832275126
26.7778004075
26.780926075
26.7625563924
26.7580733143
26.7630334878
26.3879707311
26.3772054558
26.1677482896
26.1642719098
26.1606899352
26.1342421621
26.114438246
26.0771401924
26.0756776207
26.0666231588
26.0669832593
26.037710732
26.0500130265
26.0119433449
25.9738467211
25.9675889922
25.9707264958
25.9597192886
25.9647741345
25.96545292
25.8203645716
25.8210271563
25.7660859682
25.7503119066
25.7457510629
25.7460790775
25.4523964817
25.4275013685
25.3927250406
25.3744878273
25.3104423913
25.3088330402
25.3133966376
25.2527672809
25.2338426207
25.2481116568
25.1604641931
25.1472919965
25.1869795425
24.7372499926
24.6549660073
24.6708347786
24.648036899
24.6477190344
24.4583813522
24.4548743405
24.4419695409
24.4588904095
24.4603219003
24.4574487354
