0.00326926 0.00337884 0.00326095
0.00332681 0.00251629 0.0018907
0.00428737 0.00428017 0.0038992
0.00457911 0.00458366 0.0043915
0.00394263 0.00375474 0.00372637
0.00300821 0.00216034 0.00142426
0.00174215 0.00240817 0.00129341
0.0025073 0.00230261 0.00142901
0.00274664 0.00266081 0.00204088
0.00306837 0.00265013 0.00231243
0.0037939 0.0029885 0.00271152
0.0027515 0.00215633 0.00184739
0.00297688 0.00203822 0.00197513
0.00367718 0.00289548 0.00275562
0.00308777 0.00181727 0.0017487
0.00145213 0.00163617 0.0014317
0.00154093 0.00168775 0.00153004
0.00204429 0.00161136 0.00125521
0.00173008 0.00163141 0.00135272
0.0016581 0.00174008 0.00134314
0.00200212 0.00167931 0.001317
0.00193156 0.00160635 0.0012151
0.00247988 0.00165503 0.00136403
0.00210283 0.00183191 0.00130964
0.0013922 0.00154703 0.00123557
0.00181918 0.00164482 0.00125015
0.00186042 0.0017335 0.00142559
0.00205543 0.0017486 0.00146974
0.00180954 0.00185452 0.0018474
0.0021192 0.00182715 0.00183188
0.001757 0.00198382 0.00196082
0.00221873 0.00143081 0.00134103
0.00191629 0.00163028 0.00140281
0.00203005 0.00206657 0.00165759
0.00241823 0.00136756 0.00126789
0.002675 0.00204434 0.00154214
0.00180114 0.0028724 0.00220915
0.00186574 0.00199291 0.00121969
0.00274127 0.0021089 0.00157248
0.00190345 0.00161383 0.00129186
0.00245889 0.00191768 0.00151266
0.00184688 0.00237301 0.00173691
0.00207499 0.00265777 0.00217321
0.00189636 0.00157491 0.00148009
0.00200856 0.00180005 0.00161761
0.00244045 0.00214014 0.00206788
0.00213939 0.002132 0.00184491
0.00269352 0.00188322 0.00177946
0.00259302 0.0019551 0.00192764
0.00289118 0.0022656 0.00219666
0.00289818 0.00275357 0.00253255
0.00151731 0.0018683 0.00189462
0.0027057 0.00211418 0.00220816
0.00224726 0.00184668 0.0017622
0.00139869 0.00160402 0.00137235
0.00171856 0.00156304 0.00138614
0.00163451 0.00158235 0.00126603
0.00174947 0.00189445 0.00148271
0.00186411 0.00232194 0.00198527
0.00182474 0.00220318 0.00182292
0.00166562 0.00232162 0.00171871
0.00248683 0.00153895 0.00139181
0.00156035 0.0016329 0.000919889
0.00183313 0.00229089 0.00175216
0.00279525 0.00198068 0.00193656
0.00146871 0.00168069 0.00135941
0.00161043 0.00224096 0.00220031
0.00256604 0.00210757 0.00217798
0.00155148 0.00192623 0.00167909
0.0016291 0.00210013 0.0018277
0.0016863 0.00211555 0.00189903
0.00236446 0.00195263 0.00172699
0.00181167 0.00244648 0.0018743
0.00151106 0.00227022 0.00209403
0.00212006 0.00266621 0.00212729
0.00177721 0.00199007 0.0016484
0.00185879 0.00216984 0.00151326
0.00168863 0.00211599 0.00167691
0.00174009 0.00282341 0.00200966
0.00192944 0.00240919 0.00191077
0.00191892 0.00223198 0.00173743
0.00171509 0.00218714 0.00148216
0.00177821 0.00243797 0.0020044
0.00194118 0.00235932 0.00221883
0.00183451 0.0025579 0.00248937
0.0017893 0.00226819 0.00230676
0.00185405 0.00219822 0.00213207
0.00260545 0.00190457 0.0019067
0.00233316 0.00180535 0.00177681
0.00252216 0.00212098 0.00189528
0.0026309 0.0026377 0.00243066
0.00199091 0.00267835 0.00251486
0.00194628 0.00263226 0.00244293
0.00155827 0.00277936 0.00248088
0.00177492 0.002501 0.00216215
0.00205861 0.00257243 0.00234766
0.00136805 0.00272701 0.00226131
0.00179764 0.00240639 0.00211291
0.00159901 0.00277148 0.00221117
0.00176255 0.00304751 0.00245691
0.00171097 0.00249724 0.00208407
0.00166707 0.00264937 0.00235337
0.00207368 0.00317803 0.00262615
0.00199897 0.00266606 0.00213905
0.00176596 0.0029877 0.00297511
0.00202196 0.0030908 0.00340266
0.00175278 0.00291038 0.00297784
0.00186254 0.00276513 0.0028996
0.00165683 0.00350089 0.00314139
0.0018564 0.00286828 0.00272008
0.00155175 0.00274025 0.00264757
0.00199267 0.00343692 0.00286686
0.00153299 0.0029019 0.00263971
0.00167066 0.00312144 0.00256825
0.00155057 0.00327904 0.00270269
0.0020345 0.00346546 0.00279932
0.00183653 0.00353046 0.00293076
0.0024609 0.00303269 0.00242111
0.00198786 0.00319901 0.00246182
0.00278316 0.00235568 0.00269157
0.00209886 0.00313166 0.00284377
0.00192245 0.00340368 0.00278452
0.00249456 0.00352631 0.00309037
0.00211747 0.00360361 0.00341039
0.00194826 0.0031232 0.00307024
0.0019692 0.00270126 0.00273368
0.00204421 0.00293673 0.00303144
0.00240654 0.00386496 0.00383009
0.00235499 0.00411452 0.00400643
0.00240188 0.00421404 0.00388825
0.00297978 0.00427454 0.00417365
0.00242104 0.00415959 0.00390565
0.00299404 0.00425674 0.0038725
0.00301123 0.00444776 0.0044734
0.0034067 0.00412664 0.00484781
0.00330648 0.00508412 0.00526711
0.00361053 0.00496965 0.00542573
0.00323887 0.00545031 0.00530837
0.00415814 0.00490456 0.00594526
0.00370209 0.00506663 0.00586726
0.00386305 0.00597007 0.00591204
0.00395609 0.00501947 0.00590934
0.00362281 0.00591702 0.00577514
0.00422952 0.0053482 0.00590566
0.00403013 0.0061025 0.00564779
0.00407499 0.00608886 0.0056749
0.00374739 0.0043455 0.00566443
0.00449574 0.00444289 0.00590372
0.00437085 0.00521092 0.00609674
0.0040934 0.00562786 0.0055431
0.00450696 0.00642126 0.00594029
0.00416463 0.00432319 0.00562959
0.00395858 0.00478304 0.00567536
0.00428196 0.0047351 0.00586364
0.0038769 0.0058362 0.0053903
0.00402617 0.00487788 0.00545319
0.0034062 0.00545308 0.00525703
0.00329614 0.00372417 0.00401393
0.00308342 0.00377945 0.00361709
0.00343878 0.00404103 0.00433186
0.00346339 0.00453846 0.00495086
0.00369189 0.0044003 0.00469326
0.0038829 0.0050311 0.00462683
0.00429194 0.00459723 0.00484615
0.00416316 0.00486454 0.00490647
0.003631 0.00373964 0.00500958
0.00426684 0.00451503 0.00511809
0.00469381 0.00531289 0.00504207
0.004395 0.00427819 0.005321
0.00446349 0.00415719 0.00458845
0.00429818 0.00431497 0.00525768
0.00420092 0.0045512 0.0053673
0.00367339 0.00393925 0.00477368
0.00474659 0.00479052 0.00481122
0.0050404 0.00509301 0.00506426
0.00414938 0.00450669 0.00504127
0.00375081 0.00483471 0.00500622
0.00416744 0.00488939 0.00473786
0.00406877 0.00549916 0.00408669
0.00467361 0.00478702 0.00405674
0.00389826 0.00389826 0.00374781
0.00379576 0.00344812 0.00381894
0.00482205 0.0048309 0.0038573
0.00447317 0.00519939 0.00403471
0.00425793 0.00481673 0.00418534
0.00373359 0.00373359 0.00354767
0.00373956 0.00373956 0.00369283
0.00404158 0.00404158 0.0041003
0.00394016 0.00394016 0.00397904
0.0038574 0.0038574 0.00390602
0.00399173 0.00399173 0.00406056
0.00392104 0.00392104 0.00397052
0.00392252 0.00392252 0.00399425
0.00392107 0.00392107 0.0039902
0.00403797 0.00403797 0.0041385
0.00395157 0.00395157 0.00403047
0.00404168 0.00404168 0.00415265
0.00399424 0.00399424 0.00409725
0.00400128 0.00400128 0.00412102
0.00414682 0.00414682 0.00426399
0.0041069 0.0041069 0.00422502
0.00340846 0.00414906 0.00427642
0.00411276 0.00465551 0.0042434
0.00401146 0.00401146 0.00400913
0.00409815 0.00409815 0.00416857
0.00397066 0.00397066 0.00409945
0.00399812 0.00384869 0.00412853
0.00367425 0.00378365 0.00421961
0.0040584 0.0046133 0.00380482
0.00409923 0.00413945 0.00427867
0.00375682 0.00370806 0.00408516
0.00452852 0.00424821 0.00379752
0.00395475 0.00414652 0.00434806
0.00391266 0.00391266 0.00386283
0.00384909 0.00374923 0.00412613
0.00418441 0.0045284 0.00366447
0.00424686 0.00459426 0.00436651
0.00286884 0.00304947 0.00373819
0.00378584 0.00392924 0.0040937
0.00426201 0.0045148 0.00373652
0.00394949 0.00464427 0.00379191
0.00320087 0.00351776 0.0041955
0.00420656 0.00448507 0.00368691
0.00369594 0.0040895 0.00430305
0.00312036 0.00318504 0.00391316
0.00434217 0.00460245 0.00369846
0.0034219 0.0039321 0.00437228
0.003684 0.0036212 0.00414556
0.00372807 0.00372807 0.00384821
0.0044832 0.00480598 0.00407229
0.00315716 0.00387666 0.00402978
0.00386022 0.00386022 0.00402716
0.00390744 0.00308454 0.00406433
0.00453205 0.00463789 0.00385484
0.00471861 0.00492905 0.00404381
0.00364563 0.00317892 0.00413229
0.00433405 0.00455905 0.00370551
0.00474746 0.00496971 0.00406899
0.00300284 0.0034278 0.00405558
0.00416378 0.00469995 0.00377011
0.00445628 0.00513391 0.00410292
0.0035625 0.00345559 0.0042882
0.00357424 0.00357424 0.00368234
0.00479077 0.00505061 0.00403881
0.00456632 0.0051205 0.00407952
0.00321422 0.00292235 0.00406575
0.00377028 0.00377028 0.00388272
0.00480798 0.00500329 0.00406375
0.00327544 0.00408298 0.00414134
0.00382762 0.00382762 0.00401901
0.0040748 0.0040748 0.00424693
0.00396432 0.00396432 0.00413448
0.00400817 0.00400817 0.00417896
0.00401777 0.00401777 0.00418231
0.00407725 0.00407725 0.00423801
0.00398812 0.00398812 0.00415848
0.00405662 0.00405662 0.00422127
0.00409707 0.00409707 0.00426691
0.00401663 0.00401663 0.0041946
0.00407449 0.00407449 0.00424594
0.0041119 0.0041119 0.00426615
0.00402956 0.00402956 0.00419637
0.00407691 0.00407691 0.0042343
0.00409012 0.00409012 0.00424656
0.00403107 0.00403107 0.00420894
0.00396435 0.00396435 0.00415617
0.00296388 0.00398685 0.00418039
0.0039046 0.0039046 0.00409932
0.0039107 0.00287694 0.00410619
0.0038156 0.0038156 0.00403671
0.00397142 0.00397142 0.00417582
0.00373391 0.00373391 0.00395497
0.00375095 0.00375095 0.00397149
0.00385128 0.00385128 0.00405964
0.00372499 0.00372499 0.00395607
0.0037759 0.0037759 0.0040027
0.00377751 0.00377751 0.00400226
0.00378927 0.00378927 0.00403043
0.00368745 0.00368745 0.0039315
0.00374105 0.00374105 0.00398878
0.00377494 0.00377494 0.00400451
0.00365574 0.00365574 0.00390218
0.00370788 0.00370788 0.00393769
0.00372612 0.00372612 0.00395431
0.00363227 0.00363227 0.00386456
0.00367886 0.00367886 0.00391602
0.00369632 0.00369632 0.00392771
0.00368464 0.00368464 0.00390518
0.00363665 0.00363665 0.00384309
0.0029859 0.00360396 0.00383009
0.00351078 0.00351078 0.00374158
0.00356237 0.00356237 0.00380588
0.00361716 0.00361716 0.00383508
0.00340494 0.00340494 0.00365332
0.00361446 0.00361446 0.00383778
0.00345012 0.00345012 0.00368789
0.00355913 0.00355913 0.00378671
0.00360716 0.00360716 0.0038348
0.00353033 0.00353033 0.00375751
0.00358824 0.00358824 0.00381204
0.00363237 0.00363237 0.00385029
0.00355315 0.00355315 0.00377699
0.00360046 0.00360046 0.0038154
0.00359589 0.00359589 0.00381342
0.0036124 0.0036124 0.00382729
0.0035924 0.0035924 0.00380587
0.0036306 0.0036306 0.00384332
0.0036489 0.00333212 0.00387086
0.00346306 0.00346306 0.00365934
0.00361524 0.00361524 0.0037993
0.00362036 0.00362036 0.00379944
0.00348607 0.00348607 0.00367565
0.00352359 0.00352359 0.00371439
0.00352674 0.00352674 0.00371827
0.00356696 0.00356696 0.00375929
0.00352713 0.00352713 0.00372583
0.00356291 0.00356291 0.00376502
0.00363654 0.00363654 0.00383206
0.00357241 0.00357241 0.00376739
0.00361892 0.00361892 0.00380852
0.00367672 0.00367672 0.00387745
0.00364257 0.00364257 0.00387626
0.00365623 0.00365623 0.00388761
0.00370335 0.00370335 0.00392714
0.00367344 0.00367344 0.00389896
0.0037602 0.00292511 0.00396971
0.00324352 0.00324352 0.00341603
0.00367231 0.00367231 0.00384822
0.0036017 0.0036017 0.00376838
0.00343477 0.00343477 0.00361159
0.0035595 0.0035595 0.00376012
0.00350267 0.00350267 0.00368927
0.00361537 0.00361537 0.00380182
0.00354513 0.00354513 0.00373216
0.00357354 0.00357354 0.00376188
0.00357412 0.00357412 0.00376155
0.00361275 0.00361275 0.00380934
0.00361743 0.00361743 0.00384785
0.00365285 0.00365285 0.00386453
0.00369576 0.00369576 0.0039132
0.00371851 0.00371851 0.00391987
0.00369284 0.00369284 0.00391763
0.00360113 0.00360113 0.00380442
0.00368366 0.00368366 0.00389474
0.00369603 0.00369603 0.00390637
0.003634 0.003634 0.00383768
0.00367565 0.00367565 0.0038789
0.00371969 0.00371969 0.00393855
0.00364681 0.00364681 0.00385578
0.00368779 0.00368779 0.00387409
0.00369547 0.00369547 0.00389159
