1.07467 1.07143 1.07262
1.07626 1.07538 1.07597
1.07536 1.07195 1.0734
1.07215 1.07303 1.07499
1.06823 1.06833 1.06969
1.06591 1.06577 1.06736
1.06997 1.06658 1.06767
1.09155 1.07824 1.07342
1.07178 1.08866 1.07886
1.1003 1.08072 1.08126
1.09431 1.10678 1.10495
1.08401 1.10258 1.10529
1.08647 1.1052 1.10587
1.06929 1.09382 1.08413
1.1115 1.09602 1.0931
1.07334 1.08959 1.09357
1.07069 1.07968 1.07114
1.08994 1.08491 1.08073
1.07246 1.08062 1.08327
1.07213 1.06847 1.07013
1.06983 1.06856 1.06876
1.08361 1.06962 1.06903
1.09702 1.09673 1.09149
1.12242 1.09968 1.10316
1.08086 1.10219 1.10289
1.07297 1.07105 1.07081
1.07422 1.07365 1.07313
1.07471 1.0755 1.07356
1.07884 1.07336 1.07509
1.07808 1.0723 1.07316
1.0871 1.07256 1.07344
1.11895 1.09846 1.09813
1.07946 1.09842 1.09871
1.08285 1.10434 1.10238
1.08937 1.07856 1.0741
1.07141 1.08277 1.08428
1.09976 1.082 1.08652
1.12084 1.10538 1.1095
1.12169 1.1106 1.10759
1.12003 1.11005 1.1114
1.14229 1.12773 1.12743
1.1112 1.12893 1.12952
1.11902 1.13322 1.13209
1.09696 1.11568 1.11256
1.10636 1.12289 1.12177
1.11529 1.12823 1.12453
1.11674 1.11242 1.10745
1.13444 1.12393 1.12136
1.13586 1.13023 1.13038
1.14799 1.14379 1.14324
1.16139 1.15198 1.15171
1.14325 1.15314 1.15336
1.14608 1.13949 1.13854
1.14803 1.15014 1.14592
1.1514 1.14982 1.14713
1.1591 1.1648 1.16473
1.17676 1.1761 1.17297
1.17991 1.17608 1.17428
1.18534 1.18873 1.19084
1.18175 1.18475 1.18496
1.18455 1.18704 1.18554
1.17802 1.1734 1.17503
1.18186 1.18227 1.1799
1.18373 1.18574 1.1852
1.17887 1.1752 1.17541
1.17941 1.17992 1.18156
1.18944 1.18931 1.19144
1.18383 1.18117 1.1822
1.18778 1.19055 1.19109
1.19952 1.20111 1.20263
1.18847 1.1903 1.18993
1.18666 1.18974 1.18983
1.19236 1.19366 1.19299
1.18406 1.18411 1.18383
1.19735 1.19924 1.20028
1.20764 1.20695 1.2091
1.19534 1.19545 1.19782
1.18961 1.19058 1.19325
1.19514 1.19668 1.19698
1.18427 1.1842 1.18349
1.19089 1.19403 1.1951
1.20216 1.20459 1.20559
1.20121 1.20276 1.20362
1.20054 1.19791 1.19764
1.19531 1.1948 1.1925
1.18759 1.18869 1.18809
1.19574 1.19295 1.19342
1.19716 1.19642 1.19742
1.18998 1.18935 1.18971
1.19376 1.19264 1.19268
1.19603 1.19537 1.19717
1.1899 1.18911 1.18936
1.20002 1.1994 1.20061
1.2111 1.21039 1.21111
1.20438 1.20401 1.20621
1.20989 1.2101 1.20976
1.21173 1.21292 1.2134
1.2097 1.21144 1.21062
1.21043 1.21049 1.20907
1.2197 1.2193 1.21662
1.2178 1.21767 1.21882
1.21658 1.21881 1.21844
1.22244 1.22183 1.22354
1.22329 1.22583 1.22448
1.22505 1.22507 1.22412
1.2275 1.22422 1.22392
1.22808 1.2283 1.22746
1.22821 1.22992 1.22658
1.22794 1.22908 1.22714
1.22807 1.2281 1.22667
1.22787 1.22676 1.22694
1.22973 1.22895 1.22908
1.23821 1.23896 1.2389
1.24155 1.24229 1.24088
1.24618 1.24607 1.24276
1.24843 1.24631 1.24568
1.24306 1.24157 1.24014
1.24847 1.24868 1.24833
1.25208 1.25068 1.24982
1.25404 1.25285 1.25244
1.25641 1.25558 1.25523
1.26045 1.26026 1.25874
1.26704 1.26871 1.26589
1.27386 1.27342 1.27454
1.28395 1.2829 1.28256
1.29289 1.2932 1.29409
1.30305 1.30215 1.30192
1.30826 1.30763 1.30637
1.3147 1.31448 1.31267
1.32427 1.324 1.3233
1.33022 1.33142 1.32854
1.33855 1.34025 1.33612
1.34798 1.34762 1.34453
1.35315 1.35367 1.35233
1.35486 1.3553 1.35317
1.3596 1.36031 1.3584
1.36797 1.36855 1.36633
1.37753 1.37648 1.37594
1.38272 1.38216 1.38085
1.38689 1.387 1.385
1.3921 1.39174 1.38977
1.39441 1.39423 1.39173
1.39747 1.39766 1.39521
1.40129 1.40178 1.39998
1.40284 1.40398 1.40097
1.40552 1.40572 1.40397
1.40768 1.40704 1.40522
1.40988 1.40876 1.40744
1.41288 1.41309 1.41022
1.41801 1.41664 1.41337
1.41868 1.41908 1.41655
1.423 1.42525 1.42195
1.4305 1.4303 1.42833
1.43398 1.43698 1.43433
1.43833 1.43817 1.43658
1.44513 1.44484 1.44255
1.44703 1.44447 1.44436
1.44713 1.44446 1.44374
1.44858 1.44901 1.44711
1.45083 1.45381 1.44975
1.45573 1.45514 1.45472
