1.07338 1.07287 1.07283
1.07476 1.07413 1.0743
1.07466 1.07471 1.07426
1.07514 1.07434 1.0744
1.07587 1.07547 1.07555
1.07621 1.07572 1.07568
1.07584 1.07537 1.07532
1.07711 1.07666 1.07666
1.0773 1.07678 1.0768
1.07698 1.07686 1.07664
1.07838 1.07779 1.07787
1.07834 1.07776 1.07796
1.07777 1.07733 1.07744
1.07943 1.07857 1.0789
1.07868 1.07803 1.07817
1.07858 1.07813 1.07805
1.07988 1.07937 1.0794
1.07969 1.07895 1.07906
1.07966 1.07909 1.07907
1.08029 1.08008 1.08004
1.08104 1.08082 1.08042
1.08088 1.08069 1.08024
1.08113 1.08069 1.08059
1.08163 1.0815 1.08102
1.08145 1.08105 1.08084
1.08185 1.08161 1.08169
1.08276 1.0824 1.08224
1.08278 1.08231 1.08208
1.08302 1.08241 1.08231
1.08332 1.08315 1.0827
1.08334 1.083 1.08278
1.08316 1.08313 1.08275
1.08419 1.08405 1.0836
1.08425 1.08359 1.08352
1.08411 1.08293 1.08348
1.08371 1.08289 1.08273
1.08261 1.08259 1.08255
1.0818 1.08225 1.08201
1.08294 1.08305 1.08293
1.08179 1.08354 1.08347
1.08136 1.08095 1.08103
1.08239 1.08147 1.08166
1.08263 1.08179 1.08204
1.08218 1.08162 1.08186
1.08188 1.08133 1.08165
1.082 1.08148 1.08171
1.08228 1.08168 1.08188
1.08037 1.08062 1.08088
1.08141 1.08099 1.0811
1.08135 1.08106 1.08108
1.08173 1.08133 1.08127
1.08154 1.08103 1.08096
1.08204 1.08146 1.08149
1.08189 1.0815 1.0815
1.08196 1.0813 1.08154
1.08279 1.08259 1.08244
1.08311 1.08269 1.08276
1.08284 1.08265 1.0827
1.08365 1.08327 1.0834
1.08377 1.08312 1.08337
1.08386 1.08349 1.08353
1.08478 1.0846 1.08447
1.08521 1.08453 1.08486
1.08535 1.08493 1.08492
1.08625 1.08605 1.08599
1.08642 1.08611 1.08613
1.08677 1.0861 1.08633
1.08765 1.08753 1.08745
1.08784 1.08754 1.08752
1.0879 1.08759 1.08771
1.08828 1.08813 1.08826
1.08826 1.08797 1.088
1.08789 1.08788 1.08812
1.0886 1.08852 1.0883
1.08905 1.0887 1.08866
1.0892 1.08919 1.08882
1.0892 1.09005 1.08969
1.09039 1.09048 1.09017
1.09013 1.09 1.0897
1.09063 1.09095 1.09053
1.09111 1.09104 1.0911
1.09059 1.09083 1.09072
1.09043 1.09056 1.09018
1.09141 1.09109 1.0912
1.09088 1.09063 1.09083
1.09161 1.09116 1.09161
1.08977 1.09003 1.08991
1.08955 1.08873 1.08907
1.09049 1.08971 1.09014
1.08988 1.08932 1.08951
1.08974 1.08898 1.08931
1.0908 1.09049 1.09043
1.09055 1.08973 1.09015
1.09055 1.08974 1.09
1.09117 1.09058 1.09088
1.09099 1.09148 1.09178
1.09474 1.09451 1.09518
1.09944 1.10014 1.09949
1.10345 1.10449 1.10373
1.10534 1.10615 1.10541
1.10609 1.10646 1.10598
1.10921 1.11007 1.10938
1.11143 1.11225 1.11161
1.1123 1.11306 1.11246
1.11548 1.11653 1.116
1.11807 1.11913 1.11862
1.11689 1.11909 1.11889
1.12094 1.12168 1.12139
1.12503 1.12536 1.12503
1.12796 1.12878 1.12835
1.13445 1.13518 1.13462
1.1341 1.13797 1.13746
1.12905 1.13054 1.13022
1.1335 1.13369 1.13352
1.13694 1.13741 1.13704
1.13878 1.13931 1.13873
1.13947 1.13995 1.13959
1.14234 1.14328 1.14251
1.14344 1.14494 1.14423
1.14542 1.1469 1.14597
1.14769 1.14852 1.14797
1.15189 1.15325 1.15272
1.1566 1.15739 1.1573
1.16103 1.16375 1.16371
1.16535 1.16768 1.16769
1.17249 1.173 1.17278
1.17571 1.17515 1.1755
1.17429 1.17787 1.17798
1.17802 1.1802 1.18029
1.18204 1.18254 1.1831
1.1845 1.18457 1.1849
1.18438 1.18569 1.18527
1.18743 1.18738 1.18741
1.18836 1.18888 1.18878
1.18725 1.18683 1.19085
1.18774 1.1896 1.19239
1.1848 1.18472 1.18495
1.18748 1.18632 1.18685
1.18918 1.1899 1.18964
1.18753 1.18743 1.19137
1.18188 1.1825 1.18183
1.18499 1.18559 1.1851
1.18659 1.18669 1.18631
1.18671 1.18557 1.19092
1.18781 1.18747 1.19039
1.17632 1.17654 1.17643
1.17965 1.17957 1.17934
1.1792 1.18045 1.17995
1.18315 1.18419 1.18293
1.18364 1.18357 1.18334
1.18516 1.18459 1.1846
1.18797 1.18762 1.18815
1.1903 1.18892 1.18935
1.18878 1.18855 1.19279
1.19193 1.19242 1.19405
1.18664 1.18612 1.18689
1.18408 1.18644 1.18963
1.18406 1.18479 1.18463
1.18813 1.18843 1.18784
1.18922 1.19028 1.19014
1.18927 1.19143 1.19394
1.18958 1.19198 1.19507
1.18434 1.18478 1.18958
1.18896 1.18708 1.19198
1.1921 1.1924 1.19687
1.19309 1.1914 1.19587
1.20809 1.20985 1.21194
1.22173 1.22211 1.22423
1.22803 1.23028 1.23021
1.22147 1.22259 1.22365
1.22923 1.22943 1.23056
1.23088 1.2305 1.2323
1.23278 1.23317 1.23387
1.23394 1.23468 1.23571
1.23577 1.23541 1.23706
1.2373 1.23825 1.23935
1.23981 1.23989 1.2411
1.23693 1.23765 1.23767
1.23611 1.23621 1.23673
1.23604 1.23597 1.23685
1.23506 1.23505 1.23593
1.24029 1.24041 1.24104
1.23855 1.23726 1.23876
1.23865 1.24019 1.24071
1.24423 1.24334 1.24341
1.2491 1.24842 1.2485
1.24741 1.24773 1.24777
1.24478 1.24468 1.24436
1.24365 1.24352 1.24274
1.24357 1.24264 1.24353
1.2446 1.24377 1.24387
1.24386 1.24424 1.24326
1.24568 1.24583 1.24556
1.25181 1.25183 1.25223
1.25334 1.2531 1.25349
1.25596 1.2558 1.25613
1.25636 1.25583 1.25577
1.25819 1.25833 1.25803
1.26261 1.26217 1.26226
1.26103 1.26152 1.26112
1.26129 1.26217 1.26123
1.2674 1.2676 1.26848
1.27015 1.269 1.27037
1.27106 1.27155 1.27227
1.27613 1.27637 1.27607
1.27871 1.27911 1.28001
1.2842 1.28284 1.28295
1.29301 1.29246 1.29229
1.29669 1.29747 1.29714
1.29689 1.29797 1.29795
1.30064 1.29975 1.29998
1.29904 1.29844 1.29878
1.30353 1.30271 1.30217
1.30327 1.30368 1.3032
1.30671 1.30709 1.30659
1.31009 1.31173 1.3096
1.31482 1.31466 1.31373
1.31991 1.31891 1.3187
1.32305 1.3233 1.32151
1.31559 1.3152 1.31413
1.3155 1.31601 1.31531
1.31634 1.31649 1.31576
1.31548 1.31617 1.31495
1.32224 1.32265 1.32156
1.32243 1.32199 1.32135
1.32318 1.32217 1.32167
1.32627 1.32513 1.32488
1.32378 1.32322 1.32218
1.31881 1.31967 1.31809
1.32015 1.31935 1.31954
1.31704 1.31655 1.31647
1.31894 1.31893 1.31829
1.32346 1.3228 1.3212
1.32379 1.32304 1.32364
1.32555 1.32679 1.32457
1.3255 1.32572 1.32543
1.32773 1.32815 1.32743
1.33006 1.33048 1.32996
1.33303 1.33141 1.3307
1.33621 1.33628 1.33564
1.33601 1.33649 1.33455
1.33774 1.33702 1.33599
1.33837 1.33981 1.33753
1.3376 1.33914 1.33746
1.3413 1.34219 1.34049
1.34397 1.34383 1.34293
1.34806 1.34802 1.34802
1.34984 1.3511 1.34993
1.35288 1.35339 1.35211
1.35629 1.35593 1.35505
1.35715 1.35705 1.3575
1.36048 1.3613 1.36014
1.36408 1.3641 1.36236
1.36617 1.36615 1.36543
1.36607 1.36735 1.36632
1.36679 1.36761 1.36606
1.36703 1.36852 1.36764
1.37195 1.37204 1.37066
1.37407 1.37395 1.3726
1.37356 1.37405 1.37472
1.37449 1.37508 1.37455
1.37536 1.37541 1.37509
1.37604 1.37628 1.37521
1.37657 1.37702 1.37673
1.37718 1.37801 1.37745
1.37819 1.37783 1.37743
1.37726 1.37881 1.37679
1.37702 1.37694 1.37689
1.37847 1.37878 1.37882
1.3796 1.37959 1.37946
1.37966 1.38071 1.37986
1.38072 1.38134 1.38026
1.38189 1.38215 1.38097
1.38101 1.38085 1.38093
1.38212 1.38082 1.37996
1.38209 1.3815 1.38039
1.38139 1.38214 1.37993
1.38279 1.38184 1.38166
1.38137 1.38174 1.38084
1.38291 1.38414 1.38182
1.38353 1.38454 1.38369
1.38297 1.38429 1.38308
1.38381 1.38485 1.38108
1.38523 1.38536 1.38487
1.38776 1.38898 1.38687
1.40074 1.40257 1.40096
1.40206 1.40109 1.40025
1.39935 1.399 1.39788
1.39956 1.39884 1.39808
1.40383 1.40262 1.40188
1.41724 1.41652 1.41608
1.40498 1.40658 1.40463
1.41945 1.41819 1.41797
1.42125 1.42062 1.42016
1.40878 1.41033 1.40829
1.42322 1.42302 1.42289
1.41179 1.41247 1.41111
1.41477 1.41526 1.41355
1.4281 1.42828 1.42694
1.42903 1.42799 1.42805
1.41845 1.41675 1.41636
1.43067 1.42915 1.4298
1.43022 1.42933 1.42902
1.41601 1.41648 1.41556
1.41672 1.41638 1.41532
1.41518 1.41499 1.41425
1.41533 1.41374 1.41335
1.41358 1.41312 1.41177
1.41562 1.41518 1.41366
1.45851 1.45926 1.45734
1.49476 1.49343 1.49394
1.46066 1.45971 1.45879
1.45912 1.46022 1.45936
1.46125 1.46029 1.46024
1.4625 1.46226 1.46225
1.46723 1.46943 1.46617
1.46363 1.46276 1.46216
1.46618 1.46605 1.46594
1.467 1.46683 1.46651
1.46566 1.46566 1.46459
1.46352 1.4634 1.46191
1.46645 1.46625 1.46439
1.46101 1.46129 1.46115
1.46491 1.46486 1.4642
1.46348 1.46399 1.46294
1.46362 1.46316 1.46203
1.46235 1.46356 1.46239
1.46368 1.46477 1.46348
1.46476 1.46361 1.46428
1.46421 1.46421 1.46403
1.4757 1.47438 1.47438
1.48448 1.4841 1.48599
1.49343 1.49445 1.49225
1.50054 1.4995 1.50001
1.50801 1.50764 1.50751
1.51615 1.51548 1.51587
1.52368 1.52471 1.52299
1.53729 1.53294 1.53284
1.54278 1.54511 1.54279
1.54749 1.55058 1.54817
1.55697 1.55618 1.55944
1.56301 1.56604 1.5633
1.57082 1.57156 1.57168
1.57834 1.57488 1.57524
1.57603 1.57939 1.577
1.58322 1.58045 1.58493
1.58232 1.58609 1.58341
1.59913 1.59767 1.60057
1.54557 1.54493 1.54325
1.60089 1.60225 1.60095
1.56433 1.56432 1.56768
1.56546 1.56693 1.56172
1.56812 1.56805 1.56599
1.57337 1.57487 1.56978
1.61032 1.60957 1.61166
1.60979 1.6102 1.61176
1.58804 1.58753 1.58728
1.69039 1.69557 1.69311
1.61991 1.62031 1.61982
1.60379 1.60443 1.60295
1.70343 1.70446 1.70161
1.62547 1.62793 1.62612
1.62426 1.62506 1.62392
1.71212 1.71207 1.70967
1.60051 1.597 1.60378
1.63052 1.63108 1.63335
1.72286 1.72409 1.73052
1.61366 1.61417 1.61543
1.6511 1.65601 1.65765
1.7323 1.73306 1.73217
1.62179 1.62056 1.62712
1.6738 1.67203 1.66636
1.73576 1.73709 1.73986
1.72603 1.72362 1.7244
1.69357 1.69378 1.69573
1.73778 1.7357 1.73696
1.73336 1.73475 1.73513
1.73722 1.73671 1.73837
1.74289 1.73847 1.74139
1.76036 1.75897 1.76361
1.79079 1.7906 1.7886
1.81275 1.81301 1.81438
1.8266 1.82614 1.82554
1.84471 1.84636 1.84808
1.66835 1.66771 1.66811
1.31304 1.31048 1.31981
1.15939 1.15863 1.15975
1.13253 1.13107 1.13067
1.11965 1.11983 1.11994
1.09818 1.09431 1.09496
1.10045 1.0997 1.09774
1.09976 1.09861 1.09825
1.09766 1.09766 1.09761
1.09768 1.09768 1.09778
1.09855 1.09743 1.09876
1.09827 1.09758 1.09838
1.10078 1.09871 1.09928
1.0973 1.09804 1.09961
1.10345 1.10201 1.10236
1.10438 1.10393 1.10448
1.10559 1.10756 1.10705
