89.8101119819
90.1999879033
89.8511600048
89.8263906485
89.7689757944
89.7721822679
89.8013448602
89.7942656062
88.3888651693
89.7939373592
84.5769325013
82.5889681883
83.1594567944
83.2022626171
83.0383993647
82.5510811994
82.5696542087
82.5906113357
82.593969473
82.6196553194
82.6260155706
82.5876548018
82.8261519178
82.7592086103
82.6598857548
82.9141500058
81.2859630652
81.8401623991
78.377848129
75.6068131078
75.5805222491
75.5570461102
75.5217975785
75.6868117032
75.7019203385
75.7142670925
75.734327867
75.759144373
75.8032539838
75.797118053
75.7805202663
75.7594397878
75.801197254
75.7573754438
71.9806039268
73.0267746896
70.3191312843
68.9164309565
68.9431388899
68.9378795444
68.9332537281
68.9291699392
68.8689723989
68.8920367095
68.9126360257
68.9428608876
68.9723475534
68.9661933289
68.9833614749
68.2552997924
67.3921566992
65.530134839
64.5594595942
64.8106294372
64.1028291533
63.6737752739
63.9019107485
62.2673402328
62.2589791642
62.2002439834
62.216016159
62.2056319024
62.2432311562
62.2534772164
62.2577530505
61.6150207945
59.7293636343
58.7856433469
58.7514305948
58.5106954489
58.2278742376
58.2664478823
57.9789979927
57.7098227443
57.6581933527
57.5967425887
57.1695485722
57.4472044236
57.2216986738
56.9624965892
56.9942359996
56.5921242164
55.1338504162
53.713533546
52.9964394947
52.3869058733
52.3918845379
52.1230408958
51.8697445161
51.9224478631
51.6466375966
51.4150995501
51.4386979142
51.3570548087
51.1294076366
51.1232367646
50.8365380206
50.66379703
50.8307517666
50.7316671266
50.3617922561
50.753808667
49.2883251057
47.9407061567
46.8203858574
46.7905962794
46.6016741938
46.5983743552
46.3998905107
46.3171025461
46.0897084332
46.0486961651
45.7653641934
45.6724263015
45.1714354173
45.2331219989
43.7785737492
43.3192358796
42.4422676236
41.7066834041
42.0339837238
41.2194735206
40.9804581491
40.7883680883
40.5724493978
40.4827648631
40.1208298563
40.2126030291
39.8168690585
38.57855398
38.1175758739
37.4554579906
36.6762293247
36.1952954852
36.5086898554
35.5739898939
35.6918469552
35.3692126612
36.0313576714
35.6167550379
35.720664352
35.5575146512
35.299181422
35.2932361267
35.2716478539
35.5025711058
35.0738103697
35.160685672
34.7848888883
34.4032141567
35.0461443075
34.2311919778
34.3954062301
34.1912337638
34.1810968711
33.6501975771
33.3311585389
33.2322362328
32.938482808
32.9410726834
32.6466179767
32.5566230871
32.5104695884
32.4881569207
32.4693817536
32.5426368008
32.4282490518
32.467061242
32.4830453194
32.4986691884
32.1578442081
32.0402623137
31.9912709821
31.9568249822
32.0371405382
31.9999465409
31.9570233322
31.9228075616
31.9779590816
31.9345925994
31.7258862231
31.7704237993
32.0407852284
31.829572073
31.7877052643
31.7324331591
31.8017090543
31.7795233732
31.5751252375
31.5254660488
31.7771828819
31.8183692395
31.584429417
31.7572771675
31.6258751646
31.6214161368
31.4286423069
31.70040825
31.5505143355
31.6725234304
31.6530407711
31.6204509541
31.4059893598
31.8135206613
31.4722174876
31.7183522145
31.6614310134
31.6269616909
31.3388183673
31.3871426474
31.27372869
31.1184154286
30.6831552257
30.8561637236
30.7591402114
31.1586148277
30.5640610641
30.5665559072
30.5519559786
30.3600535888
30.3651930546
30.3255262646
30.3302874876
30.3328815805
30.2131694757
30.2985405246
30.0239973254
30.0260925522
29.8994027956
29.8899869728
29.8602799864
29.7931355715
29.7500212459
29.7099847283
29.7114688283
29.6807571108
29.6818297571
29.5980937306
29.6000031998
29.3397370812
29.3589350602
29.378152186
29.3703050494
29.3456822968
29.3443604659
29.3097997418
29.3569866531
29.3094395017
29.2304521557
29.44256842
29.3713778022
29.1973557098
29.184066625
29.227257069
29.1883430004
29.2852127767
29.261953418
29.2534197913
29.2319585819
29.2598625806
29.2111535102
29.2473553616
29.238924944
29.2456309469
28.7384388288
28.9110494676
28.8969437087
28.8924552475
28.8986122706
28.5531811016
28.5577940782
28.5780637593
28.5809644797
28.3074986693
28.3200538664
28.3372054843
28.3413580543
28.3187380751
28.3233569809
28.2711080604
28.2760402055
28.2423193798
28.2469695194
27.536255399
27.547047519
27.5726186244
27.2898177947
27.2934954989
27.2607108353
27.263300994
27.0059454389
27.003794077
26.920166217
26.9359680608
26.9393081484
26.9392779093
26.7689733487
26.7894216471
26.8173948498
26.8346152293
26.7927892477
26.7976545894
26.5430812623
26.5264240492
26.5271443528
26.360630475
26.3504194137
26.3410564054
26.3399331318
26.0021053482
25.98292522
25.970442318
25.8885524459
25.8864459449
25.8952587745
25.8925067515
25.8924517668
25.8316137514
25.8203157393
25.7996840698
25.7975405912
25.7790649428
25.7725945075
25.7427164007
25.7321065252
25.708737969
25.6986034252
25.6618444477
25.6541218432
25.6777175578
25.676979996
25.6882856598
25.7414201011
25.8238711735
25.8178086403
25.394015007
25.5672650007
25.533775849
25.4715833659
25.4198726392
25.479627169
