1.09005 1.07795 1.0784
1.07447 1.07526 1.08134
1.08073 1.0665 1.06802
1.08105 1.06578 1.07985
1.07337 1.06576 1.07193
1.06573 1.05426 1.0652
1.06563 1.05551 1.06695
1.06027 1.05877 1.06376
1.06136 1.06209 1.06129
1.05966 1.05731 1.05886
1.05613 1.05698 1.05859
1.06039 1.05877 1.05899
1.05711 1.05659 1.0578
1.05713 1.0568 1.05771
1.05463 1.05797 1.05687
1.05833 1.05682 1.05809
1.05746 1.05739 1.05866
1.05852 1.05635 1.05968
1.05954 1.05618 1.05772
1.06104 1.05646 1.05815
1.05967 1.05959 1.05935
1.06361 1.06291 1.06166
1.0592 1.05805 1.06137
1.05965 1.06012 1.05864
1.05853 1.05842 1.0583
1.0569 1.05903 1.05679
1.05615 1.05959 1.05762
1.05723 1.0557 1.05554
1.05413 1.05512 1.05379
1.05362 1.05184 1.05417
1.04922 1.05116 1.0501
1.04434 1.04528 1.04723
1.04414 1.04488 1.04485
1.04444 1.04408 1.04562
1.04462 1.04047 1.0429
1.04611 1.04744 1.04747
1.05049 1.05117 1.04989
1.04769 1.04873 1.05013
1.04629 1.04653 1.048
1.04463 1.04515 1.048
1.04084 1.04569 1.04472
1.04544 1.04425 1.04744
1.04511 1.04644 1.04466
1.04206 1.04157 1.0423
1.04548 1.0432 1.04422
1.04656 1.045 1.04533
1.04409 1.04437 1.04364
1.04329 1.04478 1.0435
1.04295 1.04372 1.04574
1.04213 1.04252 1.04146
1.03966 1.04166 1.04005
1.04043 1.04129 1.04192
1.0386 1.03866 1.03869
1.03846 1.04043 1.04094
1.03918 1.04017 1.04113
1.04499 1.04406 1.04388
1.04209 1.04291 1.04206
1.04167 1.04076 1.04079
1.03497 1.04204 1.04236
1.04021 1.04327 1.04251
1.03988 1.04332 1.04225
1.03806 1.03751 1.04163
1.04183 1.0408 1.04154
1.04133 1.03916 1.03899
1.0395 1.04037 1.03982
1.03714 1.03875 1.04005
1.03816 1.03798 1.03734
1.03717 1.03613 1.03591
1.03172 1.03389 1.03345
1.03585 1.03545 1.03466
1.03756 1.0369 1.03583
1.03674 1.03691 1.03749
1.03767 1.03723 1.0363
1.03663 1.03625 1.03589
1.03827 1.03525 1.03498
1.03824 1.03864 1.03748
1.03696 1.03646 1.03556
1.03479 1.03611 1.03305
1.03969 1.03403 1.03323
1.04086 1.03758 1.03324
1.04041 1.03921 1.03553
1.0383 1.03521 1.03376
1.03588 1.03645 1.03871
1.03559 1.03591 1.03622
1.03486 1.03657 1.03732
1.03282 1.03719 1.0352
1.03628 1.03557 1.03875
1.03964 1.03753 1.03966
1.03523 1.03786 1.03618
1.03136 1.03316 1.03169
1.02978 1.03354 1.03847
1.03081 1.03559 1.03368
1.03888 1.04001 1.03828
1.03942 1.03831 1.03866
1.03483 1.03739 1.03564
1.03579 1.03572 1.0366
1.0356 1.03919 1.0373
1.03278 1.03345 1.03184
1.03455 1.03272 1.03352
1.03449 1.0333 1.03397
1.02842 1.03435 1.03361
1.03399 1.03527 1.03299
1.03261 1.03335 1.03502
1.03216 1.03504 1.03306
1.03463 1.03346 1.03192
1.03764 1.03521 1.0364
1.03531 1.0347 1.03286
1.03937 1.03583 1.03703
1.03945 1.03768 1.03612
1.0417 1.04011 1.03937
1.04213 1.04207 1.04094
1.04078 1.03825 1.03924
1.04035 1.03916 1.03932
1.04019 1.04136 1.03954
1.03766 1.03637 1.03465
1.03857 1.03737 1.03545
1.03972 1.03989 1.03691
1.03595 1.03826 1.03621
1.03481 1.03632 1.03615
1.03584 1.03818 1.03693
1.04156 1.0372 1.03956
1.03711 1.03648 1.03665
1.03418 1.03647 1.0343
1.03234 1.03385 1.0326
1.02896 1.03213 1.02995
1.02902 1.03095 1.03018
1.03096 1.03148 1.03003
1.03223 1.03178 1.03092
1.03351 1.03078 1.03142
1.0317 1.03304 1.03129
1.03325 1.03256 1.03295
1.03246 1.03459 1.03399
1.03414 1.03577 1.03375
1.0362 1.03566 1.03374
1.02989 1.03238 1.03035
1.03617 1.03667 1.03532
1.03685 1.03896 1.03502
1.03707 1.03641 1.03126
1.03402 1.03234 1.03034
1.03707 1.03405 1.02875
1.03397 1.03349 1.02788
1.03288 1.03221 1.03076
1.03315 1.03321 1.03109
1.03438 1.03531 1.03329
1.02838 1.03114 1.03008
1.03061 1.03117 1.02996
1.02988 1.02891 1.02782
1.02853 1.02752 1.02675
1.02813 1.02813 1.02656
1.02843 1.02921 1.02783
1.03082 1.03386 1.02981
1.02728 1.02839 1.02833
1.02878 1.03056 1.02842
1.02765 1.02981 1.02729
1.02931 1.02721 1.02696
1.02773 1.03001 1.02719
1.03066 1.0295 1.02656
1.02661 1.02989 1.02782
1.0298 1.02951 1.028
1.02788 1.02934 1.02625
1.04071 1.0369 1.03126
1.0335 1.03212 1.02964
1.0374 1.03124 1.03216
1.03848 1.04134 1.03673
1.04094 1.03781 1.03813
1.04108 1.03778 1.04073
1.03758 1.03496 1.03697
1.03221 1.03175 1.02847
1.03187 1.0294 1.02939
1.03141 1.03345 1.03109
1.03366 1.0335 1.03143
1.03115 1.03184 1.0302
1.03259 1.03206 1.03012
1.0298 1.035 1.03187
1.03041 1.02963 1.02777
1.03121 1.03388 1.03241
1.03849 1.03792 1.03534
1.0354 1.0346 1.03476
1.03646 1.03569 1.03427
1.0339 1.03515 1.03387
1.03889 1.0371 1.03531
1.02876 1.0278 1.02825
1.03002 1.02666 1.02713
1.02692 1.02546 1.02437
1.0258 1.02548 1.02634
1.02511 1.02421 1.02281
1.03057 1.02926 1.02773
1.02791 1.02782 1.02686
1.02651 1.02763 1.02602
1.02992 1.02769 1.02488
1.02649 1.02598 1.02427
1.02836 1.02917 1.02712
1.0241 1.02864 1.02655
1.02996 1.02832 1.02682
1.02701 1.02496 1.02513
1.02683 1.02523 1.02562
1.02665 1.02481 1.02486
1.0238 1.02519 1.02617
1.02429 1.0257 1.02475
1.02344 1.02661 1.02524
1.02626 1.027 1.02413
1.02543 1.02655 1.02354
1.02291 1.02576 1.02357
1.02245 1.02159 1.02139
1.02442 1.02437 1.02226
1.0243 1.02421 1.02471
1.02372 1.02745 1.02489
1.02655 1.02656 1.02817
1.02727 1.02846 1.02735
1.02827 1.02827 1.02899
1.02665 1.02544 1.02491
1.02554 1.02817 1.02779
1.02673 1.02822 1.02589
1.02484 1.02815 1.02386
1.02253 1.0259 1.02418
1.02562 1.02814 1.02329
1.02317 1.0244 1.02294
1.02223 1.02653 1.02371
1.02288 1.02583 1.02523
1.02534 1.02729 1.0277
1.02291 1.02698 1.02707
1.02246 1.02727 1.02443
1.02113 1.0268 1.02629
1.02287 1.02599 1.02504
1.02086 1.02648 1.02397
1.02095 1.02449 1.02402
1.01805 1.02435 1.02243
1.01978 1.02513 1.02239
1.02162 1.02587 1.02471
1.02492 1.02561 1.02526
1.02164 1.02535 1.02454
1.02056 1.0262 1.02431
1.02137 1.02477 1.0242
1.02034 1.02442 1.02242
1.02263 1.02603 1.02228
1.02212 1.02589 1.02435
1.02134 1.0278 1.02435
1.02204 1.02561 1.0241
1.0203 1.02208 1.02119
1.01948 1.02353 1.02074
1.02122 1.02536 1.02269
1.02544 1.02653 1.0245
1.02406 1.02671 1.0253
1.02233 1.02685 1.0255
1.02607 1.02734 1.02651
1.02538 1.02602 1.02391
1.02344 1.02582 1.02349
1.0236 1.02438 1.02298
1.02021 1.02625 1.02204
1.02172 1.02528 1.0227
1.02477 1.02578 1.02199
1.02176 1.02413 1.02394
1.0213 1.02405 1.02473
1.022 1.02494 1.02423
1.02532 1.02307 1.02348
1.0202 1.02514 1.02317
1.02298 1.0247 1.02489
1.02281 1.02279 1.02275
1.02232 1.02051 1.02197
1.02406 1.02139 1.02178
1.01979 1.02205 1.023
1.01953 1.02234 1.02308
1.02127 1.02176 1.02304
1.02279 1.02213 1.02251
1.02396 1.02467 1.02248
1.02425 1.02476 1.0239
1.019 1.02229 1.02173
1.01539 1.02126 1.01948
1.01699 1.021 1.02062
1.01552 1.0219 1.01899
1.01565 1.02221 1.02116
1.0159 1.02113 1.02082
1.01811 1.02143 1.02097
1.01493 1.02285 1.02074
1.01813 1.02252 1.02065
1.01788 1.02312 1.01994
1.01741 1.02066 1.01886
1.01624 1.02146 1.01892
1.0193 1.02252 1.01968
1.01766 1.02242 1.02021
1.0201 1.02621 1.02385
1.01834 1.02651 1.02436
1.0237 1.02716 1.02433
1.02366 1.02664 1.02412
1.02177 1.02666 1.02447
1.02525 1.02657 1.02526
1.01972 1.02298 1.02071
1.02138 1.02385 1.02106
1.02372 1.02409 1.02186
1.02111 1.0238 1.02073
1.01975 1.02562 1.02148
1.02016 1.02509 1.0218
1.02181 1.02557 1.02155
1.01931 1.02388 1.0208
1.019 1.02447 1.02048
1.02019 1.02438 1.02074
1.01924 1.02279 1.01894
1.01979 1.02379 1.01912
1.01841 1.02345 1.01945
1.02153 1.02611 1.02451
1.02026 1.02468 1.02303
1.02191 1.02463 1.02212
1.02237 1.02359 1.02202
1.02201 1.02397 1.02125
1.0215 1.02438 1.02176
1.02067 1.02291 1.02116
1.02002 1.02334 1.02123
1.02047 1.02448 1.0225
1.01551 1.0188 1.01737
1.01528 1.01826 1.01714
1.01911 1.02083 1.01884
1.01869 1.02253 1.02022
1.02096 1.02368 1.0199
1.01998 1.02528 1.02459
1.01966 1.02594 1.0196
1.0237 1.0257 1.02605
1.02121 1.02359 1.02137
1.02389 1.02806 1.02629
1.01769 1.01914 1.01826
1.01756 1.02327 1.01994
1.01832 1.02407 1.01977
1.01676 1.02678 1.02133
1.02103 1.02376 1.02248
1.02237 1.02281 1.02347
1.022 1.02323 1.02256
1.02474 1.02412 1.01943
1.02242 1.0261 1.02549
1.02107 1.0253 1.02073
1.02047 1.02518 1.02072
1.02183 1.02275 1.02164
1.02333 1.02071 1.02182
1.01804 1.02108 1.01928
1.01679 1.01982 1.0193
1.0175 1.01982 1.0182
1.01733 1.01935 1.01871
1.01843 1.01944 1.01732
1.01897 1.0196 1.01837
1.02093 1.02134 1.02066
1.02327 1.02403 1.02098
1.02837 1.02336 1.02423
1.02258 1.02419 1.02331
1.0251 1.02597 1.02216
1.02453 1.02498 1.02314
1.02444 1.02389 1.02391
1.02173 1.02329 1.02202
1.02075 1.02305 1.02077
1.02162 1.02305 1.02097
1.02259 1.02382 1.02214
1.02276 1.0237 1.02235
1.02267 1.02503 1.02245
1.02016 1.02266 1.02224
1.02438 1.02569 1.02318
1.0321 1.03015 1.0272
1.0358 1.02556 1.03184
1.02752 1.02717 1.02266
1.02976 1.02492 1.02574
1.0219 1.02313 1.02207
1.02361 1.02059 1.0213
1.02542 1.02001 1.02372
1.0219 1.01978 1.01816
1.02106 1.02134 1.02021
1.0215 1.02329 1.02101
1.02429 1.02296 1.02321
1.02245 1.02411 1.0216
1.0278 1.02852 1.02461
1.03231 1.03131 1.02776
1.03224 1.02802 1.02678
1.03197 1.03342 1.03072
1.02956 1.02898 1.02771
1.03161 1.03149 1.02898
1.02979 1.02921 1.02879
1.02817 1.02818 1.0259
1.02787 1.02784 1.02627
1.02515 1.02629 1.02491
1.02941 1.02903 1.02617
1.03347 1.03243 1.02687
1.02297 1.0235 1.02773
1.01935 1.02174 1.01808
1.01761 1.01401 1.02064
1.0145 1.01104 1.0133
1.01462 1.01162 1.01211
1.0197 1.0143 1.01528
1.02157 1.01382 1.01798
1.02114 1.01893 1.01808
1.01985 1.02374 1.02839
1.02974 1.03801 1.03459
1.03396 1.03973 1.04061
1.03795 1.03596 1.04021
1.02409 1.02132 1.02567
1.01883 1.01838 1.01738
1.01957 1.01986 1.01897
1.02698 1.02654 1.02318
1.02684 1.02579 1.02316
1.02691 1.02793 1.02857
1.02714 1.02475 1.03046
1.02152 1.01617 1.01961
1.01547 1.0185 1.0139
1.01772 1.01655 1.01794
1.02565 1.02715 1.02775
1.02399 1.03123 1.02396
1.0236 1.02772 1.02198
1.03104 1.03644 1.03007
1.0329 1.03398 1.04009
1.03149 1.03135 1.02933
1.02622 1.02275 1.02349
1.02651 1.02482 1.02317
1.03108 1.02925 1.02739
1.02095 1.02727 1.02167
1.02289 1.02282 1.01974
1.02357 1.02201 1.02335
1.02036 1.01597 1.02017
1.02071 1.01634 1.01732
1.01766 1.01767 1.01941
1.02075 1.02703 1.02303
1.01918 1.02359 1.02117
1.02428 1.02928 1.02958
1.0234 1.03013 1.02587
1.03122 1.03056 1.03145
1.02327 1.02231 1.026
1.02325 1.01999 1.01931
1.01882 1.01683 1.01932
1.017 1.01733 1.01492
1.0186 1.02454 1.01996
1.02984 1.03847 1.03182
1.03045 1.03655 1.03168
1.03516 1.0423 1.03782
1.03092 1.02742 1.02806
1.03095 1.02384 1.02651
1.02688 1.02604 1.02177
1.02253 1.02432 1.02185
1.02604 1.02837 1.02504
1.03094 1.03577 1.02893
1.03442 1.03723 1.03116
1.02282 1.02774 1.0212
1.02268 1.02528 1.02171
1.02787 1.02036 1.02167
1.01768 1.01513 1.01746
1.01522 1.01346 1.01424
1.01642 1.01721 1.01354
1.02035 1.02844 1.02306
1.02985 1.03462 1.0295
1.03432 1.03536 1.03308
1.02546 1.02229 1.0276
1.01884 1.02079 1.0182
1.02388 1.02233 1.0219
1.0231 1.0233 1.02545
1.02403 1.02488 1.02301
1.02273 1.03121 1.02398
1.0324 1.03274 1.03244
1.03268 1.03261 1.0335
1.0297 1.02863 1.0243
1.02528 1.02551 1.02416
1.02623 1.02228 1.0252
1.027 1.01927 1.02503
1.01876 1.01643 1.01826
1.02091 1.01231 1.01919
1.02084 1.02697 1.02204
1.02978 1.03087 1.03091
1.03308 1.03632 1.03495
1.02357 1.02583 1.02542
1.01951 1.02526 1.02458
1.02075 1.02454 1.01977
1.02444 1.021 1.02499
1.01948 1.02197 1.01909
1.02024 1.02943 1.02216
1.01896 1.01756 1.01846
1.0187 1.018 1.01834
1.02504 1.02746 1.02329
1.01779 1.02213 1.0223
1.02044 1.02129 1.02014
1.02694 1.02244 1.02325
1.03087 1.02383 1.02986
1.02646 1.02825 1.02372
1.02664 1.02758 1.02579
1.03944 1.03751 1.03422
1.03184 1.03855 1.03686
1.03499 1.02464 1.03183
1.02585 1.02169 1.02233
1.02526 1.02123 1.02249
1.02293 1.02994 1.02362
1.03122 1.03034 1.03032
1.02188 1.02737 1.02364
1.02082 1.02126 1.02572
1.02538 1.01833 1.01551
1.01655 1.02319 1.02075
1.02712 1.02199 1.02662
1.01891 1.01526 1.01821
1.02125 1.02166 1.0209
1.02161 1.02055 1.02435
1.0213 1.02395 1.0208
1.02091 1.03277 1.02573
1.02134 1.02557 1.02279
1.02092 1.02239 1.02534
1.02281 1.02234 1.02057
1.02595 1.02304 1.02465
1.0225 1.02056 1.0244
1.02402 1.01718 1.02175
1.02323 1.02277 1.02099
1.02359 1.0238 1.02217
1.02566 1.02037 1.0272
1.01629 1.01551 1.01852
1.01811 1.02146 1.01827
1.02461 1.03138 1.02576
1.02421 1.02539 1.02292
1.02641 1.03068 1.02561
1.02907 1.02758 1.02623
1.03273 1.03097 1.02843
1.02308 1.0203 1.02408
1.02169 1.01644 1.0195
1.02272 1.0218 1.02069
1.02179 1.02033 1.02324
1.01837 1.01788 1.01784
1.02494 1.02474 1.0193
1.02404 1.02588 1.02765
1.02227 1.02863 1.02517
1.02391 1.02843 1.0265
1.02437 1.03162 1.02878
1.03325 1.03576 1.02922
1.02412 1.02327 1.02174
1.02853 1.01988 1.02398
1.02168 1.02417 1.01867
1.02334 1.01554 1.01993
1.01677 1.0121 1.01451
1.01605 1.02173 1.01498
1.02346 1.0286 1.02514
1.03086 1.02808 1.03292
1.01896 1.01916 1.02399
1.02308 1.02505 1.02122
1.02369 1.02489 1.0281
1.01993 1.01745 1.02184
1.02063 1.01894 1.02039
1.02258 1.02366 1.01825
1.02034 1.02606 1.01985
1.03271 1.03549 1.0291
1.03522 1.04295 1.03653
1.02711 1.03444 1.03031
1.03672 1.03649 1.03077
1.02702 1.0375 1.03104
1.0222 1.02356 1.02256
1.0269 1.02251 1.02353
1.02529 1.02226 1.02308
1.02582 1.01967 1.02379
1.01383 1.01083 1.01532
1.01592 1.01849 1.01512
1.02173 1.01789 1.021
1.0219 1.02281 1.01903
1.02829 1.02634 1.02447
1.02789 1.0233 1.02542
1.02964 1.01771 1.02571
1.03215 1.03148 1.02562
1.03366 1.04052 1.03457
1.04429 1.05003 1.03735
1.02586 1.03349 1.02836
1.02576 1.01953 1.0253
1.02607 1.01749 1.0223
1.01974 1.01486 1.01787
1.0249 1.01763 1.02157
1.02578 1.0221 1.02183
1.028 1.01876 1.02206
1.02481 1.02317 1.02008
1.02095 1.02411 1.02316
1.02214 1.02504 1.02283
1.02905 1.02951 1.02951
1.03119 1.03369 1.03335
1.02908 1.02049 1.02373
1.02256 1.02737 1.02715
1.02698 1.02132 1.02515
1.02367 1.01749 1.01948
1.01894 1.02226 1.02024
1.02144 1.02414 1.02147
1.02601 1.02236 1.02671
1.01824 1.01487 1.01876
1.02083 1.01899 1.0196
1.01938 1.02175 1.01895
1.02369 1.03124 1.02741
1.03161 1.03554 1.03431
1.02565 1.03268 1.0259
1.03558 1.02499 1.03053
1.02363 1.02054 1.02217
1.01946 1.01627 1.01851
1.01504 1.01606 1.0146
1.02151 1.02076 1.01772
1.02594 1.02584 1.02055
1.02556 1.03079 1.03099
1.02965 1.03436 1.03329
1.0303 1.03254 1.02377
1.03383 1.02916 1.02771
1.02277 1.03276 1.02751
1.02113 1.0266 1.0219
1.02145 1.02997 1.02374
1.02197 1.03293 1.0253
1.01986 1.02053 1.0258
1.01903 1.01892 1.01819
1.02617 1.02669 1.02333
1.02963 1.02176 1.02471
1.02532 1.02474 1.02132
1.02982 1.02825 1.02366
1.0304 1.02439 1.02896
1.0284 1.02751 1.02661
1.02953 1.02892 1.03296
1.02873 1.03447 1.0274
1.03218 1.03186 1.02618
1.02485 1.01979 1.02531
1.01968 1.02346 1.02027
1.02794 1.03116 1.02548
1.02104 1.02972 1.02278
1.03286 1.03469 1.02815
1.03484 1.0374 1.03196
1.03572 1.01982 1.025
1.02607 1.02538 1.02284
1.02871 1.0248 1.02642
1.02738 1.02289 1.02287
1.01987 1.01621 1.02102
1.01638 1.01171 1.01277
1.01751 1.01252 1.0139
1.01733 1.01744 1.01778
1.02567 1.02021 1.02543
1.02913 1.02924 1.02419
1.02852 1.025 1.02937
1.02935 1.0288 1.02626
1.02785 1.02628 1.02542
1.0291 1.02512 1.02543
1.02878 1.03105 1.02895
1.02423 1.02387 1.02952
1.0238 1.0269 1.02357
1.01795 1.01577 1.02089
1.02125 1.0202 1.01909
1.02363 1.02095 1.02388
1.02298 1.016 1.02012
1.023 1.01801 1.01919
1.02226 1.02396 1.02416
1.01926 1.03043 1.02567
1.02924 1.02972 1.03517
1.02862 1.03364 1.02967
1.02869 1.02586 1.03073
1.02915 1.02572 1.02686
1.02554 1.03075 1.02597
1.03189 1.02337 1.02755
1.03218 1.02367 1.0249
1.0251 1.0248 1.02342
1.0246 1.03075 1.02584
1.02571 1.02157 1.02723
1.02213 1.02069 1.02152
1.02044 1.0156 1.0186
1.02362 1.0173 1.02168
1.02653 1.02923 1.02643
1.02503 1.02307 1.02706
1.02242 1.015 1.01997
1.01679 1.01428 1.01417
1.02367 1.01686 1.02197
1.01811 1.03377 1.02383
