0.00166172
0.00159259
0.00131611
0.00119458
0.00143688
0.0012068
0.00107029
0.00126898
0.00101907
0.000873071
0.000844465
0.00142722
0.00237504
0.00195329
0.00161709
0.0016187
0.00156612
0.00148223
0.00152699
0.00146851
0.00125673
0.00120325
0.0013346
0.00128719
0.0012455
0.00104711
0.00187721
0.00460142
0.00413784
0.00297887
0.00228186
0.0021553
0.00202211
0.00195228
0.00187684
0.00184624
0.00152967
0.00180572
0.00170988
0.00128722
0.00168196
0.00207132
0.00205892
0.00193903
0.00213794
0.00204994
0.00375403
0.00358122
0.00248592
0.002391
0.00224798
0.0021486
0.00229474
0.00210617
0.00195995
0.00279849
0.00270975
0.00258935
0.00266284
0.00279376
0.00266735
0.00205614
0.00264657
0.00302953
0.00279649
0.00266671
0.00167665
0.00314883
0.00302642
0.00291566
0.00281041
0.00272097
0.00390291
0.00313063
0.0030594
0.00299924
0.0029489
0.00300461
0.00269991
0.00213889
0.00205505
0.00178424
0.00171468
0.00167428
0.00195308
0.00237792
0.00233905
0.00185529
0.00259179
0.00320265
0.00306767
0.00185569
0.00184931
0.00184457
0.0018611
0.0021189
0.00189032
0.00159629
0.00154541
0.00134437
0.0013371
0.00126348
0.00125234
0.00125262
0.00142038
0.00195621
0.00187275
0.00184772
0.00182872
0.00223563
0.00173369
0.00167025
0.00165225
0.00142712
0.00138708
0.00134176
0.00115155
0.00112008
0.00146892
0.0011328
0.00115346
