89.7544344648
90.1570046443
89.7618552262
89.7873453041
89.7224742235
89.7204710148
89.7483298099
89.7428712495
88.0999994419
89.7518625135
83.3511948388
82.5282488325
82.5790067955
82.5178681419
82.5296241175
82.5426246001
82.5497167258
82.5593152215
82.5281568714
82.531278469
82.570327834
82.5734215405
82.5787726277
82.5866884648
82.58326494
82.772436787
81.1991143071
80.3281220413
80.3086939148
77.3769807493
76.3667741666
75.5303238913
75.5179188809
75.5602883339
75.5748757632
75.5779475612
75.5401905768
75.5464516879
75.5377174005
75.5126201389
75.5172582955
73.3125672344
72.7916245308
71.4876233605
71.1951834496
71.0313159194
70.6718416435
70.0547375509
70.0544103123
69.6635299426
68.8924064404
68.8862209027
68.8702907086
68.8864598754
68.8942416608
68.8996298157
68.9400227791
68.9452583749
68.9520540435
68.1527500022
67.2642347338
65.9319284262
64.8842166808
64.8788134169
64.1138537987
63.9021005813
63.9149642357
63.0970725763
62.2453329178
62.2806216032
62.23233947
62.2165231646
62.2701678773
62.1811560392
62.1878417611
62.2327280505
62.3192924402
62.3032082047
62.3131996062
60.6875917804
58.794719776
59.3490797671
58.0931931102
57.6104951115
57.611060745
56.9383895909
56.4439511034
56.0516161319
55.6035398016
55.4953229353
55.5927497411
55.5057619319
55.6026258917
55.6665790871
55.6950704274
55.7907714427
55.8030497915
55.8382657794
53.6331895683
54.9464173629
54.201968925
52.7701390965
52.9800969056
51.7673941039
50.2764573774
50.2884355301
49.7307540229
49.3015561552
49.4123619838
49.309267382
49.3272446521
49.4103235025
49.3302430376
49.4072626904
49.5405141129
49.5728255435
49.5463194646
49.6256278847
49.0468033598
47.967679001
47.2784387564
46.0337980899
45.8251916172
45.437311325
45.0400340748
44.6907413381
44.2677180193
44.2798569172
44.1461481269
44.234700553
44.5396129241
43.7905224395
43.0113552752
42.2607808461
41.6685266717
41.1702045748
40.418447458
40.1176364736
39.6238695569
39.5263243122
39.1970466159
39.4141608286
39.4803171278
39.4863065435
39.0922607775
37.9114392979
37.3045868186
36.8377221385
37.242068494
36.8865365733
36.8783249036
35.8739295802
35.2613279075
35.2122693266
34.8609687819
34.8356617602
34.3843668922
34.2012260549
33.9995517067
33.9416936365
33.73813841
33.8865766061
33.2295937154
33.4547839539
32.5833773494
32.3477030293
32.3662054542
31.9877174598
32.1747059609
32.478378852
32.0421691926
32.0135378754
31.7699738187
31.9116189802
31.6858863633
31.8776027978
31.5944628718
31.2836353038
31.1203452439
31.1306914453
30.9539605606
30.4039619396
30.2260635752
30.1360317252
29.8403884274
29.6650807599
29.7206031532
29.7307059449
29.4589691058
29.5741019743
29.6230103525
28.8428233659
28.6460795081
28.7599908628
28.6059981785
28.6242938185
28.6474271554
28.6415145664
28.6846300838
28.6108309774
28.5745443161
28.5827735295
28.5287466335
28.5257766184
28.5452322893
28.4063281011
28.3432396301
28.3245926369
28.259640774
28.2813711809
28.2650296469
28.3416635083
28.3378483912
28.3802689506
28.4418572091
28.5845428213
28.5348278086
28.6153191095
28.6509512824
28.7171445818
28.7144278001
28.6867815338
28.6671620502
28.5437080195
28.5271407583
28.6602179756
28.7159243516
28.3569069804
28.3130416056
28.3387571483
28.319361086
28.3425132435
28.338170738
28.3483056436
27.9586111819
27.4940939774
27.8598688253
27.7745106449
27.9826672334
28.138124448
27.5003046802
27.9986983146
27.8769053372
27.6553317647
27.6666236703
27.5293477742
27.7738201384
27.7861044694
27.490674794
27.4986801547
27.5358596108
27.4106620041
27.5469039219
27.5519365096
27.4081834025
28.0326106321
28.0218172602
27.5112625387
27.3837049566
27.7475527364
27.5387912325
27.3886154235
27.3950720976
27.5340806326
27.3560043027
27.534808579
27.5390560293
27.6600050527
27.6460210198
28.2200036698
28.1557485317
27.8375062417
27.7155824896
28.0013018514
28.0093212592
27.5130374836
27.5075856188
27.5075368264
27.3805831817
27.5391538282
27.41043356
27.3948824821
27.3917007892
27.3445790218
27.3512582022
27.3747707923
27.3644054625
27.6253779708
27.5588251501
27.7857757239
27.6373274946
27.3602990996
27.6579020878
27.5415485174
27.370368975
27.5294180928
27.4103680174
27.6748276873
27.5276585216
27.5193987591
27.4692272293
27.4068028428
27.4104702626
27.3634615922
27.348228419
27.4062634526
27.3945588487
27.532387081
27.6713590122
27.3771408824
27.5038314188
27.505624979
27.3602680227
27.3359403204
27.3383901542
27.4217634597
27.4120507435
27.3492416312
27.3545163073
27.4079544459
27.3899536446
27.3401577537
27.3778822605
27.3326463401
27.3528163005
27.3452835602
27.3541372738
27.3578779495
27.3747055419
27.3536186444
27.3428752514
27.3454726888
27.4008444398
27.4051486602
27.3193433865
27.3098890984
27.405293331
27.3539889221
27.3312912341
27.3174263677
27.358159294
27.343742001
27.3526364023
27.3449718314
27.3474726194
27.3526075119
27.3587945005
27.4672735819
27.4076545825
27.4173312748
27.3411613885
