1.08139 1.08029 1.08488
1.0676 1.06784 1.07475
1.06553 1.06343 1.06228
1.05673 1.06164 1.05975
1.05712 1.05922 1.05893
1.07467 1.06071 1.05893
1.0545 1.05677 1.05624
1.05556 1.05361 1.05452
1.06914 1.05224 1.05489
1.07125 1.05985 1.05587
1.09606 1.0859 1.08088
1.07611 1.09805 1.09544
1.1204 1.10375 1.09991
1.11499 1.13148 1.13012
1.11667 1.13653 1.13371
1.11999 1.13973 1.13786
1.09259 1.11935 1.11469
1.10043 1.11927 1.11798
1.09588 1.12273 1.1166
1.10946 1.0897 1.08996
1.11105 1.09851 1.09115
1.1148 1.09428 1.09292
1.13541 1.11933 1.12013
1.10028 1.1108 1.11493
1.13584 1.12096 1.11921
1.127 1.14762 1.14022
1.13995 1.15516 1.15498
1.14114 1.16341 1.15895
1.11034 1.13136 1.13238
1.11426 1.13682 1.13043
1.12218 1.14025 1.13298
1.09841 1.12489 1.1168
1.10853 1.13836 1.12877
1.11481 1.1388 1.13308
1.13111 1.1163 1.10849
1.10029 1.11991 1.12142
1.10344 1.12763 1.1252
1.11411 1.10391 1.09489
1.08877 1.10871 1.10859
1.13009 1.1089 1.11359
1.14462 1.14699 1.13942
1.13027 1.15004 1.15046
1.17363 1.14432 1.15191
1.16027 1.17949 1.18192
1.16044 1.19292 1.17989
1.16262 1.17816 1.18427
1.13147 1.16528 1.15536
1.14595 1.16635 1.16324
1.14113 1.16548 1.159
1.11413 1.14009 1.1335
1.16015 1.13654 1.1391
1.1162 1.14129 1.13683
1.1257 1.11706 1.10632
1.09781 1.1262 1.12017
1.1006 1.11819 1.1195
1.10834 1.09863 1.09578
1.11941 1.1159 1.11405
1.10666 1.12291 1.12102
1.09806 1.10685 1.10254
1.14289 1.16723 1.16345
1.11635 1.12546 1.12486
1.12058 1.11665 1.11674
1.12586 1.14732 1.14389
1.14356 1.13979 1.13332
1.13266 1.16049 1.15686
1.15368 1.18069 1.16847
1.15164 1.18274 1.17363
1.13132 1.15349 1.14299
1.13765 1.17406 1.16107
1.14413 1.18203 1.16761
1.15339 1.1488 1.13775
1.14072 1.16055 1.15713
1.1406 1.16541 1.1633
1.1461 1.13352 1.13313
1.15405 1.13542 1.13723
1.15638 1.14707 1.14364
1.14266 1.16816 1.16546
1.14917 1.18365 1.1741
1.16193 1.18708 1.18023
1.16469 1.15784 1.15358
1.15503 1.16925 1.16205
1.14271 1.17013 1.16708
1.15066 1.14498 1.13384
1.16676 1.16495 1.15247
1.13369 1.16855 1.15494
1.1358 1.13298 1.12399
1.1162 1.15017 1.13901
1.15548 1.15299 1.14288
1.14139 1.17204 1.16198
1.15674 1.18157 1.1764
1.15568 1.18133 1.17657
1.16211 1.14939 1.14837
1.13457 1.16116 1.15361
1.16852 1.20802 1.2069
1.15171 1.18059 1.17567
1.16538 1.19654 1.18612
1.1744 1.18785 1.19306
1.15398 1.17435 1.17044
1.16109 1.18628 1.18179
1.16801 1.19894 1.18807
1.13955 1.16775 1.1628
1.18691 1.18111 1.17388
1.1584 1.19406 1.18065
1.14034 1.15637 1.15212
1.14025 1.17827 1.16246
1.14285 1.1841 1.16942
1.14907 1.14488 1.13547
1.13047 1.16827 1.15451
1.17251 1.17454 1.16162
1.15823 1.19867 1.18354
1.18704 1.22126 1.21139
1.19659 1.22207 1.21749
1.16599 1.20016 1.19125
1.18922 1.20582 1.20856
1.19947 1.22079 1.2141
1.20852 1.23682 1.226
1.17567 1.19825 1.1987
1.17858 1.21144 1.19854
1.19883 1.22219 1.21746
1.20136 1.22702 1.22496
1.20321 1.22597 1.22664
1.21175 1.23804 1.22621
1.22027 1.25527 1.24602
1.24584 1.27167 1.26352
1.25575 1.28819 1.27994
1.27154 1.30327 1.29471
1.28526 1.31968 1.31047
1.30495 1.33429 1.32726
1.31715 1.35164 1.34141
1.33739 1.33687 1.35442
1.31182 1.33377 1.33283
1.28725 1.30718 1.30546
1.28973 1.3027 1.30993
1.2901 1.31097 1.30932
1.30513 1.32555 1.32291
1.31322 1.33894 1.3378
1.32384 1.34932 1.347
1.33423 1.34102 1.35501
1.31382 1.35102 1.33849
1.33619 1.34796 1.36075
1.32335 1.3595 1.34677
1.34873 1.35034 1.369
1.32409 1.35426 1.34756
1.34169 1.34934 1.36133
1.32842 1.35554 1.35069
1.33812 1.34768 1.36177
1.32522 1.35777 1.34674
1.34654 1.35196 1.36708
1.32694 1.3582 1.34825
1.29948 1.32798 1.32237
1.30075 1.33699 1.32526
1.32769 1.36166 1.34959
1.3549 1.3592 1.37222
1.34431 1.34652 1.35689
1.3518 1.35541 1.34168
1.34747 1.35188 1.36466
1.347 1.35294 1.368
1.35511 1.35018 1.34973
1.33662 1.34917 1.35067
1.35213 1.33904 1.35342
1.34298 1.34218 1.33648
1.34165 1.35446 1.3472
1.34966 1.34966 1.35181
1.34938 1.34938 1.3513
1.34905 1.34905 1.35121
1.33874 1.3509 1.35299
1.33822 1.35107 1.35291
1.33896 1.33886 1.3554
1.34584 1.34109 1.33641
1.33875 1.33959 1.35339
1.3464 1.33947 1.33621
1.34956 1.34422 1.33972
1.33384 1.34453 1.34739
1.35055 1.33755 1.35252
1.33238 1.33928 1.33255
1.35636 1.35618 1.34749
1.33538 1.33784 1.34925
1.3422 1.33935 1.3343
1.32634 1.34435 1.33735
1.34794 1.34794 1.34964
1.34911 1.34911 1.35087
1.34195 1.34038 1.35296
1.3535 1.34388 1.33898
1.33928 1.34571 1.34053
1.34737 1.34737 1.34882
1.34847 1.34847 1.3499
1.3504 1.3504 1.35208
1.35024 1.35024 1.35204
1.35031 1.35031 1.35188
1.35266 1.35266 1.35435
1.35272 1.35272 1.35438
1.35291 1.35291 1.35449
1.35278 1.35278 1.35439
1.35503 1.35503 1.35667
1.35504 1.35504 1.35658
1.35748 1.35748 1.35906
1.35744 1.35744 1.35904
1.35755 1.35755 1.35914
1.34911 1.35974 1.36136
1.35975 1.34836 1.36133
1.3514 1.35206 1.36374
1.34768 1.34768 1.34935
1.3507 1.3507 1.35229
1.34977 1.34977 1.35159
1.34976 1.34976 1.35165
1.35243 1.35243 1.35415
1.35248 1.35248 1.35425
1.35258 1.35258 1.35427
1.35486 1.35486 1.35652
1.35488 1.35488 1.35652
1.35736 1.35736 1.35903
1.3573 1.3573 1.35893
1.35977 1.35977 1.36142
1.34991 1.35967 1.36128
1.35979 1.34862 1.36142
1.35054 1.36204 1.36369
1.34688 1.34688 1.34899
1.36744 1.35559 1.34846
1.34892 1.34892 1.35091
1.34906 1.34906 1.35106
1.34928 1.34928 1.35125
1.3518 1.3518 1.35366
1.35183 1.35183 1.35374
1.35438 1.35438 1.35621
1.35452 1.35452 1.35633
1.35458 1.35458 1.35639
1.35448 1.35448 1.35628
1.3569 1.3569 1.35869
1.35702 1.35702 1.35879
1.35947 1.35947 1.3612
1.35952 1.35952 1.36122
1.35954 1.35954 1.36127
1.36176 1.36176 1.3634
1.36188 1.36188 1.36355
1.36194 1.36194 1.36361
1.36296 1.36296 1.36479
1.36233 1.36233 1.36428
1.36492 1.36492 1.36681
1.36568 1.36568 1.36763
1.36697 1.36697 1.36894
1.36961 1.36961 1.37158
1.36952 1.36952 1.37145
1.36946 1.36946 1.37136
1.36945 1.36945 1.37136
1.3719 1.3719 1.37376
1.37187 1.37187 1.37372
1.37434 1.37434 1.37615
1.37414 1.37414 1.37597
1.37412 1.37412 1.376
1.37423 1.37423 1.37606
1.37668 1.37668 1.37845
1.37673 1.37673 1.37847
1.37679 1.37679 1.37856
1.37904 1.37904 1.38078
1.37908 1.37908 1.38079
1.37914 1.37914 1.38093
1.38144 1.38144 1.38327
1.38137 1.38137 1.38321
1.38387 1.38387 1.38584
1.38383 1.38383 1.38579
1.38385 1.38385 1.38568
1.38379 1.38379 1.3856
1.38624 1.38624 1.38811
1.38624 1.38624 1.38816
1.38636 1.38636 1.38821
1.38865 1.38865 1.39029
1.38864 1.38864 1.39019
1.38869 1.38869 1.39028
1.39056 1.39056 1.39225
1.39076 1.39076 1.39231
1.39089 1.39089 1.39237
1.39311 1.39311 1.39445
1.39291 1.39291 1.39576
1.39304 1.39304 1.39489
1.39503 1.39503 1.39684
1.3949 1.3949 1.39673
1.39497 1.39497 1.39842
1.39746 1.39746 1.39916
1.39731 1.39731 1.39905
1.39729 1.39729 1.39905
1.39936 1.39936 1.40165
1.39933 1.39933 1.40103
1.39946 1.39946 1.40124
1.40144 1.40144 1.40294
1.40143 1.40143 1.40294
1.40324 1.40324 1.4049
1.40318 1.40318 1.40477
1.40517 1.40517 1.40669
1.40506 1.40506 1.40662
1.40514 1.40514 1.40678
1.40729 1.40729 1.40885
1.40704 1.40704 1.40872
1.40714 1.40714 1.40871
1.40926 1.40926 1.41084
1.41003 1.41003 1.41177
1.41029 1.41029 1.41208
1.41141 1.41141 1.41296
1.41303 1.41303 1.41454
1.41337 1.41337 1.41483
1.41226 1.41226 1.41391
1.41523 1.41523 1.41619
1.41815 1.41815 1.41906
1.41989 1.41989 1.4209
1.42238 1.42238 1.42354
1.42145 1.42145 1.42244
1.42172 1.42172 1.42268
1.4214 1.4214 1.42232
1.42271 1.42271 1.42395
1.42304 1.42304 1.42428
1.42527 1.42527 1.42651
1.42567 1.42567 1.42689
1.42582 1.42582 1.42701
1.42768 1.42768 1.42894
1.42801 1.42801 1.4292
1.42814 1.42814 1.42938
1.43002 1.43002 1.43131
1.43032 1.43032 1.43162
1.43043 1.43043 1.43171
1.43235 1.43235 1.43368
1.43265 1.43265 1.43395
1.43277 1.43277 1.43409
1.43471 1.43471 1.43602
1.43492 1.43492 1.43622
1.43505 1.43505 1.43637
1.437 1.437 1.4383
1.43726 1.43726 1.43846
1.43736 1.43736 1.43858
1.43927 1.43927 1.44045
1.43941 1.43941 1.44064
1.43951 1.43951 1.44075
1.44139 1.44139 1.44272
1.44165 1.44165 1.44288
1.44168 1.44168 1.44295
1.44161 1.44161 1.44288
1.44364 1.44364 1.44486
1.44378 1.44378 1.44503
1.44591 1.44591 1.44728
1.446 1.446 1.44737
1.44613 1.44613 1.44739
1.44604 1.44604 1.44729
1.448 1.448 1.44914
1.44815 1.44815 1.4493
1.45004 1.45004 1.45131
1.45005 1.45005 1.45136
1.45016 1.45016 1.45145
1.45206 1.45206 1.4532
1.45214 1.45214 1.45332
1.45222 1.45222 1.45337
1.45389 1.45389 1.45509
1.45388 1.45388 1.45513
1.45396 1.45396 1.45519
1.45568 1.45568 1.45725
1.45786 1.45786 1.45952
1.45795 1.45795 1.4595
1.45803 1.45803 1.4595
1.46004 1.46004 1.46177
1.46002 1.46002 1.46184
1.46249 1.46249 1.46411
1.46454 1.46454 1.46636
1.46455 1.46455 1.46638
1.46665 1.46665 1.4684
1.4667 1.4667 1.46863
1.46663 1.46663 1.46849
1.46657 1.46657 1.46837
1.46876 1.46876 1.47075
1.46885 1.46885 1.47081
1.47147 1.47147 1.47333
1.47391 1.47391 1.4758
1.47405 1.47405 1.47595
1.47395 1.47395 1.47599
1.47385 1.47385 1.47585
1.47622 1.47622 1.47813
1.47628 1.47628 1.47858
1.47935 1.47935 1.48134
1.47934 1.47934 1.48135
1.47938 1.47938 1.48141
1.4792 1.4792 1.48135
1.48174 1.48174 1.48359
1.48179 1.48179 1.48371
1.48437 1.48437 1.48608
1.48435 1.48435 1.48611
1.48445 1.48445 1.48626
1.48662 1.48662 1.48838
1.4866 1.4866 1.48841
1.48665 1.48665 1.48844
1.4889 1.4889 1.49068
1.48896 1.48896 1.49067
1.49118 1.49118 1.49344
1.49123 1.49123 1.49335
1.49407 1.49407 1.49622
1.49409 1.49409 1.49648
1.49719 1.49719 1.49944
1.49714 1.49714 1.49951
1.4971 1.4971 1.49942
1.50008 1.50008 1.50245
1.5001 1.5001 1.50248
1.50319 1.50319 1.5059
1.50318 1.50318 1.50556
1.50628 1.50628 1.50896
1.50624 1.50624 1.50891
1.50961 1.50961 1.51217
1.50961 1.50961 1.51223
1.50951 1.50951 1.5122
1.5128 1.5128 1.5153
1.51289 1.51289 1.51542
1.51617 1.51617 1.51842
1.51638 1.51638 1.51864
1.51661 1.51661 1.51892
1.51681 1.51681 1.51915
1.5198 1.5198 1.52221
1.51975 1.51975 1.52219
1.52296 1.52296 1.52531
1.52288 1.52288 1.52525
1.52279 1.52279 1.52525
1.52588 1.52588 1.52829
1.52587 1.52587 1.52824
1.52591 1.52591 1.52827
1.52893 1.52893 1.5313
1.52882 1.52882 1.53118
1.52884 1.52884 1.53123
1.532 1.532 1.53429
1.53184 1.53184 1.53425
1.53178 1.53178 1.53415
1.53488 1.53488 1.53714
1.53473 1.53473 1.53709
1.53466 1.53466 1.53698
1.53778 1.53778 1.54059
1.53762 1.53762 1.54052
1.53758 1.53758 1.54052
1.54175 1.54175 1.54432
1.54506 1.54506 1.54756
1.54488 1.54488 1.54741
1.54492 1.54492 1.54727
1.54807 1.54807 1.55025
1.54782 1.54782 1.55008
1.54781 1.54781 1.55003
1.55092 1.55092 1.55317
1.55068 1.55068 1.55295
1.55363 1.55363 1.55595
1.55358 1.55358 1.55584
1.55348 1.55348 1.55584
1.55658 1.55658 1.55885
1.55653 1.55653 1.55873
1.55641 1.55641 1.55873
1.55646 1.55646 1.5588
1.55942 1.55942 1.56145
1.55936 1.55936 1.56138
1.56198 1.56198 1.56402
1.56194 1.56194 1.56394
1.56455 1.56455 1.5673
1.56847 1.56847 1.57123
1.56827 1.56827 1.571
1.56808 1.56808 1.57083
1.57182 1.57182 1.57443
1.57194 1.57194 1.57455
1.57516 1.57516 1.57774
1.57529 1.57529 1.57788
1.57506 1.57506 1.57757
1.57841 1.57841 1.5809
1.57864 1.57864 1.58116
1.58166 1.58166 1.58408
1.58184 1.58184 1.58432
1.58443 1.58443 1.58677
1.58441 1.58441 1.58694
1.58412 1.58412 1.5865
1.58424 1.58424 1.58666
1.58745 1.58745 1.58994
1.58779 1.58779 1.59023
1.59062 1.59062 1.59297
1.59102 1.59102 1.59342
1.59131 1.59131 1.59382
1.59416 1.59416 1.59643
1.59385 1.59385 1.59614
1.59689 1.59689 1.59951
1.59714 1.59714 1.59981
1.59789 1.59789 1.60052
1.59768 1.59768 1.60031
1.60114 1.60114 1.60369
1.60129 1.60129 1.60392
1.60471 1.60471 1.60737
1.60474 1.60474 1.60736
1.60465 1.60465 1.60722
1.60831 1.60831 1.6108
1.60819 1.60819 1.61067
1.61147 1.61147 1.61397
1.6115 1.6115 1.614
1.6114 1.6114 1.61388
1.61493 1.61493 1.61741
1.6149 1.6149 1.61735
1.61478 1.61478 1.61717
1.6183 1.6183 1.62064
1.61864 1.61864 1.62099
1.61878 1.61878 1.62112
1.62221 1.62221 1.62466
1.62245 1.62245 1.62488
1.62608 1.62608 1.62857
1.62618 1.62618 1.62868
1.62999 1.62999 1.63246
1.63017 1.63017 1.63259
1.63001 1.63001 1.63249
1.63364 1.63364 1.6361
