-nan -nan -nan
-nan -nan nan
-nan -nan -nan
0.0300243659196 -nan -nan
0.0315020565454 0.0684517220349 -nan
0.0326347883929 0.0707556630775 0.0330692473908
0.0289548447103 0.072613597939 0.0353428570924
0.0296612959706 3.52216555347 0.037240522991
0.0302658181459 3.60537303443 5.23933785584
2.04624897922 3.67793377375 5.34599221639
2.09624139106 6.9002544272 5.44038928837
2.14102017836 6.99988325898 4.31375390613
1.76012592565 7.09000347482 4.36905357292
1.78979827605 5.92563091202 4.41948875775
1.81705029815 5.9884728297 3.69847002718
1.5294826251 6.04653677901 3.73420662108
1.54892249111 5.17820594967 3.76739902652
1.56706127912 5.22109987781 3.23536705742
1.3669798684 5.26128540168 3.26026913602
1.38071198432 4.59769579917 3.28368312626
1.39366528652 4.62872308589 2.86966289728
1.229966922 4.65807600514 2.88787789627
1.24013046495 4.12995888984 2.90515543732
1.24979408966 4.15325546449 2.58556076677
1.1178667378 4.17545476586 2.59954431443
1.12567457798 3.75224214934 2.61289606401
1.1331434655 3.77028961799 2.34532813425
1.01942931039 3.78758316329 2.35627935066
1.02559383825 4.0447979251 2.36678972413
1.03151892582 4.06093265597 2.6176482405
0.942434448392 4.07646195963 2.62781514456
0.947428550132 3.79841512295 2.63761308447
0.95224717932 3.81148694433 2.43298797749
1.12024859264 3.82411364575 2.44125575793
1.12508078158 3.55181571899 2.44925043567
1.12975799595 3.56270241843 2.272363748
1.04399072948 3.57324984121 2.27932317387
1.04803483779 3.34259336323 2.2860716814
1.05195966528 3.35189050653 2.1308227248
0.974241144779 3.3609205884 2.13674574671
0.97767170052 3.15443517396 2.14250295885
0.981008605043 3.16243754907 2.00671184869
0.919090199214 3.1702267603 2.01182367082
0.922038159092 2.98705875146 2.01680254935
0.924911224476 2.99402367122 1.89574576482
1.38284991348 3.0008156452 1.90018398321
1.38652318652 2.90904721595 1.90451443433
1.39010919756 2.91514892682 2.24092309816
1.5248325852 2.92110875873 2.24560064198
1.52839980377 2.77335012507 2.25017168058
1.53188745151 2.77873799506 2.13396405148
1.44964632112 2.78400808009 2.13811019009
1.45279725727 2.65038193907 2.14216746276
1.45588195443 2.65517730541 2.03734394739
1.37939932942 2.65987376264 2.04105475564
1.38220708395 2.54050098727 2.04469044048
1.38495902942 2.54483139886 1.9484924222
1.31831459276 2.54907727188 1.95181778982
1.32082705858 2.43691664597 1.95507937784
1.32329216673 2.44082388536 1.86704508663
1.26276363056 2.44465872526 1.8700460971
1.26502444519 2.34151213011 1.87299242721
1.26724474197 2.34505198515 1.79212948253
1.45764583735 2.34852942368 1.79485014888
1.45999709334 2.43651460384 1.79752360528
1.46230818777 2.4398952898 1.7557497338
1.39908009291 2.44321912023 1.75822460385
1.40123103939 2.36657539274 1.76065848378
1.40334689341 2.36964809607 1.76398812555
1.38154775637 2.37267140723 1.76628804019
1.38364768931 2.34096707371 1.76855152178
1.3857148334 2.34379499148 1.71324720605
1.331207322 2.3465793769 1.71534765522
1.33313143378 2.26652613927 1.71741622078
1.33502673986 2.26913250544 1.65684936342
1.28496200574 2.27170038074 1.65878840695
1.28673091854 2.19676700391 1.66069919761
1.28847439758 2.19917730462 1.60399845088
1.38861439035 2.20155340113 1.60579306772
1.3903721415 2.13585327938 1.60756254506
1.39210558235 2.13807841596 1.58204816446
1.3537927233 2.14027316425 1.58371214293
1.35541876838 2.09066909206 1.58535367837
1.35702315055 2.0927284793 1.54017417528
1.30884636955 2.09476076233 1.54171492648
1.31036374115 2.04211105498 1.54323564181
1.31186161402 2.04402167374 1.50174335267
1.26787949807 2.04590802715 1.50317369915
1.26929319164 1.9958217636 1.50458608959
1.27068934083 1.99759905577 1.46452439951
1.2279878446 1.99935454014 1.46585604399
1.2293109689 1.94613162736 1.46717153128
1.23061821666 1.94779270011 1.46027425691
1.19108478901 1.94943405889 1.46152848538
1.19233832406 1.92703242093 1.46276798924
1.1935773 1.92859132451 1.50931886979
1.16509771667 1.93013231387 1.51054100853
1.16627166395 1.8815244804 1.51174925005
1.16743240035 1.88298942547 1.47789486304
1.13227031455 1.8844380541 1.47903998464
1.13337317116 1.85438286716 1.4801724815
1.13446399126 1.85575900685 1.45640931593
1.10279691548 1.85712027696 1.4574853936
1.10383393026 1.81778118182 1.45854995858
1.1048599586 1.81907537259 1.42579979113
1.08025041972 1.82035598492 1.42681279544
1.08122703096 1.78054200071 1.42781527329
1.08219359021 1.78176245108 1.40187423968
1.05039390311 1.7829704578 1.40282866409
1.0513238851 1.7659130302 1.40377344788
1.05224456007 1.7670683442 1.37931055018
1.02468034322 1.76821220188 1.38021128296
1.02555928894 1.72968369549 1.38110316485
1.02642967547 1.73078036941 1.35063110961
1.02729166164 1.69385296562 1.35148944517
1.00092203238 1.69491028412 1.35233956981
1.0017461298 1.69595757672 1.32296165984
1.00256248061 1.66012820357 1.32377877808
1.00337122364 1.64732923259 1.32458828139
1.00417249409 1.61423558849 1.32539030508
1.00496642361 1.59378477169 1.32618498096
1.00575314048 1.57420458009 1.3269724374
1.00653276969 1.5461964638 1.32775279952
1.00730543305 1.52315910418 1.32852618924
1.0080712493 1.51921974071 1.32929272542
1.00883033424 1.50380865917 1.33005252395
1.00958280075 1.4807895094 1.33080569784
1.01032875898 1.46493662215 1.33155235733
1.01106831638 1.44282994877 1.33229260997
1.01180157779 1.41990639452 1.33302656069
0.987251949887 1.42062201625 1.33375431194
0.987954808934 1.42133164015 1.30526129231
0.988651822397 1.39894704955 1.30596262248
0.98934308312 1.39994528007 1.30665816428
0.990028681788 1.38107194406 1.30734800896
0.990708706984 1.36805533576 1.30803224565
0.991383245264 1.34878662847 1.30871096144
0.992052381208 1.33044011143 1.30938424145
0.992716197485 1.31701367712 1.31005216883
0.993374774908 1.30180259132 1.31071482492
0.994028192488 1.30238409818 1.29980698805
0.994676527488 1.29155576271 1.30044530357
0.995319855474 1.29211894124 1.27402825319
0.995958250361 1.27604364937 1.27464480758
0.996591784465 1.25915348046 1.27525666748
0.997220528544 1.25969068082 1.25150879053
0.997844551847 1.24703800898 1.25209796399
0.998463922151 1.2475588987 1.23400402844
0.971490575468 1.24807593107 1.23457117006
0.972092246037 1.25581901098 1.2351341404
0.972689521287 1.24444873709 1.23569299813
0.973282462636 1.23476033916 1.23624780073
0.973871130245 1.23525648483 1.22527453466
0.974455583044 1.2237927805 1.22581017013
0.975035878772 1.2242746409 1.20338932355
0.975612074007 1.21139114386 1.2039076368
0.976184224195 1.19914295224 1.20442231135
0.97675238368 1.19960162274 1.19555827822
0.977316605736 1.189277608 1.19605611949
0.97787694259 1.18972355249 1.18789812421
0.978433445452 1.17577096696 1.18838003827
0.978986164541 1.17620664197 1.17161490295
0.97953514911 1.16242861825 1.17208054136
0.980080447468 1.16285484924 1.16014580645
0.980622107008 1.14983948921 1.1605961961
0.981160174226 1.15025541225 1.14161304498
0.981694694745 1.13864473453 1.14205062549
0.982225713338 1.13905004304 1.12456204313
0.9563846406 1.13945271217 1.12498623851
0.956897147261 1.13121662184 1.12540768811
0.957406356299 1.11887445579 1.12582642597
0.957912308358 1.11926312017 1.11157489326
0.958415043349 1.10732179938 1.11198044811
0.958914600461 1.10770144001 1.10682950407
0.959411018184 1.10009336056 1.1072236027
0.95990433432 1.10047328931 1.10066068755
0.960394586004 1.10085085797 1.08792630075
0.960881809716 1.08859254511 1.08829988397
0.961366041298 1.07835272555 1.08867117294
0.961847315967 1.07871577403 1.07287472696
0.962325668333 1.06771050276 1.07323661268
0.962801132407 1.06806532254 1.05782349328
0.963273741622 1.0571583246 1.05817644558
0.963743528838 1.05750526323 1.045149109
0.96421052636 1.04655875029 1.0454920688
0.96467476595 1.03619221387 1.0458330032
0.965136278838 1.0365262177 1.03388343731
0.965595095732 1.02585039985 1.03421477974
0.966051246833 1.02617749076 1.02149919219
0.966504761845 1.01559517221 1.0218215505
0.946518930816 1.01591565947 1.02214205585
0.946956724241 1.01623431428 1.00874425407
0.947392027732 1.00634588238 1.00905673543
0.947824868452 1.00665781555 1.00161536003
0.948255273129 0.996060105988 1.00191952467
0.948683268064 0.996366641488 1.00174629771
0.94910887914 0.996671469638 0.990868785564
0.949532131831 0.9862509101 0.991160090319
0.94995305121 0.986550362971 0.984231071032
0.950371661958 0.97686915997 0.984514894784
0.950787988372 0.97716265223 0.97280629295
0.951202054372 0.967800013758 0.973083426853
0.951613883512 0.96808763632 0.961334337284
0.95202349898 0.958999380695 0.961605343409
0.952430923614 0.959281255957 0.950223586054
0.952836179905 0.950476069407 0.950488546895
0.931444718838 0.950752317843 0.950752104532
0.931836535082 0.941803969932 0.951014273229
0.932226296527 0.942074891769 0.939766064007
0.932614023861 0.933386811459 0.940022614913
0.932999737462 0.933652507181 0.931646448893
0.933383457412 0.925021674825 0.931896754771
0.912890546323 0.925282336558 0.932145773068
0.913261847571 0.925541663818 0.921449259788
0.913631256921 0.917165193622 0.921693026678
0.913998792883 0.917419615323 0.911207508617
0.914364473701 0.910694496538 0.911446212069
0.891365632401 0.910943841862 0.911683716288
0.891720988771 0.911191940309 0.901456138967
0.892074576368 0.90307632469 0.901688733106
0.8924264121 0.895452460093 0.901920174849
0.892776512641 0.895692576035 0.892023801114
0.893124894426 0.887552074279 0.892250422714
0.873956347222 0.887787961826 0.892475936811
0.874293976859 0.888022701801 0.883515975268
0.874629971353 0.882491270358 0.883736542248
0.87496434592 0.882721480315 0.873884087525
0.875297115564 0.878740911548 0.874100626192
0.875628295085 0.871585696421 0.87431613014
0.857460170363 0.871808516906 0.874530608869
0.857781340801 0.872030282034 0.865191562712
0.858100996733 0.864256991976 0.865401770156
0.858419151882 0.864475079643 0.856220712586
0.858735819789 0.857285408237 0.856426800205
0.840839200908 0.85749969402 0.856631928622
0.841146529867 0.850970813411 0.856836106415
0.841452440692 0.85118126385 0.847675463195
0.841756945958 0.84440448375 0.847875828812
0.842060058079 0.844611274809 0.838938446057
0.842361789306 0.837332716872 0.83913506062
0.825983639322 0.83753616847 0.839330783242
0.826276614173 0.83773870099 0.830542012792
0.826568271073 0.830629727377 0.830734130024
0.826858621417 0.830828987473 0.822272694479
0.827147676459 0.824600284155 0.822461192333
0.809211439918 0.824796121352 0.822648852743
0.809492531734 0.818695267381 0.822835682861
0.809772384977 0.818887763382 0.81456073682
0.810051010141 0.812243417915 0.814744079112
0.810328417589 0.812432815665 0.806929082054
0.810604617555 0.8061723128 0.807108909704
0.793365762805 0.806358601489 0.807287957769
0.793634491871 0.806544085829 0.799217266338
0.793902065277 0.799987526587 0.799393105262
0.794168492579 0.793841277936 0.799568191011
0.794433783219 0.794021706351 0.791426481457
0.786270938762 0.794201368046 0.79159864177
0.786529421158 0.787961606904 0.791770073381
0.786786813775 0.788138460985 0.784266010184
0.787043125448 0.782166395356 0.78443430445
0.769518644908 0.782340457498 0.784601894701
0.769769008644 0.782513794323 0.777392935825
0.770018333147 0.776368619427 0.777557444645
0.770266626715 0.7765393187 0.772203165852
0.77051389755 0.769818246845 0.772364497259
0.770760153756 0.769986818086 0.765077590007
0.756888418797 0.77015470026 0.765236138087
0.757128199441 0.764483541847 0.76539404053
0.757367007343 0.764648828104 0.758168246915
0.757604850096 0.759154212076 0.758323486308
0.757841735206 0.753513893205 0.758478100649
0.758077670092 0.753674817153 0.751400254501
0.743363170469 0.753835097985 0.751552275853
0.743593124762 0.74831888779 0.751703691921
0.743822166858 0.748476761928 0.744866320951
0.744050303723 0.743557292361 0.745015173277
0.744277542241 0.743712731631 0.740853879802
0.731030640059 0.743867561056 0.74100001067
0.731252133405 0.738517825036 0.741145570303
0.731472764059 0.738670364395 0.734201858318
0.73169253849 0.733170961803 0.734345182846
0.731911463093 0.733321313186 0.728341027723
0.732129544193 0.72812690139 0.728481871755
0.719560728072 0.728275057967 0.728622175065
0.71977338754 0.728422647777 0.724221356181
0.719985236377 0.722966713327 0.724359162066
0.720196280531 0.723112246841 0.719253912129
0.720406525887 0.717569788416 0.719389306028
0.708113604501 0.71771335965 0.719524189266
0.708318717138 0.717856391276 0.713158540081
0.708523061557 0.713736938177 0.713291351548
0.708726643299 0.708611442103 0.713423667321
0.708929467845 0.708750907506 0.707258643126
0.697230394059 0.708889855977 0.707388901032
0.69742834382 0.703920458625 0.707518677796
0.697625564912 0.704057474676 0.70223955783
0.697822062498 0.699218661349 0.702367166646
0.698017841692 0.699353771927 0.696198576092
0.69821290755 0.694325397341 0.696324330389
0.686383471204 0.694458695385 0.696449628042
0.686573950709 0.694591511025 0.690790116193
0.68676374319 0.690076217619 0.690913451488
0.68695285342 0.690207182995 0.685790344474
0.687141286123 0.685630404671 0.685911684965
0.676099180817 0.685759574846 0.686032592176
0.676283237987 0.685888285313 0.680244962081
0.676466642276 0.681218103637 0.680364107421
0.676649398145 0.676641120112 0.680482831527
0.676831510011 0.676766851304 0.674860912821
0.666228145303 0.676892140891 0.674977891465
0.66640609359 0.672456720688 0.675094460586
0.666583420937 0.672580333447 0.672213959983
0.666760131518 0.668149082364 0.672328661267
0.666936229466 0.668271059308 0.666824674921
0.667111718872 0.663851901925 0.666937737228
0.657172881059 0.663972281877 0.667050410082
0.657344420946 0.664092248498 0.664114930362
0.657515373721 0.66421180452 0.65876965685
0.657685743256 0.659856205638 0.65887936623
0.657855533384 0.655626389142 0.658988702501
0.658024747902 0.655743254587 0.654030155594
0.648074179037 0.655859725092 0.654137885092
0.648239651255 0.651640672834 0.654245251668
0.648404567774 0.651755645152 0.648946987802
0.64856893219 0.647652100841 0.649052912685
0.648732748066 0.647765594385 0.644094592364
0.639105036234 0.647878710338 0.644199016814
0.639265283889 0.643807770733 0.64430309492
0.639425001692 0.643919445186 0.639454733168
0.63958419302 0.639967501064 0.63955734061
0.639742861218 0.636048499424 0.639659610866
0.63031221368 0.636157712864 0.639761546072
0.63046747909 0.636266569597 0.634998278232
0.630622238923 0.632448218206 0.63509878377
0.630776496352 0.632555700208 0.631184273941
0.63093025452 0.62876951663 0.631283288519
0.631083516542 0.628875650954 0.626747940695
0.621996662036 0.628981443833 0.626845569477
0.622146687394 0.625174483549 0.626942885116
0.622296232987 0.625278967194 0.622437427159
0.622445301772 0.621551101227 0.622533398496
0.622593896679 0.621654295627 0.617920130019
0.61398184283 0.621757162951 0.618014821606
0.614127343255 0.618037979157 0.618109213952
0.614272385228 0.618139590371 0.613726515798
0.614416971533 0.615184297121 0.613819624377
0.61456110493 0.610986300122 0.613912441298
0.608077410745 0.611085832699 0.614004968325
0.60821863508 0.611185055309 0.610015368003
0.608359420886 0.607617329327 0.610106604164
0.608499770788 0.607715358563 0.605876243808
