-nan -nan -nan
-nan -nan nan
-nan -nan -nan
0.176285013209 -nan -nan
0.187105990048 0.241531632892 -nan
0.195400869145 0.253481221437 0.199418839567
0.140341326987 0.26311756053 0.209235003539
0.144231083427 7.8817480888 0.217428054268
0.14755961316 8.06878195485 3.19665419665
0.997258214983 8.23188406346 3.26216259743
1.02109007771 6.3542101686 3.32014242303
1.04243655557 6.44594628445 2.66710255182
1.07668796102 6.52892706835 2.70143731326
1.09682521569 5.58188502616 2.73275178838
1.11531990525 5.6366062616 2.2834835888
0.930859747516 5.68716695673 2.30563990458
0.944119058675 4.99842259133 2.32621885003
0.956490946129 5.03699938121 1.99124814178
0.831782266921 5.07314035914 2.00659338682
0.841207117111 4.51410075923 2.0210216369
0.850097439145 4.54264335508 1.7652723575
0.756077283521 4.5696456682 1.77648537949
0.763123933977 4.11105845095 1.78712130913
0.769823978027 4.13298095011 2.44758408197
0.725487969869 4.15387089522 2.46007982697
0.731067779682 3.75746779454 2.4720109951
0.736405359711 3.77438508434 2.27392557871
0.758604740806 3.7905956634 2.28360203137
0.763354870015 3.66520647481 2.29288895691
0.767920496484 3.67899554628 2.12805256897
0.703871684917 3.69226720725 2.13574917755
0.707729309905 3.46838515281 2.14316647076
0.711451393542 3.47957414024 2.00779278656
0.693419706454 3.49038212173 2.0143722362
0.696698127429 3.2714066354 2.02073435237
0.699871405193 3.28091663379 1.88123746118
0.645405352673 3.29013025947 1.88679182307
0.648152669622 3.10646762549 1.89217784969
0.650818954562 3.11473939056 1.76956009885
1.18628847908 3.1227735483 1.77430755011
1.19018046063 2.9444450479 1.77892210066
1.19396619443 2.95148821047 1.67103770251
1.22548404411 2.95834376025 1.6750957938
1.2290120294 2.81871277409 1.67904834596
1.23245038434 2.82477208865 1.60975914079
1.15219894595 2.83068094451 1.61326799646
1.15530035926 2.70678784318 1.61669165132
1.15832809562 2.71205322153 1.53241670863
1.09387221226 2.71719616761 1.53551414775
1.09667666351 2.59221824763 1.5385410598
1.0994185583 2.59684650187 1.49308718309
1.07250023116 2.60137357721 1.49582365706
1.07500473053 2.50531235532 1.49850147903
1.0774565803 2.50940215196 1.42970179888
1.02323817592 2.51340759254 1.43215524289
1.02546357472 2.41504781971 1.43455901818
1.02764473979 2.4187636303 1.56142367113
0.976940494062 2.42240690061 1.56386562358
0.978930644173 2.33253857151 1.56626074008
0.980883281787 2.33586676184 1.53984525286
0.935476321609 2.33913328223 1.54205527888
0.937266074454 2.25849362611 1.54422503679
0.939023751732 2.26149045564 1.49332444427
0.897375520261 2.26443444357 1.49531560399
0.898993355396 2.18882378786 1.49727221241
0.90058355646 2.1915371162 1.44387184834
0.864011768564 2.19420481247 1.44567938582
0.865480994183 2.12187191716 1.44745698591
0.866926249541 2.12434367632 1.39792949131
0.82927353439 2.12677570318 1.39957840161
0.830614606475 2.06003628809 1.40120119143
0.831934738748 2.06229689413 1.38869529978
0.796753133697 2.0645227009 1.39021809126
0.797982247417 2.08996846655 1.39171776765
0.799192960182 2.09210208676 1.35922094153
0.764559057023 2.09420419763 1.36061792053
0.765693939309 2.03385207072 1.36199454483
0.76681250404 2.03581992233 1.33127328396
0.754062138438 2.03775984848 1.33255904933
0.755115153614 1.9896399865 1.33382680333
0.756153605238 1.99145507893 1.29746029627
0.728367867357 1.99324538298 1.29864863425
0.729341939771 1.94011420693 1.29982094444
0.730303035154 1.94181327052 1.2743485349
0.703364807638 1.94348997224 1.27544933066
0.70426893059 1.89341053835 1.27653581171
0.705161435267 1.89499157731 1.24344503059
0.677992925401 1.89655253667 1.2444702778
0.678838803039 1.85111454443 1.24548265443
0.679674183061 1.85258698501 1.21945431138
0.683305107653 1.8540413584 1.22040837406
0.684106618773 1.81021335013 1.22135086085
0.684898512333 1.81158909735 1.192904085
0.66292140177 1.8129485169 1.19380846857
0.663670381374 1.81553706216 1.1947022347
0.664410661998 1.81684093165 1.18301262707
0.653278377394 1.81812981766 1.18386205499
0.653981876547 1.7777849625 1.18470182387
0.65467745896 1.77900953267 1.16358973983
0.636755253356 1.78022046368 1.16438560923
0.637415197104 1.74101311501 1.16517270433
0.638067938258 1.74216870741 1.14506906926
0.618639633832 1.74331181331 1.14581621243
0.619260395083 1.71029863337 1.1465553621
0.61987457981 1.71138540465 1.12204167841
0.601300538638 1.71246077372 1.12274972897
0.601885551671 1.67804874429 1.12345042194
0.602464543332 1.67907458272 1.10066064533
0.590282623924 1.68008996175 1.10132934806
0.590834857945 1.64877177878 1.10199129625
0.591381565353 1.64974042852 1.08296192513
0.590517899817 1.65069947293 1.08359303271
0.591044376903 1.61858087253 1.08421793882
0.591565727142 1.61950557421 1.06354350653
0.592082045671 1.58976816162 1.06414794744
0.577121811129 1.59066482168 1.0647466062
0.577615239629 1.59155297926 1.09622580116
0.578104029844 1.57907908712 1.09682171034
0.578588264899 1.55023285608 1.09741206609
0.57906802574 1.52936661451 1.09799696709
0.579543391203 1.50414277077 1.09857650947
0.58001443809 1.47837312437 1.09915078685
0.580481241238 1.45440707632 1.09971989046
0.580943873583 1.43356186337 1.10028390924
0.581402406222 1.41179001887 1.10084292986
0.581856908479 1.39149264715 1.10139703683
0.582307447959 1.3720787134 1.10194631258
0.582754090603 1.35221317292 1.10249083749
0.583196900745 1.33238967593 1.10303069001
0.583635941162 1.31302858917 1.10356594666
0.56944083142 1.31364265324 1.10409668214
0.569861607334 1.31425157066 1.13268585197
0.570278883711 1.29986682609 1.13321356011
0.570692716135 1.28588771067 1.13373691286
0.571103158893 1.26863376552 1.13425597887
0.571510265019 1.2617059521 1.13477082522
0.571914086329 1.25948183173 1.13528151742
0.572314673459 1.24373091631 1.13578811953
0.572712075899 1.22967760286 1.13629069412
0.57310634203 1.2140732266 1.13678930237
0.573497519153 1.20045230058 1.13728400412
0.573885653521 1.18618561752 1.13777485785
0.574270790373 1.17352250863 1.13826192078
0.574652973961 1.15943473676 1.13874524886
0.575032247576 1.15193773162 1.13922489685
0.575408653579 1.13851289638 1.13970091831
0.575782233427 1.13895228441 1.12143997201
0.576153027695 1.13246943079 1.12189746045
0.559700174933 1.1328960453 1.12235156102
0.560058380722 1.1209970867 1.12280232171
0.56041396975 1.12141188854 1.10458264839
0.560766978582 1.10882447377 1.10501649966
0.561117443033 1.10487828912 1.10544722386
0.561465398188 1.10527544254 1.10650350003
0.561810878424 1.10566977112 1.08907622368
0.562153917422 1.09671971385 1.08948285994
0.562494548193 1.08543787926 1.08988664152
0.562832803091 1.08581408939 1.07533708371
0.563168713833 1.07558701005 1.07572633596
0.563502311512 1.07595327796 1.05875575282
0.563833626617 1.06464017768 1.05913468775
0.564162689044 1.05351965017 1.05951104622
0.564489528117 1.05387292103 1.04786135813
0.564814172597 1.04325073034 1.04822473464
0.565136650699 1.0435982802 1.04624101451
0.565456990105 1.04394352509 1.03079791585
0.565775217978 1.03311619862 1.03114427332
0.566091360971 1.02258583818 1.03148836163
0.552908343641 1.02291891829 1.03183020924
0.553212882675 1.0232498424 1.01691642425
0.553515462213 1.01670420389 1.01725024304
0.553816106406 1.01702674226 1.00262458242
0.55411483897 1.00679919666 1.00295045291
0.554411683191 0.998496439098 1.00327426352
0.554706661941 0.998806684468 0.98888688486
0.554999797682 1.00639350434 0.989202270938
0.55529111248 1.00668658038 0.989515697855
0.555580628012 0.998577920746 0.989827188934
0.555868365576 0.989177021298 0.990136767089
0.5561543461 0.989468903559 0.976173585394
0.556438590147 0.982153435522 0.976475863699
0.556721117929 0.973399595044 0.976776316847
0.557001949311 0.973680390699 0.963152587979
0.557281103819 0.964809107515 0.963446086075
0.557558600651 0.956119646175 0.963737841318
0.557834458678 0.956391232894 0.950414844616
0.558108696459 0.947831121304 0.950699807332
0.55838133224 0.94809746748 0.937728670254
0.558652383968 0.9396788124 0.938007282727
0.558921869292 0.931395573466 0.938284285103
0.546058829472 0.931653330797 0.938559695228
0.546318976206 0.931909614361 0.925857784215
0.546577643365 0.923797697303 0.926126671698
0.54683484709 0.924049099693 0.913748238493
0.547090603264 0.916034625919 0.914010813335
0.547344927514 0.908144802431 0.914271918078
0.547597835222 0.908388270897 0.902181854839
0.547849341524 0.900633775397 0.902437025306
0.548099461319 0.900872737837 0.89063502525
0.548348209274 0.893006174537 0.890884477988
0.548595599825 0.885376989648 0.891132569477
0.548841647189 0.885609076079 0.879614815394
0.549086365358 0.878166709782 0.879857365212
0.549329768115 0.878394623107 0.868801192387
0.549571869028 0.870923414147 0.869037994108
0.549812681463 0.863547100429 0.869273535553
0.550052218581 0.863768521818 0.858726514668
0.550290493346 0.858182086123 0.858956346392
0.550527518529 0.858399075795 0.848627917721
0.55076330671 0.85377490252 0.848852292659
0.550997870283 0.846838017849 0.849075502266
0.551231221458 0.847048113879 0.838641757452
0.551463372267 0.840471887026 0.838860238427
0.551694334566 0.833716769481 0.839077600874
0.551924120038 0.8339206873 0.828957289624
0.53751595772 0.83412357099 0.829169929617
0.537740858381 0.828661338834 0.829381496307
0.537964629153 0.828860380458 0.81942996427
0.538187280937 0.822654127683 0.81963710665
0.53840882448 0.816249927516 0.819843217986
0.538629270377 0.816443172212 0.810046740278
0.538848629073 0.809921588674 0.810248768105
0.539066910868 0.810111853876 0.802587665613
0.539284125916 0.803579981645 0.80278482694
0.539500284233 0.797555362119 0.802981029094
0.539715395695 0.797741228407 0.793691698726
0.539929470041 0.791794113751 0.793883937248
0.540142516878 0.791976888652 0.786704370758
0.540354545682 0.786053473133 0.786892090773
0.540565565799 0.786233263947 0.777930190591
0.54077558645 0.780379415513 0.778114410179
0.540984616731 0.774541432332 0.778297761065
0.541192665616 0.77471633559 0.770126931527
0.54139974196 0.768939226863 0.77030632459
0.5416058545 0.769111386031 0.7616794918
0.541811011856 0.763503691414 0.761855754679
0.542015222536 0.757896775241 0.762031204213
0.542218494937 0.758064339846 0.756101179628
0.542420837343 0.752577418403 0.756272690435
0.542622257935 0.75274237107 0.748047847968
0.542822764783 0.747198668008 0.748216224508
0.543022365857 0.747361140312 0.742809831991
0.543221069021 0.742158980704 0.742974514552
0.543418882042 0.742320748557 0.737667227212
0.531332365676 0.742481794736 0.737828335909
0.531524019848 0.737223839602 0.737988728843
0.531714826059 0.737382401886 0.730991045863
0.531904791522 0.732192396096 0.731148162966
0.53209392336 0.727059632578 0.731304590592
0.532282228607 0.727214072435 0.72368943465
0.532469714211 0.722098741965 0.723843238493
0.532656387032 0.722250871111 0.717488366194
0.532842253845 0.717182929586 0.717639025314
0.533027321344 0.717332806089 0.71036437195
0.533211596139 0.712363590342 0.710512442517
0.53339508476 0.707502173696 0.710659881368
0.533577793659 0.707648265886 0.711180929023
0.533759729208 0.707793739714 0.704147650735
0.533940897703 0.702980634019 0.704290796392
0.534121305366 0.703123974367 0.697777904866
0.534300958341 0.698406278519 0.697918397379
0.534479862703 0.693767439735 0.69805830446
0.534658024451 0.693907199712 0.691255298428
0.534835449517 0.689323934405 0.691392923922
0.53501214376 0.68946166737 0.684759641719
0.535188112972 0.684917085073 0.684894977247
0.535363362876 0.680598564868 0.685029759565
0.53553789913 0.68073288446 0.678396854396
0.535711727326 0.676357226011 0.678529562408
0.53588485299 0.676489623442 0.672251280357
0.536057281586 0.672151396029 0.672381722646
0.536229018514 0.67228191621 0.666812002232
0.536400069113 0.668004105883 0.666940047649
0.536570438663 0.663929096398 0.667067583243
0.53674013238 0.664056444424 0.660867226916
0.536909155425 0.659859235488 0.660992726983
0.537077512899 0.659984815138 0.655101070356
0.526203910465 0.660109902093 0.655224458536
0.526367285908 0.655827052867 0.655347364383
0.526530025022 0.651671248247 0.655469791526
0.526692132578 0.651793451914 0.64957362073
0.526853613294 0.64785714548 0.649694064246
0.527014471836 0.647977659975 0.644280590366
0.527174712817 0.643894319017 0.644398958144
0.527334340802 0.644013224639 0.63864783236
0.527493360305 0.640140957787 0.638764347249
0.527651775792 0.636230927799 0.63888041957
0.527809591679 0.636347089911 0.633328948673
0.527966812335 0.633248268348 0.6334431643
0.528123442083 0.633362787909 0.631260051706
0.528279485199 0.629819575604 0.631372305
0.528434945913 0.629932533769 0.625689861182
0.528589828411 0.626462191734 0.625800624592
0.528744136833 0.622419538838 0.625910977454
0.528897875277 0.622530010588 0.620630953125
0.529051047797 0.618876546074 0.620739582374
0.529203658404 0.618985576833 0.622630372257
0.529355711068 0.619094208976 0.619136236863
0.529507209717 0.61920244531 0.613762287166
0.529658158239 0.61553039041 0.613867122897
0.529808560481 0.611908824282 0.61397157923
0.52995842025 0.612014694003 0.61032872884
0.530107741315 0.608176467864 0.610431425007
0.530256527405 0.60828106277 0.605798280528
0.530404782212 0.604599495057 0.605899361777
0.53055250939 0.604702802712 0.601366517548
0.530699712556 0.601309234832 0.601466016891
0.53084639529 0.601411227087 0.596793972075
0.530992561137 0.597929334215 0.596891980136
0.531138213605 0.5943931799 0.596989643964
0.531283356167 0.594493027985 0.59203895867
0.531427992264 0.590959292957 0.592135357294
0.531572125298 0.59105794013 0.587956644161
0.531715758641 0.587498633177 0.588051545973
0.520057054182 0.587596116737 0.588146119832
0.520196642754 0.587693264505 0.583626863981
0.520335752039 0.584404140267 0.583720072308
0.520474385209 0.581122809362 0.58381296162
0.520612545403 0.581217930375 0.579277199826
0.52075023573 0.5779969929 0.579368788972
0.520887459271 0.578090962342 0.574594414723
0.521024219073 0.574868895986 0.574684996427
0.521160518156 0.571580218156 0.574775272978
0.521296359512 0.571672284889 0.570325012914
0.521431746103 0.568545300103 0.570414056716
0.521566680862 0.56863627056 0.565798309405
0.521701166695 0.565508985394 0.565886644417
0.521835206481 0.565598884219 0.562571981169
0.521968803071 0.562478113557 0.562658967912
0.522101959288 0.562566963728 0.558351581145
0.522234677931 0.55940099725 0.558437412911
0.522366961771 0.556021575021 0.558522963482
0.522498813554 0.556108756926 0.554382496439
0.522630235999 0.553059049911 0.554466882946
0.522761231801 0.553145233423 0.551758149517
0.522891803629 0.551155712861 0.551841270178
0.523021954129 0.551240841486 0.548368018406
0.523151685922 0.548502855786 0.548449932327
0.523281001603 0.545456299138 0.548531583511
0.523409903745 0.545539764949 0.547478956198
0.523538394899 0.54562296464 0.54363381293
0.523666477589 0.542677150175 0.543713496703
0.52379415432 0.542759420588 0.539889604838
0.523921427572 0.539987962629 0.539968233659
0.524048299802 0.537227125209 0.540046614731
0.524174773448 0.537307795948 0.536623668249
0.524300850922 0.534588360364 0.536700959961
0.524426534619 0.534668123084 0.537536983183
0.524551826908 0.534747637406 0.533857002054
0.524676730141 0.532316629272 0.533932648285
0.524801246646 0.532395230096 0.53024715224
