1.06999 1.04782 1.05604
1.06945 1.06645 1.06151
1.04 1.07065 1.06794
1.0635 1.04877 1.04147
1.06301 1.05678 1.05795
1.0577 1.04766 1.04652
1.04706 1.04835 1.04249
1.09416 1.05273 1.07238
1.05594 1.09236 1.07848
1.04846 1.05157 1.13162
1.04402 1.17023 1.04151
1.04159 1.0415 1.05145
1.09331 1.04049 1.04691
1.07275 1.0431 1.04134
1.05995 1.04092 1.03752
1.0778 1.04176 1.03945
1.0497 1.03176 1.03216
1.0491 1.03337 1.03657
1.05614 1.04449 1.03538
1.04502 1.03424 1.03256
1.03776 1.03586 1.03419
1.05601 1.03543 1.03586
1.0308 1.04445 1.04847
1.03046 1.04624 1.07123
1.03869 1.08668 1.0822
1.04126 1.03245 1.03149
1.04837 1.03125 1.03225
1.0305 1.03599 1.03078
1.04801 1.0411 1.03977
1.02433 1.03064 1.03826
1.03782 1.02859 1.02822
1.05678 1.02994 1.03021
1.03379 1.02784 1.02928
1.04099 1.03344 1.03254
1.04623 1.05412 1.04575
1.04475 1.04648 1.04551
1.02507 1.04916 1.08488
1.02619 1.08239 1.05947
