0.00311418 0.0034874 0.00326095
0.00276443 0.00200658 0.00209034
0.00242432 0.0029783 0.00281171
0.00390442 0.0039621 0.00348749
0.00540821 0.00403891 0.00373554
0.00248242 0.0025026 0.00186485
0.00202713 0.00247849 0.00128493
0.00203309 0.00239949 0.00148918
0.00223442 0.00254137 0.00208868
0.00300055 0.00262505 0.00234164
0.00365209 0.00260543 0.00230123
0.00216577 0.00172005 0.00179052
0.00164077 0.00187252 0.00164448
0.00239957 0.00152542 0.00144087
0.00222767 0.00177281 0.00138861
0.00225818 0.00149081 0.00132238
0.0025745 0.00174256 0.00158118
0.0017919 0.00166824 0.00130988
0.0018533 0.0017607 0.00138855
0.00151486 0.00183429 0.00169235
0.00279377 0.00160832 0.00111736
0.00216429 0.00158384 0.00135195
0.00130741 0.00192459 0.00146212
0.00177485 0.00144044 0.00111803
0.00148072 0.00143865 0.00137936
0.00199277 0.00160488 0.00140873
0.00198308 0.00159406 0.00130956
0.00228561 0.00173221 0.00140245
0.00242534 0.0017821 0.00162243
0.00230772 0.00172451 0.00156644
0.00230914 0.00188181 0.00176125
0.00245823 0.00219418 0.00212605
0.00262189 0.00226225 0.00216328
0.00182248 0.0025323 0.00214774
0.002868 0.00141236 0.00121133
0.00259226 0.00189479 0.00133428
0.00273558 0.00290282 0.00209815
0.00221016 0.00189913 0.00160012
0.0020684 0.00187161 0.0013427
0.00262858 0.00211726 0.00193637
0.00206709 0.00187562 0.0018835
0.00189501 0.00221204 0.00187176
0.00233902 0.00237658 0.00210872
0.0020473 0.00195091 0.00160745
0.00234539 0.00205235 0.00188443
0.00306823 0.00272907 0.00252594
0.00251882 0.00197718 0.0019593
0.00334753 0.0029123 0.00290655
0.00334765 0.00271938 0.00269556
0.00181511 0.00172142 0.00164401
0.00259485 0.00220941 0.00222456
0.00183967 0.00219468 0.00195722
0.00162997 0.00185903 0.00170557
0.00211401 0.00173577 0.00152794
0.00178076 0.00190404 0.00159213
0.00185691 0.00186387 0.00152795
0.00187556 0.00183192 0.00137537
0.00169054 0.00189803 0.00150199
0.00197896 0.0020651 0.00164874
0.00160644 0.00180021 0.00150026
0.00175753 0.00180251 0.0014013
0.00192122 0.00207805 0.00172286
0.00184051 0.00165778 0.00157078
0.00157221 0.00182181 0.00185736
0.00208015 0.00214137 0.00184228
0.00147213 0.00189701 0.00179648
0.00208787 0.00239106 0.00231605
0.00209057 0.00273378 0.00261143
0.00145762 0.00216529 0.00223551
0.00181256 0.00261265 0.00244571
0.00179332 0.00242943 0.00202609
0.001557 0.00260121 0.00190945
0.00207362 0.00212209 0.00185764
0.0026829 0.00221114 0.00192557
0.00177118 0.00170983 0.00142141
0.0017766 0.00238744 0.00157908
0.00184117 0.00234723 0.00188643
0.00174012 0.00202009 0.00139928
0.00162398 0.00231664 0.00145105
0.00172314 0.00252659 0.00221246
0.00213153 0.0024769 0.00228727
0.00196325 0.00241727 0.00219742
0.00190233 0.00262249 0.00221382
0.00181889 0.00245059 0.00223612
0.00222312 0.00188808 0.0020246
0.00216683 0.00244391 0.00252856
0.00287218 0.00317186 0.00326706
0.00287059 0.0032187 0.00316106
0.00289413 0.00350576 0.00345998
0.00296773 0.00351946 0.00322363
0.00281887 0.00360287 0.00311257
0.00322527 0.00344706 0.00347362
0.0021037 0.0037789 0.00346944
0.0028528 0.00404948 0.00372292
0.00322574 0.00379628 0.00366573
0.00256379 0.00387841 0.00381707
0.00269658 0.00418994 0.00406882
0.0022431 0.0038894 0.00382365
0.00319971 0.00430371 0.00436361
0.00352042 0.00473597 0.00449999
0.00394807 0.00433678 0.0044545
0.00366338 0.00437724 0.00469525
0.00345552 0.00486994 0.00503928
0.00310521 0.00484202 0.00478
0.00417529 0.00491487 0.00481836
0.00405861 0.00492184 0.00504544
0.00464959 0.00533302 0.00484091
0.00354263 0.0046521 0.0044856
0.00289132 0.00478307 0.0045437
0.00303315 0.00448211 0.00428466
0.00391102 0.00470393 0.0043405
0.00315212 0.00476236 0.00437107
0.00274597 0.00456911 0.00406035
0.00304284 0.00459671 0.0041106
0.00308197 0.00457064 0.00412716
0.00286717 0.00442077 0.00387667
0.00325053 0.00358342 0.00376771
0.00265651 0.00388455 0.00358381
0.00235134 0.00324714 0.00306678
0.00256896 0.00328752 0.00337131
0.0028572 0.00405533 0.00414848
0.00339202 0.00454846 0.00477675
0.00388087 0.0048465 0.00476634
0.00381076 0.0048765 0.00487905
0.00353525 0.00426438 0.00498405
0.00383445 0.00534187 0.00499068
0.0037391 0.00405285 0.00526499
0.00325684 0.00507012 0.00507268
0.00356889 0.00426495 0.00544266
0.00367947 0.00524155 0.00523005
0.00388366 0.00436792 0.00530648
0.00397375 0.00554296 0.00508333
0.00388646 0.00458096 0.00538993
0.00420599 0.00549298 0.00551847
0.00366515 0.00530893 0.00560281
0.00377136 0.00467887 0.00573299
0.00399284 0.00566841 0.00558229
0.00396914 0.00559333 0.00540076
0.00424285 0.00508523 0.00562122
0.00400996 0.00514698 0.00565922
0.00366956 0.00561867 0.00539292
0.00403156 0.0048674 0.00557646
0.00394597 0.00582066 0.00554053
0.00431609 0.00453574 0.00589068
0.00486879 0.00598567 0.0055524
0.00415934 0.00405629 0.00548502
0.00356195 0.00556201 0.00523598
0.00407074 0.00448888 0.00561828
0.00363942 0.00524637 0.00501972
0.00345123 0.00555709 0.00523891
0.00387175 0.00571056 0.00534313
0.00408147 0.00498156 0.00484704
0.00318109 0.00387101 0.00419605
0.00302496 0.00395495 0.00451925
0.00383075 0.00447454 0.00463104
0.00380995 0.00436675 0.00466526
0.00371399 0.00460756 0.00427659
0.00388954 0.0044104 0.00476254
0.00435787 0.005146 0.00464674
0.00487211 0.00545545 0.004917
0.00393945 0.00466657 0.00529511
0.00372228 0.00374439 0.00507966
0.00434874 0.0047891 0.005461
0.00370837 0.00385941 0.00487178
0.00395937 0.00436908 0.00489109
0.00467261 0.0048363 0.00463827
0.00421714 0.00506647 0.00529612
0.00408242 0.00441041 0.0052169
0.00364716 0.00443338 0.00471216
0.00496674 0.00502786 0.00474949
0.00430275 0.00483958 0.00504307
0.0039867 0.00420402 0.00472693
0.00450065 0.00507643 0.00417362
0.00404773 0.00461376 0.00395512
0.00422149 0.00467487 0.0036916
0.00408616 0.00473705 0.00355052
0.00304427 0.00344125 0.00379669
0.00362196 0.00362196 0.00371035
0.00392856 0.00392856 0.004045
0.00383525 0.00383525 0.00395261
0.00371599 0.00371599 0.00387379
0.00387647 0.00387647 0.00403521
0.00378322 0.00378322 0.00392638
0.00376459 0.00376459 0.00394093
0.00388025 0.00388025 0.00402619
0.00372938 0.00372938 0.00383441
0.00383765 0.00383765 0.00394196
0.0038372 0.00335954 0.00395628
0.00332035 0.00367122 0.00390707
0.00341022 0.00368167 0.00390099
0.00350295 0.0028427 0.00374366
0.00357987 0.0030662 0.00381836
0.00367521 0.00443096 0.00364877
0.00408512 0.0042494 0.00364093
0.00373815 0.00388056 0.00402105
0.0032072 0.0034013 0.00393246
0.00408494 0.00454213 0.00381225
0.00350006 0.00375384 0.00407862
0.00321379 0.00349656 0.0039494
0.00333808 0.00368291 0.00381906
0.00343582 0.00424491 0.00381099
0.00326463 0.00358176 0.00353225
0.003476 0.00402876 0.00356941
0.00344222 0.00339185 0.00373742
0.00326041 0.00420327 0.00364524
0.0028895 0.00306652 0.00399327
0.00293478 0.00285978 0.00381752
0.00308091 0.00319319 0.00365586
0.00327702 0.00416347 0.00384157
0.00267072 0.00262103 0.00356934
0.00337509 0.00361958 0.00345783
0.00359334 0.00444535 0.0036676
0.00290752 0.00280359 0.00372185
0.00370529 0.00397228 0.00344966
0.00368949 0.00418034 0.00364275
0.0031221 0.00274298 0.00372189
0.00363011 0.00381817 0.00346685
0.00319726 0.00356444 0.0036423
0.00345855 0.00292852 0.00349746
0.00358797 0.0035264 0.00355364
0.00386485 0.00405165 0.00342951
0.00277232 0.00307304 0.00370116
0.00335885 0.00337648 0.00338293
0.00374487 0.00363868 0.0037148
0.00301568 0.00317611 0.00364055
0.0034926 0.00403482 0.00348108
0.00326144 0.00306953 0.00362865
0.00315373 0.00362264 0.00330383
0.00360348 0.00381493 0.00351392
0.0036131 0.00370106 0.00336373
0.00295391 0.00276873 0.00367191
0.00294964 0.00280158 0.00368083
0.00369525 0.003568 0.00341782
0.00263618 0.00360506 0.00359344
0.00283058 0.00316758 0.00359583
0.0035917 0.00300392 0.00342775
0.00364783 0.0034178 0.00355936
0.00286887 0.00297137 0.00349564
0.00364616 0.00375248 0.00341531
0.00363316 0.00375456 0.00350952
0.00269299 0.00268129 0.00359907
0.0024745 0.00288146 0.00370127
0.00264045 0.00336978 0.00347563
0.00302186 0.00311003 0.0037064
0.00275895 0.00281338 0.00361131
0.00367641 0.00396014 0.00336214
0.00277876 0.00329118 0.00381306
0.00360439 0.00361312 0.00341039
0.00370403 0.00355448 0.00356421
0.00276955 0.00293532 0.00351351
0.00280921 0.00264517 0.00366058
0.00382978 0.00320938 0.00339402
0.00273483 0.00367475 0.0034178
0.00352718 0.00365434 0.00327987
0.00270652 0.00278033 0.00345915
0.00345157 0.00342037 0.00323674
0.00320311 0.00360327 0.00342845
0.00282082 0.00283014 0.00345064
0.00359863 0.0032118 0.00352533
0.00270698 0.00279697 0.00355473
0.00316336 0.00362957 0.0033686
0.00341775 0.00363069 0.00351966
0.00298726 0.00288513 0.00327719
0.00321545 0.00370517 0.00318295
0.00388945 0.0036066 0.00340481
0.00292295 0.00319761 0.00328968
0.00370916 0.0033305 0.00335477
0.00391704 0.00416418 0.00347338
0.00378269 0.00325095 0.00399745
0.00334426 0.00262743 0.00375158
0.00364059 0.0034807 0.00355595
0.00314584 0.00385559 0.00368522
0.00369329 0.00416044 0.00343287
0.00398663 0.00397638 0.00364645
0.00272102 0.00283985 0.0036491
0.00284865 0.00267737 0.0037429
0.00300076 0.00354642 0.00356514
0.00373749 0.00424244 0.00350205
0.00336073 0.00380273 0.00349382
0.00338871 0.0036289 0.00337853
0.00324028 0.00423044 0.00370744
0.00388597 0.00359358 0.00372256
0.00320802 0.00252053 0.00347354
0.00379388 0.00434601 0.00335227
0.00352827 0.00311302 0.00367121
0.00321594 0.00238731 0.00340001
0.00238043 0.00289394 0.00360774
0.00354409 0.00405195 0.00339447
0.00389703 0.00391562 0.00361829
0.0033382 0.0033382 0.00356823
0.00330366 0.00330366 0.00351725
0.00339977 0.00339977 0.00365675
0.00332195 0.00332195 0.00356515
0.00336113 0.00336113 0.00360283
0.00344969 0.00344969 0.00368804
0.00337284 0.00337284 0.00360772
0.00340133 0.00340133 0.00363455
0.00341925 0.00341925 0.0036503
0.00342157 0.00342157 0.00365694
0.00336023 0.00336023 0.00358854
0.00346142 0.00346142 0.00369513
0.00339441 0.00339441 0.00362863
0.00344131 0.00344131 0.00368395
0.00348866 0.00348866 0.00373251
0.00342609 0.00342609 0.0036601
0.00349197 0.00349197 0.00372587
0.00354339 0.00354339 0.0037831
0.00347957 0.00347957 0.00373895
0.00352031 0.00352031 0.00378183
0.00358823 0.00358823 0.00385425
0.00352427 0.00352427 0.00379543
0.00363717 0.00363717 0.00393532
0.00358137 0.00358137 0.00388065
0.00364827 0.00364827 0.00393789
0.00369886 0.00369886 0.00399597
0.00363445 0.00363445 0.00393249
0.00372048 0.00372048 0.00398082
0.00363385 0.00363385 0.00392459
0.00368787 0.00368787 0.00396627
0.00379211 0.00379211 0.00405692
0.00384235 0.00384235 0.00409594
0.00371873 0.00371873 0.00398948
0.00386056 0.00386056 0.00411477
0.00381301 0.00381301 0.00406967
0.00386606 0.00386606 0.00412468
0.00384427 0.00384427 0.00413269
0.00388333 0.00388333 0.00415611
0.00379806 0.00379806 0.00410363
0.00385374 0.00385374 0.00415628
0.00389248 0.00389248 0.0042058
0.00364402 0.00364402 0.00394331
0.00386518 0.00386518 0.0042164
0.00383928 0.00383928 0.004139
0.00373168 0.00373168 0.00403409
0.00383227 0.00383227 0.00414282
0.0037571 0.0037571 0.00407724
0.00376244 0.00376244 0.00410599
0.00376586 0.00376586 0.00412484
0.00384264 0.00384264 0.00416293
0.00375426 0.00375426 0.00409065
0.00379377 0.00379377 0.00411643
0.00384232 0.00384232 0.00414194
0.00373871 0.00373871 0.00405176
0.00374409 0.00374409 0.00404702
0.00378161 0.00378161 0.00407721
0.00374606 0.00374606 0.00406411
0.00379743 0.00379743 0.00412811
0.00381271 0.00381271 0.0040991
0.00384424 0.00384424 0.00413347
0.00375735 0.00375735 0.00403882
0.00383843 0.00383843 0.00414143
