1.08233 1.08357 1.08488
1.07396 1.07435 1.07726
1.06472 1.06766 1.06943
1.05788 1.06495 1.06554
1.06226 1.05748 1.05756
1.06912 1.05988 1.05477
1.07039 1.06149 1.05552
1.08551 1.07775 1.0756
1.10313 1.07749 1.08224
1.10018 1.07964 1.08243
1.11585 1.10654 1.10675
1.13515 1.11173 1.11158
1.13062 1.1238 1.11738
1.16104 1.13635 1.13709
1.16135 1.14104 1.13699
1.16111 1.14628 1.13914
1.15334 1.16913 1.17092
1.18392 1.17199 1.16414
1.18181 1.16194 1.15899
1.21064 1.1924 1.18701
1.20932 1.19698 1.19132
1.20134 1.18803 1.186
1.22465 1.20475 1.20011
1.22427 1.19329 1.19775
1.18208 1.19499 1.1961
1.19319 1.17342 1.17333
1.18045 1.18056 1.17316
1.19411 1.1766 1.17387
1.22174 1.19999 1.20077
1.22357 1.20106 1.20056
1.21643 1.21116 1.20226
1.20419 1.22288 1.21891
1.24132 1.22317 1.22155
1.24453 1.22862 1.22061
1.2701 1.24986 1.25484
1.23059 1.23707 1.24663
1.25956 1.24168 1.24374
1.24959 1.27229 1.26459
1.2902 1.28139 1.27657
1.29271 1.28042 1.27879
1.31697 1.30114 1.30398
1.31683 1.30225 1.30311
1.3211 1.30366 1.30561
1.34988 1.33643 1.33374
1.34726 1.34248 1.3418
1.3635 1.34593 1.34392
1.36141 1.36486 1.37472
1.34391 1.35082 1.36074
1.34714 1.35268 1.36134
1.35546 1.34475 1.34268
1.33242 1.33534 1.34822
1.33813 1.33695 1.35174
1.34548 1.34089 1.33398
1.32845 1.33465 1.34601
1.33081 1.33755 1.34826
1.33958 1.33988 1.33193
1.32974 1.33239 1.34277
1.32796 1.33563 1.34777
1.30199 1.32452 1.32314
1.3517 1.33729 1.33097
1.34758 1.34141 1.33992
1.33869 1.34669 1.35903
1.32308 1.33395 1.34707
1.33344 1.34169 1.35556
1.33597 1.33282 1.33226
1.34116 1.34752 1.33984
1.36873 1.35494 1.35046
1.36844 1.3745 1.38906
1.35116 1.36161 1.37661
1.35994 1.37253 1.38544
1.33293 1.34066 1.35527
1.35745 1.34559 1.34108
1.35867 1.3555 1.35308
1.34865 1.35973 1.37585
1.34191 1.34848 1.36444
1.35085 1.35994 1.37773
1.35074 1.35632 1.34866
1.34724 1.35389 1.37382
1.36128 1.37073 1.38544
1.33517 1.34174 1.36052
1.34876 1.34582 1.34183
1.36411 1.35148 1.3538
1.35751 1.36602 1.38144
1.34318 1.35234 1.36676
1.35414 1.3577 1.37324
1.35662 1.36098 1.35289
1.35376 1.36049 1.3734
1.35702 1.36299 1.38111
1.33277 1.33924 1.35471
1.34634 1.32547 1.33385
1.34823 1.3445 1.33481
1.33536 1.34827 1.35602
1.32369 1.33691 1.34564
1.32923 1.33476 1.35141
1.30096 1.32653 1.32116
1.34282 1.33046 1.33009
1.34138 1.32988 1.32862
1.3358 1.34089 1.35149
1.32605 1.32335 1.34105
1.32971 1.33613 1.35083
1.34111 1.32383 1.32739
1.34368 1.32569 1.32578
1.34198 1.33765 1.33262
1.32946 1.34092 1.35222
1.31789 1.34383 1.34318
1.33113 1.33982 1.35408
1.33777 1.3265 1.3284
1.34037 1.33605 1.33236
1.35138 1.35453 1.34474
1.33966 1.3459 1.36402
1.35496 1.33874 1.3431
1.32648 1.33805 1.35057
1.33086 1.33021 1.32308
1.34909 1.35406 1.34193
1.36528 1.36285 1.35393
1.35192 1.36158 1.37776
1.35471 1.35642 1.34788
1.32973 1.33488 1.35527
1.34478 1.34905 1.33673
1.33912 1.34891 1.36493
1.35794 1.35743 1.35113
1.34279 1.35276 1.36875
1.32999 1.33688 1.35594
1.30909 1.34677 1.33878
1.33173 1.34174 1.36023
1.35248 1.35577 1.34291
1.34324 1.34915 1.36731
1.36206 1.3608 1.34723
1.34477 1.35089 1.36838
1.35785 1.35989 1.34675
1.34855 1.35007 1.36895
1.35502 1.35751 1.34417
1.32642 1.32973 1.34653
1.33747 1.33289 1.32703
1.34974 1.349 1.33912
1.33176 1.34129 1.3565
1.3511 1.34557 1.33734
1.33755 1.33726 1.3562
1.35307 1.33709 1.3372
1.3288 1.35476 1.34783
1.34894 1.35233 1.36987
1.33047 1.33267 1.35334
1.34176 1.34045 1.32738
1.33613 1.33355 1.35294
1.30801 1.3363 1.33259
1.31856 1.35145 1.34433
1.33904 1.34972 1.36198
1.32554 1.33812 1.35115
1.35101 1.34838 1.3366
1.33581 1.34445 1.36081
1.34275 1.35295 1.36657
1.3316 1.33974 1.3511
1.34528 1.34892 1.33884
1.33829 1.34491 1.36002
1.36077 1.35896 1.3458
1.34493 1.35655 1.36679
1.33281 1.34496 1.35613
1.3575 1.35185 1.34427
1.33656 1.33733 1.35961
1.34364 1.34954 1.334
1.31268 1.34989 1.33704
1.34588 1.34669 1.36186
1.35958 1.35559 1.34601
1.3407 1.34978 1.36297
1.34558 1.35516 1.36596
1.34304 1.34364 1.35339
1.34206 1.34493 1.35732
1.35162 1.35714 1.3391
1.34877 1.34949 1.36684
1.35922 1.35372 1.34205
1.35849 1.35081 1.34351
1.33605 1.33917 1.35421
1.35925 1.35357 1.33916
1.35425 1.34163 1.33973
1.3582 1.35599 1.34517
1.34867 1.34865 1.36535
1.34758 1.35149 1.3684
1.36491 1.35994 1.34802
1.34973 1.3495 1.3666
1.34994 1.35116 1.37028
1.35816 1.36116 1.34619
1.3506 1.35204 1.36937
1.35464 1.35602 1.37298
1.35088 1.35088 1.35321
1.35299 1.3402 1.35513
1.35372 1.35323 1.33842
1.34275 1.34796 1.36076
1.35151 1.35352 1.3674
1.33917 1.34807 1.3504
1.3651 1.36082 1.34828
1.34928 1.33718 1.35144
1.33686 1.33958 1.35194
1.34966 1.35007 1.33911
1.3398 1.34035 1.35615
1.34625 1.34425 1.36034
1.35234 1.34812 1.33985
1.35025 1.35025 1.35222
1.34338 1.35426 1.35613
1.34406 1.34534 1.35721
1.34488 1.35753 1.35969
1.34417 1.34677 1.35866
1.35672 1.35293 1.34429
1.35718 1.35497 1.34635
1.34693 1.35048 1.36077
1.34919 1.34949 1.36459
1.35858 1.35976 1.34551
1.34903 1.35424 1.36615
1.35214 1.35885 1.36975
1.34368 1.34417 1.35529
1.35115 1.34768 1.34332
1.35525 1.35056 1.34486
1.35351 1.35351 1.35516
1.35282 1.35282 1.35452
1.35517 1.35517 1.35685
1.35516 1.34499 1.35675
1.35931 1.34722 1.34371
1.35069 1.35835 1.36947
1.35418 1.35542 1.37308
1.34781 1.34781 1.3498
1.34936 1.34936 1.3512
1.34908 1.34908 1.3507
1.35148 1.35148 1.35338
1.35296 1.35296 1.3549
1.35153 1.35153 1.3534
1.35407 1.35407 1.35582
1.3543 1.3543 1.35593
1.35654 1.35654 1.35822
1.35664 1.35664 1.35837
1.35674 1.35674 1.35836
1.34782 1.34912 1.36064
1.36385 1.35737 1.34635
1.34836 1.34918 1.36367
1.35809 1.35022 1.34607
1.36499 1.35354 1.34845
1.36174 1.35921 1.37537
1.35274 1.35274 1.35472
1.35315 1.35315 1.35504
1.35259 1.35259 1.35472
1.35527 1.35527 1.35719
1.35542 1.35542 1.3573
1.35805 1.35805 1.35984
1.35798 1.35798 1.35985
1.35802 1.35802 1.35987
1.35796 1.35796 1.35981
1.36037 1.36037 1.36214
1.36049 1.36049 1.36228
1.36289 1.36289 1.36469
1.36298 1.36298 1.36476
1.36305 1.35307 1.36484
1.36531 1.36531 1.36706
1.35448 1.36539 1.36714
1.35443 1.3655 1.36721
1.367 1.35642 1.36859
1.3661 1.35535 1.36787
1.35134 1.35134 1.35297
1.35482 1.35482 1.35641
1.35482 1.35482 1.35635
1.3547 1.3547 1.35631
1.35673 1.35673 1.3583
1.35667 1.35667 1.35835
1.35673 1.35673 1.35837
1.35682 1.35682 1.35841
1.35924 1.35924 1.36083
1.35918 1.35918 1.36084
1.36158 1.36158 1.36317
1.36156 1.36156 1.36315
1.3616 1.3616 1.36319
1.36294 1.35265 1.36454
1.34892 1.34892 1.35083
1.34928 1.34928 1.35113
1.34949 1.34949 1.35133
1.35202 1.35202 1.35382
1.3518 1.3518 1.3536
1.35175 1.35175 1.35355
1.35427 1.35427 1.3561
1.3544 1.3544 1.35618
1.35438 1.35438 1.35616
1.3569 1.3569 1.35867
1.357 1.357 1.35874
1.35934 1.35934 1.36105
1.35943 1.35943 1.36109
1.35943 1.35943 1.36114
1.35945 1.35945 1.36113
1.36088 1.36088 1.36269
1.36003 1.36003 1.362
1.36413 1.36413 1.36604
1.36522 1.36522 1.36732
1.36623 1.36623 1.36825
1.36874 1.36874 1.37068
1.36731 1.36731 1.36918
1.36725 1.36725 1.36909
1.36953 1.36953 1.37142
1.36955 1.36955 1.37148
1.36959 1.36959 1.37147
1.3697 1.3697 1.37166
1.37214 1.37214 1.37399
1.37194 1.37194 1.37377
1.37445 1.37445 1.37621
1.37443 1.37443 1.37622
1.37452 1.37452 1.37617
1.37456 1.37456 1.37624
1.37688 1.37688 1.37852
1.37684 1.37684 1.37847
1.37687 1.37687 1.37851
1.37917 1.37917 1.3809
1.37915 1.37915 1.38081
1.37916 1.37916 1.3809
1.38156 1.38156 1.38333
1.38156 1.38156 1.38316
1.38155 1.38155 1.3832
1.38391 1.38391 1.38554
1.38391 1.38391 1.38552
1.38384 1.38384 1.38546
1.38627 1.38627 1.38807
1.38616 1.38616 1.38799
1.38617 1.38617 1.38786
1.38625 1.38625 1.38792
1.38854 1.38854 1.39015
1.38854 1.38854 1.39008
1.39061 1.39061 1.39204
1.39067 1.39067 1.39217
1.39063 1.39063 1.39213
1.39067 1.39067 1.3921
1.3928 1.3928 1.39403
1.39361 1.39361 1.39595
1.3949 1.3949 1.39665
1.39476 1.39476 1.39671
1.39467 1.39467 1.39713
1.39711 1.39711 1.39885
1.39881 1.39881 1.40044
1.3981 1.3981 1.39993
1.40027 1.40027 1.40217
1.40101 1.40101 1.40276
1.40082 1.40082 1.40267
1.40299 1.40299 1.40469
1.40552 1.40552 1.40714
1.4055 1.4055 1.40775
1.40763 1.40763 1.40928
1.4078 1.4078 1.40945
1.40761 1.40761 1.40926
1.41 1.41 1.4116
1.41005 1.41005 1.4117
1.40988 1.40988 1.41149
1.41215 1.41215 1.41373
1.41244 1.41244 1.41393
1.41227 1.41227 1.41388
1.41435 1.41435 1.41523
1.41637 1.41637 1.41731
1.41786 1.41786 1.41885
1.42059 1.42059 1.42167
1.42132 1.42132 1.42237
1.42138 1.42138 1.42242
1.42127 1.42127 1.42229
1.42284 1.42284 1.4241
1.42339 1.42339 1.42464
1.42537 1.42537 1.42671
1.42611 1.42611 1.42741
1.42591 1.42591 1.42727
1.42582 1.42582 1.42718
1.42793 1.42793 1.42929
1.42857 1.42857 1.42988
1.43067 1.43067 1.43198
1.4311 1.4311 1.43238
1.43101 1.43101 1.43229
1.4309 1.4309 1.43217
1.43296 1.43296 1.43426
1.43341 1.43341 1.43487
1.43339 1.43339 1.43465
1.43531 1.43531 1.43662
1.43569 1.43569 1.43711
1.43555 1.43555 1.437
1.43773 1.43773 1.43903
1.43811 1.43811 1.43942
1.43805 1.43805 1.43938
1.44004 1.44004 1.44137
1.44043 1.44043 1.44169
1.44037 1.44037 1.44165
1.4423 1.4423 1.44367
1.44268 1.44268 1.44398
1.44263 1.44263 1.44398
1.44466 1.44466 1.44597
1.4451 1.4451 1.44637
1.445 1.445 1.44628
1.4469 1.4469 1.44822
1.44718 1.44718 1.44847
1.44711 1.44711 1.44845
1.44916 1.44916 1.45056
1.44948 1.44948 1.45083
1.44946 1.44946 1.45077
1.45143 1.45143 1.4526
1.4517 1.4517 1.45287
1.45169 1.45169 1.45285
1.45327 1.45327 1.4546
1.45351 1.45351 1.45488
1.4535 1.4535 1.45488
1.45545 1.45545 1.45662
1.45566 1.45566 1.45686
1.45565 1.45565 1.45683
1.45719 1.45719 1.45843
1.45753 1.45753 1.45875
1.45739 1.45739 1.45869
1.45679 1.45679 1.4582
1.45902 1.45902 1.4602
1.46121 1.46121 1.46265
1.4613 1.4613 1.46279
1.46227 1.46227 1.46418
1.46303 1.46303 1.46485
1.46532 1.46532 1.46698
1.46751 1.46751 1.4693
1.46983 1.46983 1.47167
1.47215 1.47215 1.47408
1.47207 1.47207 1.47425
1.4703 1.4703 1.47226
1.47003 1.47003 1.47194
1.4728 1.4728 1.47485
1.47704 1.47704 1.47905
1.47699 1.47699 1.47908
1.47527 1.47527 1.47727
1.47766 1.47766 1.47961
1.47944 1.47944 1.48173
1.48191 1.48191 1.484
1.4821 1.4821 1.48427
1.48075 1.48075 1.48268
1.48042 1.48042 1.48236
1.48312 1.48312 1.48485
1.48475 1.48475 1.48654
1.48593 1.48593 1.48801
1.48589 1.48589 1.48777
1.48554 1.48554 1.48745
1.48531 1.48531 1.48711
1.48779 1.48779 1.48962
1.48944 1.48944 1.49121
1.49087 1.49087 1.49272
1.49088 1.49088 1.49272
1.49046 1.49046 1.49221
1.49244 1.49244 1.49467
1.49662 1.49662 1.49895
1.49712 1.49712 1.49928
1.4984 1.4984 1.50052
1.4985 1.4985 1.50073
1.50237 1.50237 1.50478
1.50263 1.50263 1.50494
1.50117 1.50117 1.50373
1.50412 1.50412 1.50635
1.50541 1.50541 1.50784
1.50804 1.50804 1.51074
1.5116 1.5116 1.51418
1.51166 1.51166 1.5143
1.51006 1.51006 1.5127
1.51289 1.51289 1.51552
1.51459 1.51459 1.51711
1.51764 1.51764 1.51997
1.51759 1.51759 1.52005
1.5169 1.5169 1.51932
1.51627 1.51627 1.51874
1.51935 1.51935 1.52197
1.52104 1.52104 1.52375
1.52445 1.52445 1.52705
1.52386 1.52386 1.52639
1.52629 1.52629 1.52876
1.52628 1.52628 1.52877
1.52624 1.52624 1.52873
1.52915 1.52915 1.53166
1.52997 1.52997 1.53254
1.52962 1.52962 1.53208
1.53217 1.53217 1.5346
1.53282 1.53282 1.53536
1.53255 1.53255 1.535
1.53517 1.53517 1.53747
1.53594 1.53594 1.53834
1.53893 1.53893 1.54129
1.53869 1.53869 1.541
1.53823 1.53823 1.5406
1.5379 1.5379 1.54026
1.54109 1.54109 1.54375
1.54575 1.54575 1.54829
1.54893 1.54893 1.55126
1.5485 1.5485 1.55083
1.55076 1.55076 1.55311
1.55104 1.55104 1.55347
1.55089 1.55089 1.55332
1.55358 1.55358 1.55596
1.55442 1.55442 1.55674
1.55355 1.55355 1.55598
1.55303 1.55303 1.55541
1.55654 1.55654 1.55875
1.55731 1.55731 1.55949
1.5593 1.5593 1.56142
1.55948 1.55948 1.56153
1.56213 1.56213 1.56524
1.56621 1.56621 1.56905
1.56612 1.56612 1.5689
1.56521 1.56521 1.56804
1.56484 1.56484 1.56774
1.5693 1.5693 1.5722
1.57003 1.57003 1.57271
1.57314 1.57314 1.57588
1.57345 1.57345 1.5761
1.57282 1.57282 1.57548
1.57617 1.57617 1.57892
1.57683 1.57683 1.57939
