1.04445 1.05394 1.07134
1.08702 1.07315 1.05579
1.04874 1.04893 1.05024
1.07811 1.0743 1.07589
1.06067 1.05344 1.07829
1.05604 1.05474 1.08149
1.09865 1.09866 1.08253
1.08452 1.09543 1.04843
1.0614 1.05987 1.07908
1.05844 1.05787 1.08451
1.07858 1.07852 1.0742
1.08137 1.08137 1.14074
1.07782 1.07734 1.07871
1.06705 1.06741 1.09804
1.07771 1.08065 1.07377
1.11503 1.0756 1.09161
1.06238 1.07046 1.06431
1.07863 1.07863 1.09437
1.08948 1.07604 1.08559
1.07923 1.07923 1.09866
1.0919 1.07384 1.13537
1.06054 1.06104 1.09506
1.0829 1.09502 1.09003
1.08914 1.08914 1.06291
1.08381 1.06698 1.07465
1.10131 1.06831 1.10722
1.09095 1.09058 1.08615
1.06431 1.0639 1.22431
1.06897 1.06895 1.08037
1.06618 1.07015 1.09656
1.10016 1.07443 1.09541
1.06776 1.06785 1.08948
1.08554 1.08595 1.11839
1.0691 1.06835 1.08252
1.07459 1.10268 1.07292
1.0698 1.10375 1.07235
1.11514 1.12129 1.10605
1.07354 1.08476 1.07436
1.09987 1.11669 1.08437
1.07732 1.10238 1.07484
1.07928 1.07926 1.12623
1.0835 1.22379 1.07659
1.08138 1.28243 1.1354
1.0784 1.0775 1.11481
1.10111 1.11497 1.11122
1.07979 1.08759 1.08901
1.12353 1.10313 1.08562
1.08593 1.0808 1.10524
1.0849 1.16558 1.12997
1.08579 1.08507 1.08573
1.08668 1.08598 1.08854
1.12001 1.08432 1.08723
1.08733 1.08731 1.08318
1.08552 1.08702 1.08753
1.11921 1.11922 1.08789
1.12845 1.1289 1.11123
1.1402 1.09248 1.13246
1.10367 1.10384 1.10991
1.11659 1.12634 1.15409
1.10823 1.14945 1.10458
1.118 1.10199 1.12022
1.12209 1.1043 1.1533
1.17625 1.13751 1.13922
1.08999 1.08983 1.09968
1.11163 1.11162 1.09147
1.08618 1.10642 1.13787
1.08606 1.08675 1.21278
1.08294 1.08526 1.08708
1.11949 1.11645 1.12396
1.08689 1.08728 1.08917
1.08791 1.08797 1.08784
1.11444 1.11443 1.0906
1.14884 1.14885 1.08943
1.08824 1.0914 1.10063
1.15547 1.15548 1.18173
1.09024 1.0904 1.0896
1.18417 1.17336 1.09233
1.09418 1.09454 1.09714
1.14392 1.09256 1.14331
1.09044 1.09045 1.09231
1.15384 1.26103 1.15217
1.09265 1.09266 1.09351
1.0913 1.13573 1.11723
1.0888 1.12077 1.08868
1.09343 1.09017 1.1843
1.11885 1.09022 1.08886
1.1469 1.14448 1.08948
1.09043 1.08933 1.089
1.16607 1.12749 1.14073
1.08587 1.08712 1.08895
1.13798 1.15516 1.09078
1.0956 1.10101 1.08768
1.16067 1.09962 1.08899
1.08617 1.0886 1.13916
1.15273 1.15224 1.11593
1.08337 1.09963 1.08915
1.08735 1.11908 1.1008
1.08704 1.08755 1.0937
1.1383 1.16621 1.14549
1.08655 1.08718 1.1
1.08649 1.09848 1.12211
1.08596 1.08544 1.19053
1.08724 1.08725 1.13543
1.08551 1.14879 1.14021
1.30467 1.12988 1.18303
1.09118 1.08841 1.08876
1.16538 1.25317 1.15327
1.08955 1.08955 1.0902
1.09416 1.15593 1.1511
1.08897 1.08795 1.22676
1.08746 1.14236 1.13109
1.08762 1.08863 1.16251
1.17815 1.08796 1.08958
1.08531 1.08652 1.08773
1.12911 1.08817 1.14296
1.09399 1.09503 1.1547
1.08803 1.08782 1.20997
1.11711 1.08863 1.09184
1.11618 1.12017 1.14716
1.08723 1.08978 1.0914
1.08839 1.08841 1.12396
1.08874 1.08901 1.08951
1.08733 1.13714 1.12338
1.08404 1.0888 1.09125
1.0883 1.15571 1.12679
1.08846 1.08854 1.08907
1.08605 1.0866 1.12914
1.08843 1.08848 1.12809
1.1405 1.10777 1.13163
1.0837 1.08707 1.08907
1.08689 1.13872 1.14179
1.09072 1.08842 1.12385
1.08799 1.16745 1.14142
1.08872 1.08847 1.09045
1.08802 1.09367 1.14757
1.0887 1.08868 1.09234
1.08662 1.10893 1.13031
1.08864 1.08857 1.08969
1.09627 1.08675 1.14594
1.08615 1.11197 1.09094
1.08797 1.15941 1.17887
1.0855 1.08865 1.08892
1.12152 1.28653 1.16073
1.08742 1.1338 1.08923
1.1216 1.30427 1.17632
1.08948 1.11345 1.08989
1.10773 1.14767 1.11042
1.08513 1.08807 1.11046
1.09394 1.09251 1.1109
1.08952 1.08784 1.08999
1.14446 1.11276 1.12786
1.09738 1.09739 1.08978
1.09957 1.20087 1.13644
1.10218 1.10222 1.09528
1.08848 1.14312 1.09191
1.08455 1.1429 1.08604
1.13833 1.13343 1.128
1.08667 1.08672 1.22582
1.15185 1.14474 1.12724
1.08387 1.08626 1.08665
1.08621 1.24366 1.20672
1.0844 1.14143 1.0992
1.14789 1.09861 1.14248
1.08775 1.08662 1.2771
1.16017 1.1397 1.13543
1.08636 1.08643 1.08638
1.10872 1.23761 1.10897
1.08925 1.08938 1.0899
1.28707 1.12682 1.1173
1.08751 1.08744 1.09226
1.10779 1.10743 1.17801
1.08942 1.09186 1.09099
1.12006 1.09063 1.15997
1.09021 1.18269 1.09053
1.09206 1.17749 1.09462
1.09325 1.09088 1.09326
1.11269 1.09448 1.09583
1.09629 1.09258 1.09142
1.10678 1.10678 1.09777
1.09237 1.09379 1.09384
1.12132 1.09957 1.14082
1.09833 1.09451 1.09585
1.10124 1.10129 1.10124
1.09169 1.09105 1.14866
1.09858 1.09859 1.14117
1.08889 1.087 1.08982
1.10266 1.15156 1.14776
1.08883 1.12179 1.08979
1.1237 1.13691 1.15594
1.09374 1.24874 1.09057
1.09614 1.21226 1.1629
1.13162 1.09315 1.09129
1.09366 1.13297 1.09481
1.12185 1.12182 1.26265
1.11758 1.18159 1.13899
1.12692 1.12694 1.21345
1.11387 1.09153 1.0934
1.09489 1.09495 1.09285
1.08906 1.08946 1.09658
1.08376 1.09392 1.10435
1.10144 1.33993 1.15334
1.11735 1.11731 1.15534
1.08796 1.11955 1.17622
1.11967 1.29198 1.14038
1.09159 1.0888 1.15436
1.1314 1.10879 1.08963
1.10953 1.10953 1.11349
1.09076 1.09001 1.08974
1.0933 1.09426 1.16505
1.11502 1.11498 1.09003
1.09015 1.0902 1.10375
1.09735 1.10491 1.12484
1.14777 1.17805 1.12917
1.09014 1.09161 1.09242
1.09515 1.10243 1.09592
1.09281 1.09565 1.09231
1.0878 1.08911 1.09364
1.09276 1.09292 1.09355
1.08924 1.0894 1.094
1.08857 1.08867 1.10499
1.11167 1.08541 1.11471
1.12029 1.12017 1.16325
1.08305 1.11231 1.14879
1.12237 1.08898 1.09489
1.09008 1.15337 1.13909
1.1486 1.14284 1.18326
1.0921 1.13245 1.14098
1.13391 1.1334 1.14922
1.20075 1.19005 1.16138
1.11575 1.11579 1.17527
1.09142 1.12941 1.09241
1.08713 1.08668 1.13064
1.10885 1.10511 1.12959
1.08757 1.13161 1.08668
1.12568 1.12457 1.12813
1.10511 1.12455 1.14793
1.09426 1.13238 1.16906
1.15123 1.15863 1.17775
1.08848 1.13681 1.15761
1.09339 1.09342 1.11725
1.18068 1.17624 1.1103
1.09226 1.21475 1.15247
1.10988 1.09379 1.25943
1.09449 1.12259 1.13057
1.09895 1.15908 1.10921
1.11569 1.11581 1.12671
1.18018 1.08863 1.09819
1.08624 1.09386 1.14216
1.15081 1.13567 1.13324
1.08762 1.10221 1.08919
1.10301 1.09238 1.09646
1.09002 1.10638 1.13342
1.09358 1.0936 1.175
1.10838 1.10802 1.09668
1.09448 1.09442 1.09938
1.08906 1.08749 1.08942
1.08724 1.19543 1.11971
1.15456 1.15455 1.1153
1.0912 1.14006 1.16917
1.15382 1.15381 1.09119
1.13778 1.13616 1.13002
1.14234 1.14234 1.19312
1.21037 1.10405 1.11102
1.10919 1.10914 1.09424
1.16972 1.12735 1.09346
1.09468 1.09469 1.17746
1.08235 1.09988 1.11267
1.16384 1.16397 1.1165
1.08749 1.09812 1.13872
1.15429 1.15427 1.1048
1.12889 1.2046 1.08862
1.13899 1.15161 1.1266
1.08971 1.12187 1.13882
1.11522 1.11524 1.12572
1.18772 1.09057 1.09449
1.12315 1.12382 1.18641
1.11794 1.1144 1.16471
1.0892 1.08915 1.09376
1.1021 1.08812 1.0981
1.1758 1.19802 1.11712
1.09023 1.08766 1.09254
1.26999 1.09041 1.32798
1.08611 1.08628 1.11139
1.0925 1.09117 1.09176
1.25563 1.11208 1.09603
1.10574 1.10773 1.12478
1.09538 1.09538 1.12341
1.13239 1.08437 1.17866
1.08515 1.10681 1.098
1.08431 1.10411 1.09167
1.18708 1.11541 1.16809
1.08857 1.19149 1.0878
1.10502 1.10505 1.13453
1.10179 1.09261 1.09268
1.14689 1.09862 1.09794
1.15095 1.15095 1.18226
1.14806 1.11139 1.09887
1.11678 1.11677 1.15936
1.11946 1.09208 1.09084
1.09977 1.09093 1.14254
1.08742 1.08451 1.08538
1.08756 1.10703 1.0871
1.18275 1.08553 1.10154
1.09233 1.09231 1.21156
1.09792 1.10903 1.09518
1.09263 1.09425 1.12866
1.12628 1.12628 1.09764
1.09022 1.11985 1.12058
1.22157 1.08762 1.20168
1.1269 1.12695 1.13255
1.08812 1.08813 1.10481
1.10302 1.08566 1.08208
1.11015 1.07908 1.11064
1.08453 1.08446 1.08692
1.09311 1.08359 1.08624
1.20955 1.10126 1.14563
1.09457 1.08954 1.08903
1.08896 1.08801 1.14417
1.09913 1.09236 1.09774
1.08437 1.08859 1.11728
1.08383 1.08383 1.08545
1.08587 1.08539 1.09134
1.08518 1.08518 1.12018
1.08705 1.08655 1.13488
1.09316 1.10424 1.13287
1.10744 1.10743 1.17143
1.09563 1.08515 1.11233
1.09313 1.09773 1.17918
1.08862 1.08542 1.11524
1.19339 1.09164 1.07926
1.09329 1.07524 1.09784
1.0793 1.07985 1.09067
1.0891 1.10426 1.20704
1.16297 1.08534 1.088
1.08703 1.0971 1.08696
1.0873 1.08721 1.08922
1.08543 1.08677 1.10176
1.20525 1.20525 1.09847
1.08668 1.0886 1.08795
1.08481 1.08483 1.08706
1.08047 1.08205 1.08198
1.13249 1.09885 1.08206
1.11055 1.11466 1.08737
1.09081 1.12008 1.14572
1.09193 1.08392 1.12104
1.13089 1.13089 1.146
1.08636 1.18325 1.08751
1.08636 1.08723 1.08853
1.08365 1.12449 1.08188
1.15855 1.07714 1.1311
1.11525 1.08804 1.08764
1.10987 1.10987 1.12404
1.12332 1.08781 1.10954
1.10324 1.10324 1.13942
1.0944 1.09444 1.09324
1.10514 1.10476 1.11554
1.0939 1.14098 1.09084
1.10333 1.10334 1.17223
1.13168 1.11472 1.08416
1.08015 1.08016 1.118
1.08196 1.10526 1.10252
1.11544 1.11539 1.09237
1.10766 1.11346 1.16303
1.08672 1.09126 1.12385
1.09256 1.09013 1.11477
1.13523 1.13517 1.12005
1.20051 1.08119 1.08835
1.10313 1.10322 1.09121
1.21876 1.11041 1.08326
1.22823 1.10997 1.10649
1.0863 1.10663 1.11279
1.17398 1.17397 1.1296
1.09086 1.08151 1.10248
1.09706 1.09707 1.10369
1.08548 1.12344 1.11914
1.10299 1.10291 1.08146
1.0831 1.0819 1.08106
1.08373 1.08373 1.0814
1.08938 1.08568 1.08831
1.08661 1.08632 1.12443
1.09901 1.13115 1.08216
1.13964 1.13965 1.19241
1.11692 1.08963 1.086
1.08024 1.08082 1.08181
1.10002 1.1062 1.20213
1.08109 1.08085 1.08528
1.10146 1.07915 1.11758
1.13606 1.11586 1.10646
1.09225 1.09137 1.08745
1.16016 1.16017 1.14257
1.1625 1.08834 1.11823
1.11482 1.11612 1.09098
1.12659 1.12576 1.08296
1.13477 1.16264 1.0916
1.07679 1.0895 1.08788
1.11669 1.1166 1.10122
1.15788 1.17668 1.12463
1.08523 1.08511 1.13887
1.14512 1.17002 1.08831
1.13184 1.13174 1.1328
1.12784 1.13352 1.12033
1.14635 1.14631 1.07841
1.17148 1.14073 1.13922
1.14993 1.15003 1.07643
1.11483 1.07737 1.07695
1.10922 1.10919 1.12238
1.08471 1.0801 1.07965
1.08143 1.11941 1.08231
1.091 1.08025 1.12176
1.07712 1.08728 1.09081
1.08072 1.13569 1.1583
1.08379 1.08236 1.08545
1.09349 1.10014 1.07006
1.07913 1.07874 1.23041
1.08782 1.19854 1.09949
1.15726 1.15727 1.08494
1.08829 1.08765 1.08122
1.08322 1.08323 1.11911
1.11083 1.10962 1.08809
1.09235 1.09297 1.09754
1.0857 1.08399 1.08495
1.13875 1.13876 1.18341
1.09453 1.07807 1.08723
1.08874 1.08873 1.15259
1.12231 1.08114 1.10213
1.08232 1.08241 1.08651
1.07884 1.08019 1.07653
1.08316 1.08598 1.08587
1.10099 1.17591 1.13647
1.1892 1.18891 1.13147
1.08833 1.10183 1.08402
1.08989 1.08994 1.09532
1.0764 1.07921 1.07591
1.08589 1.0859 1.09353
1.09325 1.08183 1.08178
1.0894 1.08947 1.10686
1.12608 1.1011 1.10428
1.08349 1.08703 1.08254
1.15281 1.08291 1.07994
1.11569 1.11553 1.13282
1.14987 1.08983 1.09313
1.08176 1.08175 1.09541
1.09663 1.14295 1.10568
1.0843 1.08466 1.12176
1.09071 1.08384 1.11872
1.1085 1.10756 1.08709
1.09568 1.0904 1.08262
1.09575 1.09554 1.08994
1.10017 1.08172 1.0837
1.16417 1.11767 1.12286
1.0861 1.11404 1.08564
1.08127 1.08152 1.08158
1.08407 1.07604 1.07577
1.10606 1.10606 1.13824
1.09374 1.08785 1.09007
1.16419 1.16426 1.09658
1.08262 1.08046 1.07852
1.1248 1.12482 1.11436
1.13708 1.07826 1.07821
1.12895 1.12893 1.1205
1.09046 1.0826 1.08282
1.09416 1.1285 1.0936
1.08754 1.08155 1.08397
1.08678 1.08658 1.08922
1.08676 1.2899 1.08299
1.11294 1.11289 1.14606
1.08612 1.08791 1.08121
1.08152 1.08156 1.08226
1.08065 1.08413 1.08248
1.10454 1.13962 1.10554
1.0823 1.08531 1.08378
1.08203 1.08186 1.08369
1.07645 1.0881 1.07772
1.07477 1.07472 1.0984
1.08698 1.07969 1.07996
1.08161 1.08081 1.08107
1.08028 1.07824 1.07555
1.08825 1.08827 1.09158
1.08969 1.09426 1.08898
1.10449 1.10434 1.13303
1.09619 1.1183 1.09344
1.11136 1.11133 1.09844
1.08664 1.08486 1.08728
1.07604 1.07607 1.07779
1.08088 1.08584 1.07475
1.15775 1.15121 1.15254
1.10388 1.07434 1.07561
1.10281 1.10524 1.09759
1.0892 1.09776 1.08015
1.07907 1.08015 1.08093
1.08195 1.07932 1.08302
1.09026 1.08987 1.09349
1.08407 1.08448 1.08602
1.07993 1.0807 1.11147
1.08296 1.07937 1.08038
1.09861 1.09758 1.10052
1.09481 1.08448 1.16223
1.08972 1.08944 1.09259
1.08938 1.08985 1.08832
1.08693 1.0868 1.12161
1.08072 1.06914 1.0713
1.14126 1.14138 1.08785
1.08533 1.07763 1.07773
1.09586 1.10619 1.09929
1.0854 1.12995 1.10249
1.13169 1.13175 1.14784
1.08604 1.0932 1.1042
1.08245 1.08199 1.14364
1.09898 1.09232 1.0898
1.08644 1.08648 1.08717
1.0857 1.08398 1.08701
1.08045 1.08058 1.08508
1.08149 1.09497 1.07721
1.07995 1.07962 1.07599
1.07826 1.09842 1.07763
1.07976 1.07836 1.08216
1.07943 1.07035 1.07031
1.08327 1.08328 1.07973
1.0728 1.07711 1.07903
1.0897 1.08958 1.08838
1.08698 1.08639 1.08473
1.08636 1.08631 1.08709
1.08721 1.08737 1.08247
1.08067 1.08079 1.09534
1.07818 1.08019 1.07256
1.08782 1.08785 1.11083
1.09213 1.0836 1.07937
1.08279 1.0828 1.08159
1.08323 1.08223 1.08146
1.08128 1.08079 1.07329
1.07778 1.11197 1.16604
1.08216 1.08228 1.08221
1.08732 1.07392 1.1044
1.12861 1.12856 1.14846
1.07799 1.07799 1.11116
1.08337 1.08264 1.15576
1.11475 1.07388 1.11249
1.1511 1.15109 1.16116
1.07773 1.08041 1.07969
1.07828 1.07837 1.08208
1.07796 1.07489 1.07286
1.07939 1.07969 1.09755
1.08718 1.08559 1.0835
1.1495 1.1495 1.13584
1.08898 1.07759 1.13273
1.21767 1.21835 1.12176
1.0807 1.07945 1.09301
1.07048 1.07096 1.07415
1.07552 1.05809 1.06319
1.08677 1.08674 1.13597
1.08109 1.07151 1.10412
1.08721 1.10742 1.08071
1.07676 1.08306 1.08555
1.08518 1.08222 1.1012
1.09854 1.09852 1.14701
1.12616 1.11608 1.16185
1.06161 1.1152 1.11548
1.07087 1.07086 1.06717
1.12919 1.12824 1.0804
1.12823 1.12825 1.13664
1.10589 1.10716 1.09327
1.05879 1.05895 1.0749
1.06729 1.07866 1.07295
1.08354 1.0971 1.15921
1.07468 1.07157 1.08617
1.07969 1.07854 1.09117
1.06993 1.10863 1.07944
1.11118 1.11125 1.14396
1.09913 1.09917 1.10277
1.18057 1.18056 1.1066
1.09673 1.09674 1.10461
1.10021 1.10022 1.07412
1.07037 1.07975 1.07495
1.06302 1.063 1.05657
1.07324 1.1142 1.07422
1.10785 1.10776 1.09251
1.07188 1.12508 1.1208
1.0607 1.06097 1.07015
1.10229 1.06381 1.13645
1.06958 1.06968 1.06714
1.06517 1.06538 1.06686
1.07004 1.06981 1.06179
1.07239 1.0677 1.06756
1.08081 1.08131 1.07539
1.07394 1.07569 1.07184
1.10316 1.10308 1.12818
1.07486 1.23577 1.08261
1.07255 1.0717 1.13754
1.12539 1.14535 1.15225
1.06155 1.11464 1.08948
1.08247 1.17446 1.09809
1.07422 1.07463 1.1544
1.0582 1.12994 1.14962
1.07436 1.07419 1.0694
1.08402 1.06055 1.05452
1.08159 1.08144 1.07583
1.06108 1.07871 1.06538
1.07669 1.07673 1.07223
1.07338 1.06778 1.06712
1.05792 1.05812 1.05528
1.10341 1.1303 1.13497
1.07516 1.07562 1.08507
1.05843 1.07694 1.08183
1.06137 1.06123 1.10111
1.08057 1.07582 1.06855
1.09199 1.07362 1.07365
1.09323 1.13204 1.06867
1.13174 1.13185 1.09477
1.08798 1.10159 1.07484
1.07908 1.07586 1.08751
1.09494 1.09657 1.09191
1.09284 1.09254 1.09527
1.08984 1.09439 1.08594
1.09646 1.09729 1.13475
1.07462 1.06633 1.08647
1.06878 1.06864 1.09459
1.07052 1.10468 1.10828
1.06011 1.0736 1.12413
1.09054 1.06414 1.07052
1.10348 1.10009 1.09862
1.08199 1.10615 1.08952
1.08222 1.08737 1.11374
1.1219 1.09817 1.10105
1.09173 1.11621 1.12212
1.05563 1.05336 1.18324
1.09651 1.10225 1.09133
1.10658 1.10343 1.08414
1.07926 1.13585 1.14064
1.09757 1.07092 1.12992
1.11154 1.08977 1.14686
1.06829 1.07025 1.08453
1.07287 1.07127 1.26926
1.10758 1.12778 1.13296
1.08977 1.1578 1.08728
1.09912 1.107 1.0948
1.09091 1.14509 1.22339
1.09312 1.09458 1.08028
1.09048 1.08626 1.1276
1.09882 1.12693 1.13918
1.07175 1.12768 1.12344
1.11993 1.11968 1.09937
1.08533 1.18305 1.0751
1.0672 1.07055 1.07065
1.08216 1.15568 1.11268
1.11479 1.08777 1.06885
1.07085 1.08498 1.0695
1.11197 1.11096 1.18064
1.13647 1.11186 1.11466
1.08493 1.11079 1.10758
1.08544 1.07719 1.07388
1.08483 1.11318 1.08212
1.15417 1.25111 1.22265
1.14522 1.14078 1.1671
1.12339 1.13572 1.16418
1.1106 1.06924 1.0779
1.10553 1.10344 1.07197
1.148 1.14646 1.07711
1.1255 1.12835 1.08456
1.07563 1.12204 1.09055
1.07941 1.12342 1.11129
1.15157 1.20203 1.08615
1.09448 1.08358 1.14394
1.10454 1.0908 1.07348
1.08708 1.11666 1.10473
1.06517 1.07618 1.0881
1.1869 1.18313 1.09194
1.0809 1.07988 1.09188
1.08409 1.09953 1.11259
1.09785 1.12798 1.08758
1.12685 1.14002 1.09335
1.11076 1.10625 1.08975
1.18079 1.18476 1.13956
1.10135 1.08658 1.1097
1.09649 1.10693 1.10394
1.08802 1.10426 1.12984
1.25242 1.13226 1.12683
1.09958 1.08888 1.09961
1.13471 1.15449 1.11443
1.12296 1.12275 1.10852
1.17542 1.17475 1.20055
1.06845 1.08715 1.10338
1.07991 1.09406 1.16008
1.07167 1.07206 1.12212
1.08978 1.07931 1.09006
1.10072 1.12169 1.15638
1.14361 1.13959 1.14568
1.12288 1.12372 1.17895
1.12771 1.12815 1.17336
1.10655 1.10582 1.12885
1.13458 1.14526 1.11926
1.11791 1.12326 1.11623
1.20158 1.2303 1.103
1.12298 1.1046 1.13216
1.13886 1.16136 1.10137
1.13739 1.19587 1.11578
1.08912 1.09116 1.12491
1.12318 1.12307 1.19908
1.19207 1.15428 1.14052
1.24802 1.24798 1.15787
1.11181 1.11008 1.09897
1.16774 1.17174 1.13258
1.12997 1.13063 1.17102
1.13685 1.14203 1.1644
1.11571 1.11504 1.12209
1.11134 1.2644 1.15453
1.2365 1.23689 1.13181
1.15495 1.1349 1.10951
1.15326 1.14964 1.13948
1.10843 1.1691 1.21221
1.11192 1.11226 1.06755
1.15705 1.1569 1.26969
1.11758 1.13962 1.16518
1.09861 1.11563 1.12704
1.11185 1.11291 1.15651
1.15529 1.13537 1.0858
1.11828 1.11921 1.13281
1.10889 1.10065 1.10231
1.14449 1.13627 1.13693
1.11353 1.08703 1.11505
1.19672 1.08796 1.07429
1.10635 1.11824 1.10482
1.17374 1.08972 1.12848
1.12567 1.12955 1.19023
1.11949 1.0954 1.10101
1.11465 1.27254 1.08554
1.1219 1.12572 1.09847
1.12644 1.1001 1.19974
1.08266 1.09003 1.12507
1.09715 1.10139 1.07773
1.17326 1.20155 1.13382
1.13853 1.08582 1.12341
1.09761 1.10538 1.18309
1.17725 1.17568 1.15434
1.13178 1.13156 1.12979
1.11422 1.13361 1.14413
1.11058 1.13105 1.08419
1.18459 1.18366 1.102
1.0904 1.20631 1.18339
1.12214 1.12202 1.11567
1.09098 1.08116 1.08954
1.09528 1.12753 1.09418
1.15243 1.19585 1.23693
1.28194 1.28145 1.07596
1.18807 1.24977 1.15718
1.12075 1.14863 1.11535
1.12758 1.12292 1.08946
1.21791 1.2252 1.16467
1.23063 1.12562 1.15148
1.07756 1.07852 1.15939
1.09644 1.07819 1.08359
1.12724 1.1006 1.07576
1.16786 1.17044 1.12263
1.0887 1.08591 1.09186
1.08035 1.09095 1.17057
1.17375 1.19303 1.19197
1.08958 1.09474 1.09846
1.09232 1.09896 1.08893
1.1059 1.1034 1.19934
1.1177 1.12799 1.15357
1.09687 1.11465 1.17531
1.1053 1.08975 1.12984
1.34372 1.34376 1.12973
1.50483 1.12653 1.27315
1.10331 1.0904 1.16323
1.13153 1.09207 1.08036
1.09864 1.09795 1.31984
1.09928 1.09555 1.09823
1.17714 1.09126 1.17284
1.1051 1.10494 1.08098
1.08937 1.09555 1.0867
1.08815 1.12021 1.07579
1.22958 1.22888 1.11421
1.09989 1.09988 1.17719
1.11156 1.10017 1.09639
1.26518 1.26467 1.13027
1.09848 1.08676 1.08722
1.08858 1.18981 1.08237
1.1365 1.0931 1.10224
1.12871 1.13087 1.09835
1.11682 1.24811 1.10993
1.17366 1.17356 1.11157
1.08189 1.0968 1.09739
1.08085 1.11439 1.12934
1.09937 1.13711 1.07615
1.13976 1.12902 1.10617
1.10475 1.14339 1.15722
1.11324 1.12818 1.24797
1.10343 1.09452 1.0954
1.09397 1.09232 1.09808
1.09925 1.10352 1.12197
1.11244 1.18006 1.10885
1.10386 1.09664 1.09056
1.1299 1.12738 1.15009
1.51563 1.5168 1.14839
1.08738 1.17437 1.23178
1.11588 1.1149 1.09133
1.08877 1.09417 1.09933
1.09055 1.08666 1.17397
1.09227 1.091 1.0923
1.08654 1.09311 1.13847
1.12249 1.13943 1.17349
1.16342 1.10263 1.13681
1.14272 1.16315 1.17962
1.09269 1.11983 1.09456
1.08396 1.09669 1.14686
1.09136 1.08929 1.14204
1.10277 1.14141 1.0752
1.07329 1.07921 1.08098
1.06533 1.08549 1.07231
