89.7578057124
89.7539277384
89.7295327787
89.7357552929
89.9609471141
89.9777899861
89.9944385623
89.9689353818
86.8046874075
85.5559148935
83.5859483963
82.7661055132
82.7659002983
82.7584353555
82.7676704194
82.7609495352
82.7758808048
82.7793242111
82.771200504
82.7912951156
82.807457092
82.7925174205
82.8009226367
82.7410888697
82.766787851
82.7678334916
79.6618721065
80.0519688607
77.8064697938
75.6970300224
75.6842859256
75.7543602365
75.7536760686
75.7413800219
75.7261394438
75.7735439936
75.7763164366
75.8194130126
75.8080949417
75.8201332427
75.8178707123
75.7923534106
75.7979480009
75.7979891631
75.784396996
74.4771480511
69.3874921132
68.9169810314
68.9579916667
68.9384564143
68.9332117236
68.9292693513
68.9396569426
68.9550118055
68.9567503966
68.9596220918
68.9814604793
68.9408677778
68.9652079623
68.9845338612
68.9837038
68.9698323656
66.3746469967
64.8119280317
63.9153585251
63.2829713715
62.7547766576
62.2934781591
62.2355153431
62.2831210401
62.2957717998
62.2629865199
62.2870839116
62.2424489683
62.226013534
62.2771723095
62.3119888018
62.3290558388
62.3164918931
62.3003774394
62.3171879313
61.4764982991
59.2668612312
57.1024273983
56.6730701123
55.8110816135
55.7644754632
55.7864785248
55.6617206036
55.5591853217
55.6158763897
55.590875705
55.5755379016
55.639537935
55.6017075199
55.7261280285
55.7402697645
55.7612916789
55.8119115666
55.8263209802
55.0320800314
53.5558132689
53.5649518017
52.1908723501
51.3053783924
50.9698066671
50.5468557061
49.4342018913
49.4987264494
49.4123814715
49.3931661087
49.4172828954
49.4083438171
49.3717870161
49.4011181831
49.4313867935
49.4429858092
49.5182456495
49.595688135
49.0329889945
47.7121831011
46.9291633858
46.4191912054
44.8409348018
44.3107750259
44.167167258
44.1700110075
44.1795561523
44.281258366
44.3928034341
44.439481917
44.4388253247
43.9435957211
43.0406652753
41.8204444135
41.7919866831
41.3673782548
40.7307838921
39.8237833119
39.8799661929
39.3699979258
38.9849932025
39.0204637558
38.8142875532
38.9425892763
37.8957564037
37.4600096635
37.2114765192
37.4870439624
37.1235902923
36.7325837934
36.3972295779
36.1923231971
35.6476221841
34.9799443065
34.2786666308
34.1255118427
33.7520430807
33.8019760202
33.2881232323
33.4938410794
33.4979604996
32.9820865145
32.8164074389
32.8545401088
32.3231898668
32.6675128446
32.3350610192
32.3370410621
32.3058779863
32.1229618442
31.7284107064
31.2764020539
31.736444608
31.0598526411
30.8065384313
31.0389403824
30.3136964314
30.2952235502
30.0271354333
29.832194324
29.5046586914
29.4128962987
29.3385551806
29.2653483231
28.6469227017
28.3406187221
28.5595091685
28.2167939946
28.4969286257
28.1519773952
28.0544946711
28.1095654369
28.0831395994
28.0129761755
28.0088000126
28.0889470786
28.0825964568
28.0277176391
28.0020450212
28.0498285422
28.0025266753
28.0272752128
27.9793763107
27.9300644771
27.9640113762
28.0949039305
27.9958171955
28.055109782
28.0842549479
28.0232322374
28.0608906979
28.0372246088
28.0596695411
28.0888552469
28.0400079619
28.0409601321
28.1640008895
28.2183007878
28.2405418763
28.2373585671
28.2310116414
28.2577303288
28.2593652648
28.2834950929
28.29272836
28.3204501505
28.3155029155
28.0070540056
28.0300235624
28.0454365194
28.0669763183
28.3246330458
28.3246692546
27.9346721707
27.9417474442
27.9669981185
27.9614162403
28.0092467962
28.0210044367
28.085402215
28.084485967
27.9934422163
27.9861396294
28.0192415008
27.8620725772
28.0783239096
27.9008852367
27.9121391225
27.9365031909
27.8016157574
27.685264104
27.2506916
27.2680352472
27.2761818816
27.2739388592
27.2210915146
27.2245374206
27.1963560672
27.2012454556
27.190157403
27.1834717856
27.2194609477
27.2401365343
27.2288386602
27.2294964694
27.1774904485
27.1961851521
27.2225580711
27.2277635836
26.944375401
26.8981909965
26.8977217297
26.8919958723
26.8838434947
26.8741231614
26.8643804548
26.8668246027
26.8368321927
26.8330366138
26.8017732696
26.7916422112
26.6112217538
26.6100971739
26.5677055678
26.5665013267
26.5498461542
26.5181885803
26.3557966209
26.3491583213
26.3608559554
26.3388527511
26.3299255592
26.3279421113
26.0750042454
26.0710031804
26.0359838925
26.0186908554
25.7210106603
25.4145720808
25.4004370216
25.4153504874
25.3551791912
25.3870919251
25.3846651597
24.8743138277
24.7860858713
24.8356666316
24.7639695184
24.7165324523
24.5516780155
24.5775959107
24.5043544065
24.5091079213
24.5350062542
24.4652510633
24.5768287073
24.6168749861
24.6580025537
24.7752098634
24.7891565925
24.8885419575
24.90557577
25.0372691714
25.0350684901
25.1059604217
25.1194288748
25.3361504182
25.3741209573
25.1563130782
25.1712452131
25.3250267641
25.1291314501
25.154474474
25.0021745062
24.9609039267
24.8833894068
24.8440449355
24.4950128935
24.5050549418
24.1255054139
24.0470283158
24.0459279866
24.0363357373
24.0135304547
24.0126934603
23.9638487335
23.9572865542
23.9568992634
23.8095327654
23.7637147249
