0.0034296 0.00350309 0.00326095
0.00419678 0.00429353 0.00402897
0.00459584 0.00370029 0.00329886
0.00170035 0.00225708 0.00181089
0.0025374 0.00234629 0.00169664
0.00237227 0.00258593 0.00188498
0.00205436 0.00275975 0.00178927
0.00295741 0.00292593 0.00220114
0.00261757 0.00252098 0.00196712
0.00200156 0.00182625 0.00192598
0.00320498 0.00307284 0.00251316
0.00227523 0.00223179 0.00230672
0.00268678 0.00220935 0.00201625
0.00201377 0.00251552 0.00247481
0.00198625 0.00249318 0.00234345
0.00389675 0.00185078 0.0017639
0.00260572 0.00230864 0.00206436
0.00269028 0.0021436 0.00174188
0.00291454 0.00169895 0.00146212
0.00258119 0.00183058 0.00162839
0.00197132 0.00219423 0.00158905
0.00228804 0.00243001 0.00162885
0.00344564 0.00189683 0.00159228
0.00144531 0.00157991 0.00116836
0.00192821 0.00165899 0.00105548
0.00181326 0.00195763 0.00137162
0.00197224 0.00143961 0.00126569
0.00186695 0.00160995 0.00121504
0.00206715 0.00196408 0.00173579
0.00220401 0.00195409 0.00144154
0.00310556 0.00186539 0.00174514
0.00145539 0.0017621 0.0017625
0.00172749 0.0018412 0.00179555
0.00221902 0.00172721 0.00162153
0.00411115 0.00290085 0.00286599
0.00347625 0.00294743 0.00262741
0.00265962 0.00350036 0.00259728
0.00287332 0.0021343 0.00192386
0.0028678 0.0015094 0.00117757
0.0017986 0.00163013 0.00126885
0.00212794 0.00236242 0.00202763
0.00239989 0.00227187 0.00230226
0.00210202 0.00219035 0.00197092
0.00229628 0.00197803 0.00176924
0.00278923 0.00234584 0.00229248
0.00219913 0.00209468 0.00191624
0.00189384 0.00184445 0.00166199
0.0018272 0.00202101 0.00183301
0.0019233 0.00193094 0.00168505
0.00160946 0.00216302 0.00192951
0.00170692 0.00214594 0.00205017
0.00238782 0.00258067 0.00240413
0.00215526 0.00230909 0.00206219
0.0021945 0.00248332 0.00218537
0.00246156 0.00273206 0.00230396
0.00188766 0.00262216 0.00213136
0.00281743 0.00300923 0.0026147
0.00208047 0.0027803 0.00274505
0.00184114 0.00203968 0.0020056
0.00183332 0.00237341 0.00191397
0.00225104 0.00252106 0.00227211
0.00258508 0.00308307 0.00254061
0.00218343 0.00275765 0.00263928
0.00218471 0.00263808 0.00243783
0.00181888 0.00251098 0.00227242
0.00240766 0.00274251 0.00226141
0.00264105 0.00287705 0.00268789
0.00248009 0.00305794 0.00273675
0.00165289 0.00243772 0.0022255
0.00217975 0.00275222 0.00256795
0.00169661 0.00288052 0.00241079
0.00240438 0.00270674 0.00250607
0.00257464 0.00261052 0.00244623
0.00183103 0.00346264 0.00312546
0.00251581 0.00315147 0.00290813
0.00186371 0.00325806 0.00293713
0.00221334 0.00249973 0.00293898
0.00193195 0.00268489 0.00252352
0.00163226 0.00275063 0.00240728
0.00229839 0.00276647 0.00251261
0.00209796 0.00257148 0.00234265
0.00206525 0.00213053 0.00174482
0.00224434 0.00193556 0.00173742
0.00243349 0.00209001 0.001922
0.00234581 0.0024656 0.00213727
0.0017059 0.00275706 0.00243029
0.00193092 0.00249936 0.00240817
0.00218114 0.00278612 0.00260903
0.00260586 0.00301192 0.00286858
0.00204016 0.00276315 0.00274018
0.00171707 0.00291916 0.00267926
0.00186358 0.00256923 0.00249321
0.00172044 0.00297633 0.00244909
0.00217808 0.00297649 0.00304315
0.00194287 0.00303478 0.00290508
0.00285556 0.0025284 0.00310361
0.0027286 0.00351638 0.00323006
0.00227695 0.00299077 0.0031922
0.00256812 0.00337653 0.00319362
0.00314818 0.00287355 0.00326881
0.00208925 0.0036434 0.00358854
0.00252918 0.00379025 0.0037267
0.00203761 0.00416329 0.00382223
0.00240022 0.00345254 0.00338751
0.00203288 0.00365314 0.00341662
0.00341405 0.00416109 0.00366768
0.00224707 0.00417754 0.00407359
0.00305655 0.00386482 0.00385094
0.00276732 0.00422997 0.00377595
0.00284404 0.00443217 0.00374502
0.0020542 0.00367689 0.0033114
0.00258669 0.00338597 0.00344543
0.00269668 0.00374888 0.0034831
0.00232044 0.00295728 0.00336003
0.00323555 0.00310161 0.0032644
0.00264042 0.00340414 0.00321546
0.00299256 0.00351215 0.00308144
0.00235993 0.00285466 0.0030192
0.00231034 0.00294521 0.00323
0.00271002 0.00318098 0.00309133
0.00200602 0.00261243 0.00254927
0.00215806 0.00262001 0.00233281
0.00204985 0.00267408 0.00254773
0.00241448 0.00379151 0.00363121
0.0023947 0.00419928 0.00397852
0.00264218 0.00434488 0.00407017
0.0037777 0.00457698 0.00427245
0.00279195 0.00453331 0.00457624
0.00355775 0.00506479 0.00484782
0.00324566 0.00428624 0.00539122
0.00309274 0.00519238 0.00511167
0.00302535 0.00512303 0.00480104
0.00346368 0.00521196 0.00505
0.00333685 0.00546249 0.00521874
0.00377342 0.00577947 0.00558308
0.00353392 0.00493013 0.00602968
0.0037881 0.00492059 0.00583635
0.00414234 0.0059572 0.00575538
0.00388673 0.00545407 0.00586681
0.00359722 0.00499535 0.00566488
0.0042008 0.00614911 0.00586879
0.00399595 0.00479671 0.00585115
0.00373017 0.00611539 0.00563841
0.00440692 0.00484004 0.00596939
0.00390813 0.00515548 0.00564829
0.00452218 0.00483945 0.00592247
0.00375832 0.00569774 0.00559292
0.00416151 0.00518865 0.00556807
0.003921 0.00466567 0.00524936
0.00361226 0.00506235 0.00515486
0.0037764 0.00574955 0.00530792
0.00323991 0.00417907 0.00498662
0.00291219 0.00479757 0.00467127
0.00295288 0.00385009 0.00407916
0.00327383 0.00364504 0.00411299
0.00349254 0.00470075 0.00455024
0.00373739 0.00495172 0.00474997
0.00351532 0.00431758 0.00476626
0.00384132 0.00447218 0.00455384
0.00420658 0.0053026 0.00468429
0.00401777 0.00404175 0.00520166
0.00450186 0.00433328 0.0046183
0.00416521 0.0045958 0.0052939
0.00348561 0.00466739 0.00484298
0.00403968 0.00429818 0.00526108
0.00427433 0.00527271 0.00483803
0.00479532 0.00451648 0.00513778
0.00371241 0.0038788 0.00483952
0.00478422 0.00445803 0.00489512
0.00408794 0.00410305 0.00523422
0.00441129 0.00452761 0.00519527
0.00433461 0.0049365 0.00453259
0.00439046 0.00516659 0.00548023
0.00407944 0.00394514 0.00481308
0.00407123 0.00407123 0.00465218
0.00436511 0.00436511 0.00490344
0.00424078 0.00424078 0.00477951
0.00419886 0.00419886 0.00471996
0.00420507 0.00420507 0.00477985
0.0042449 0.0042449 0.00478018
0.00424809 0.00424809 0.00478059
0.00424727 0.00424727 0.00478777
0.00424324 0.00424324 0.00478277
0.00424282 0.00424282 0.00478186
0.00424461 0.00424461 0.00478259
0.00424235 0.00424235 0.00477942
0.0042393 0.0042393 0.00477642
0.00423911 0.00423911 0.00477513
0.00424027 0.00424027 0.00477531
0.00423775 0.00423775 0.00477155
0.00423583 0.00423583 0.00476914
0.00423371 0.00423371 0.00476725
0.00441921 0.00441921 0.00493987
0.00407936 0.00407936 0.00464897
0.00422855 0.00422855 0.00479507
0.00432439 0.00432439 0.00487966
0.00425475 0.00425475 0.00480034
0.00415346 0.00422437 0.0049333
0.00362646 0.004437 0.00442065
0.00343599 0.00338285 0.00453632
0.00410346 0.00396967 0.00414818
0.00385074 0.00398528 0.0047931
0.00380076 0.00368304 0.0047154
0.00420546 0.00423657 0.00413066
0.00339503 0.00439857 0.00456433
0.00369065 0.00347853 0.00460176
0.00380629 0.00437048 0.00420635
0.00346162 0.00414737 0.0045365
0.00320768 0.00313357 0.00414662
0.00408915 0.00417191 0.00383161
0.0040269 0.00429791 0.00427929
0.00393381 0.00439611 0.00377557
0.00382597 0.00425802 0.00436016
0.00361952 0.0041285 0.00435272
0.00368324 0.0047622 0.00437906
0.00358253 0.00390935 0.00466088
0.00371154 0.00456621 0.00414344
0.00397015 0.00392333 0.00502933
0.00368867 0.00353265 0.00478832
0.00369487 0.00343456 0.00441224
0.00428652 0.00461737 0.00452893
0.00460254 0.00498703 0.00473844
0.00361669 0.00379082 0.00449885
0.00338792 0.0033582 0.00432014
0.00346034 0.00441778 0.00475373
0.00441939 0.00500344 0.00430815
0.0033158 0.00323681 0.00474509
0.00300292 0.00318539 0.00448066
0.00280662 0.00364624 0.00415184
0.00495689 0.00543085 0.00472042
0.00346694 0.00468433 0.00470805
0.00403729 0.00403729 0.00454053
0.0040999 0.0040999 0.00451574
0.00320775 0.00399452 0.00438775
0.00331971 0.00304918 0.00452642
0.00351206 0.00342757 0.00469615
0.00286442 0.00264553 0.00427567
0.00475666 0.00551843 0.00436843
0.00516519 0.00579502 0.00462639
0.00280144 0.00342877 0.00420199
0.00430558 0.00520303 0.00401314
0.00364391 0.00421265 0.00439288
0.0047384 0.00528229 0.00395258
0.00359917 0.00318805 0.00398845
0.00316886 0.00324932 0.00390084
0.00458827 0.00510454 0.00368233
0.00409047 0.00409047 0.00409187
0.00406914 0.00406914 0.00401353
0.00403737 0.00403737 0.00419731
0.00402852 0.00402852 0.00418045
0.00403677 0.00403677 0.00418163
0.00363318 0.00414214 0.00431798
0.00328134 0.00327419 0.00417612
0.00381939 0.00525721 0.00410029
0.00430693 0.00430693 0.00433582
0.00324125 0.00384743 0.00396498
0.0033259 0.00306088 0.00422908
0.00393705 0.00393705 0.00406414
0.00460591 0.00514746 0.003963
0.00367025 0.00414532 0.00420999
0.00315261 0.00306341 0.00412476
0.00353506 0.00396017 0.0041585
0.00476237 0.00491761 0.00396223
0.00334313 0.00329159 0.00417558
0.00344122 0.003492 0.00404503
0.00365774 0.00365774 0.00375236
0.00466631 0.00499721 0.00401579
0.00319656 0.00471371 0.00427503
0.00387257 0.00441911 0.00415549
0.00402273 0.00402273 0.00421349
0.0040689 0.0040689 0.00424884
0.00399401 0.00399401 0.00418567
0.00392416 0.00392416 0.00409537
0.00397085 0.00397085 0.00415504
0.00400051 0.00400051 0.00418134
0.00398405 0.00398405 0.0041646
0.00400498 0.00400498 0.00419511
0.00390835 0.00390835 0.00410888
0.00394698 0.00394698 0.00413792
0.00323299 0.00395976 0.00415161
0.00394328 0.00394328 0.00415924
0.00280136 0.00310015 0.00406081
0.00381224 0.00381224 0.00395465
0.00415493 0.00415493 0.00427739
0.00392072 0.00392072 0.0040814
0.00385606 0.00385606 0.00403178
0.00393687 0.00393687 0.00411577
0.00396805 0.00396805 0.00414833
0.00390439 0.00390439 0.00405655
0.00395347 0.00395347 0.00410544
0.00395504 0.00395504 0.00410843
0.00396577 0.00396577 0.00413728
0.0038784 0.0038784 0.00405772
0.00394665 0.00394665 0.00411124
0.00394156 0.00394156 0.00411293
0.00393731 0.00393731 0.00410364
0.00392723 0.00392723 0.00411086
0.00381154 0.00381154 0.00400792
0.00385461 0.00385461 0.00404966
0.00387327 0.00387327 0.00406601
0.00385131 0.00385131 0.00407027
0.00376279 0.00376279 0.00397881
0.00381064 0.00381064 0.00401387
0.00386404 0.00386404 0.00409008
0.00377387 0.00377387 0.00400171
0.00381559 0.00381559 0.00404939
0.00383134 0.00383134 0.00406085
0.00382705 0.00382705 0.00402344
0.00377636 0.00377636 0.00399694
0.00378889 0.00378889 0.00401366
0.00377352 0.00377352 0.00398038
0.00372729 0.00372729 0.00395109
0.00377695 0.00377695 0.00397478
0.00376427 0.00376427 0.00398931
0.003739 0.003739 0.00395403
0.00371804 0.00371804 0.00389168
0.00373855 0.00373855 0.00395768
0.0037331 0.0037331 0.00397036
0.00375668 0.00375668 0.00397666
0.00365754 0.00365754 0.00389171
0.00371927 0.00371927 0.00393474
0.00371489 0.00371489 0.0039338
0.00436203 0.00455991 0.00403634
0.00385188 0.00385188 0.0041277
0.00349594 0.00349594 0.00376569
0.00367429 0.00329506 0.00393085
0.00369938 0.00369938 0.00401564
0.00355597 0.00355597 0.00386386
0.00354526 0.00354526 0.00384644
0.003571 0.003571 0.00388238
0.00354931 0.00354931 0.00388017
0.00360292 0.00360292 0.00393512
0.00365873 0.00365873 0.00394948
0.00359601 0.00359601 0.00389631
0.00364761 0.00364761 0.00396016
0.00369347 0.00369347 0.00403545
0.00362359 0.00381139 0.00396487
0.00363546 0.00367004 0.00401994
0.00366463 0.00366463 0.00401703
0.00365534 0.00365534 0.0040084
0.0036324 0.0036579 0.0039793
0.0036382 0.0036382 0.00390066
0.00344707 0.00344707 0.00374008
0.0036468 0.0036468 0.00393643
0.00344195 0.00344195 0.00373622
0.00370409 0.00366513 0.00394633
0.00354896 0.00354896 0.00384324
0.00362515 0.00362515 0.00389594
0.00358365 0.00358365 0.00387425
0.00370369 0.00367876 0.00396237
0.0037077 0.0037077 0.00399067
