25.9431039214
25.9431039214
25.9431039214
25.9431039214
25.9431039214
25.8931039214
25.8516825676
25.8516825676
25.8357907057
25.8357907057
25.8357907057
25.8357907057
25.9065013826
25.9065013826
25.8906095207
25.8906095207
25.8906095207
25.8906095207
25.8906095207
25.9406095207
25.9406095207
25.9247176588
25.9247176588
25.9454283357
25.9454283357
25.9040069818
25.867404443
25.8308019042
25.8308019042
25.8308019042
25.7941993654
25.7941993654
25.7283075035
25.7283075035
25.6283075035
25.6283075035
25.6124156415
25.5624156415
25.5624156415
25.5624156415
25.5124156415
25.4965237796
25.4806319177
25.4440293789
25.4367161632
25.3049324393
25.2342217624
25.1635110855
25.0720897317
25.0013790548
24.959957701
24.7685363472
24.53695907
24.5162483931
24.4955377162
24.4955377162
24.4955377162
24.4248270392
24.4248270392
24.4175138235
24.4175138235
24.4175138235
24.4016219616
24.3516219616
24.3857300997
24.3698382378
24.3698382378
24.3539463758
24.3539463758
24.3539463758
24.3539463758
24.3539463758
24.3539463758
24.2832356989
24.2832356989
24.262525022
24.262525022
24.262525022
24.262525022
24.2259224832
24.1893199444
24.1893199444
24.1893199444
24.2393199444
24.2393199444
24.2393199444
24.2234280825
24.2027174056
24.2027174056
24.1661148667
24.0954041898
23.9954041898
23.9954041898
23.9454041898
23.9454041898
23.9454041898
23.8454041898
23.8246935129
23.7929097891
23.7929097891
23.7929097891
23.7014884353
23.6148858964
23.6148858964
23.5441752195
23.4941752195
23.4941752195
23.4234645426
23.3234645426
23.2734645426
23.2234645426
23.1734645426
23.1734645426
23.1234645426
23.0234645426
22.9209701419
22.9209701419
22.8209701419
22.8209701419
22.800259465
22.800259465
22.7477650642
22.7477650642
22.7270543873
22.7063437104
22.6856330335
22.6697411716
22.6490304947
22.6490304947
22.6490304947
22.6283198178
22.6076091409
22.536898464
22.486898464
22.471006602
22.4344040632
22.4136933863
22.3770908475
22.3197776318
22.3197776318
22.3197776318
22.2990669549
22.2490669549
22.2490669549
22.2283562779
22.2283562779
22.2283562779
22.2283562779
22.0162242472
21.9455135703
21.9455135703
21.9040922165
21.9040922165
21.8382003546
21.8174896777
21.8174896777
21.7308871388
21.6601764619
21.5601764619
21.4235739231
21.4028632462
21.2821525693
21.2614418924
21.1407312155
21.0541286767
21.0541286767
20.9882368147
20.9175261378
20.7516342759
20.7516342759
20.635742414
20.585742414
20.5198505521
20.4698505521
20.4698505521
20.4380668283
20.3173561513
20.2600429356
20.2393322587
20.2393322587
20.1393322587
20.0979109049
20.0979109049
19.9661271811
19.9502353191
19.9502353191
19.8136327803
19.7429221034
19.7429221034
19.7429221034
19.7270302415
19.6856088877
19.6856088877
19.6697170258
19.6697170258
19.6490063488
19.5831144869
19.5831144869
19.5831144869
19.5831144869
19.5416931331
19.5416931331
19.4916931331
19.4916931331
19.4416931331
19.4209824562
19.3636692405
19.2929585636
19.2929585636
19.2222478867
19.1515372097
19.0356453478
18.9649346709
18.9649346709
18.9149346709
18.9149346709
18.894223994
18.894223994
18.844223994
18.7735133171
18.7235133171
18.7028026402
18.6028026402
18.5820919633
18.5503082395
18.4503082395
18.4295975626
18.4295975626
18.3088868856
18.2588868856
18.2088868856
18.1588868856
18.1588868856
18.0540680707
18.0540680707
17.9881762087
17.9381762087
17.9381762087
17.9381762087
17.9174655318
17.8674655318
17.8467548549
17.7467548549
17.630862993
17.5442604542
17.5442604542
17.4942604542
17.4735497773
17.4528391004
17.4369472384
17.3662365615
17.3662365615
17.2955258846
17.2248152077
17.1248152077
17.0333938539
17.0333938539
17.0333938539
16.9833938539
16.962683177
16.9419725001
16.9419725001
16.9005511463
16.8505511463
16.8505511463
16.7798404694
16.6884191155
16.6384191155
16.5725272536
16.5518165767
16.5518165767
16.4103952229
16.4103952229
16.3030820072
16.2030820072
16.1530820072
16.1371901453
16.0371901453
16.0164794683
16.0323713303
15.9823713303
15.9823713303
15.9323713303
15.9482631922
15.8068418384
15.8068418384
15.7568418384
15.6361311615
15.6568418384
15.5861311615
15.5861311615
15.5068418384
15.5068418384
15.4568418384
15.4068418384
15.3568418384
15.3154204845
15.3154204845
15.2654204845
15.1947098076
15.1447098076
15.0947098076
15.0606016695
15.0398909926
14.9739991307
14.8239991307
14.8032884538
14.7032884538
14.7032884538
14.7032884538
14.6325777769
14.5825777769
14.6032884538
14.5532884538
14.5691803157
14.5191803157
14.4984696388
14.4984696388
14.4777589619
14.357048285
14.3118671
14.3118671
14.2911564231
14.2204457462
14.2156269312
14.2156269312
14.1156269312
14.0449162543
14.0449162543
13.9742055774
13.8827842236
13.8620735466
13.8620735466
13.7620735466
13.7413628697
13.7248888007
13.5943010749
13.5924606189
13.52455088
13.522370241
13.486329356
13.4631173902
13.4400108127
13.3720585959
13.269110407
13.1742793222
13.1716243977
13.1679831323
13.1150570124
13.0623858357
12.988387011
12.9353961981
12.9336883402
12.8284352697
12.7745650422
12.6235996878
12.6065116358
12.6051370369
12.5037746144
12.5017318164
12.4994616112
12.4921272363
12.3395887725
12.2885190694
12.1670413315
12.1660808448
12.1444340615
12.1434870825
12.1427600506
12.0711922336
12.0202384376
12.0192196987
11.9476306746
11.9264194277
11.8258523189
11.8250350481
11.8241627801
11.8234574489
11.7725318718
11.7715806526
11.7704615174
11.7033592754
11.6815067101
11.6303218807
11.6605464105
11.6089175111
11.6074945343
11.4852552217
11.418234495
11.3962164085
11.3587701645
11.2919500901
11.2908273016
11.269304571
11.218430356
11.1470572269
11.0966075894
11.0958910131
11.0452112053
11.0236885928
11.0230078111
11.0226851252
11.0221791015
10.9716115587
10.9714436933
10.9710557708
10.950249678
10.8000236228
10.7341253811
10.7131863066
10.7128389452
10.7123455659
10.6412743495
10.6405959074
10.639395249
10.5891277289
10.5387465066
10.4888720681
10.4885956822
10.4385162439
10.4382946792
10.4383267348
10.4172085678
10.3171162913
10.3171692464
10.3173126266
10.3177684819
10.3175437367
10.2674748791
10.2718893094
10.2722411557
10.2221938956
10.1224172972
10.102011133
10.1024502075
10.0525257716
10.0024345121
10.0232445368
9.97364935312
9.9202786918
9.87019837343
9.8705673821
9.8713381508
9.82090172989
9.82043756287
9.77082707516
9.7214354087
9.67173083139
9.67227076546
9.6729021521
9.65149673955
9.60174549307
9.53165253022
9.53238427994
9.53267840738
9.533105778
9.53398552623
9.48387161612
9.46347692879
9.46366002965
9.46406294209
9.46465671287
9.41466916465
9.41504118757
9.36555019734
9.3666529032
9.31662356841
9.31706766604
9.31678534787
9.24653390897
9.23171212194
9.13211038348
9.13261259337
9.13344813664
9.15515322693
9.15647828777
9.15592064479
9.15669318252
9.10782887458
9.1088503357
9.0877279657
9.08819734274
9.08898481907
9.08966729755
9.09031644346
9.01998647281
8.94552520428
8.89619093149
8.89646382764
8.89619629889
8.89663307526
8.89733341349
8.898480903
8.89770072036
8.87694468701
8.87742849505
8.82800562188
8.82882179145
8.82963087307
8.77946771288
8.77921032404
8.72968569464
8.73016265018
8.71007989432
8.71083813904
8.71110894366
8.71281169625
8.69299864137
8.67729464205
8.67775501892
8.62804655498
8.62832384629
8.62836888391
8.62881771098
8.59463734439
8.59475747134
8.57477460616
8.57471268707
8.57500092711
8.59695576308
8.59752033665
8.5968591753
8.49744813549
8.49895456587
8.49943023397
8.55041538205
8.55094296617
8.55056103694
8.55102900822
8.50236084601
8.5040259469
8.50550953138
8.52687967005
8.52859522994
8.53007987918
8.53101302507
8.48216584476
8.4819176157
8.48402983956
8.4847903829
8.48621195022
8.48700015947
8.48630224022
8.50773167581
8.47667426352
8.47708332216
8.47705864196
8.47914483836
8.48022671059
8.48045893592
8.48153674342
8.4824123755
8.48296887106
8.48531985742
8.48499108228
8.48516293338
8.48590701379
8.48654680957
8.48644486644
8.4670463414
8.48883432629
8.51031380336
8.52696876093
8.47755864581
8.45727213048
8.45880559044
8.45894697167
8.45659882921
8.45619890808
8.45760961746
8.45814274569
8.45759425858
8.45889449797
8.45961939712
8.46050321387
8.46097823147
8.46075092136
8.46099366444
8.46098439761
8.46076722284
8.44472209869
8.44475317753
8.44466944623
8.44487552313
8.44464712328
8.44450966079
8.44458855255
8.39465924733
8.3446136215
8.29452666607
8.31515600457
8.3148495921
8.36487918067
8.36487220604
8.36473357118
8.36502534319
8.31507605619
8.31509173814
8.31501080073
8.31536984019
8.265238185
8.24428489251
8.29414118335
8.29421460684
8.2941420079
8.24409493465
8.19402644487
8.19394331072
8.19406176058
8.19412816589
8.19402411769
8.19420029105
8.19431447429
8.19404622543
8.19401990076
