0.00307244 0.00337884 0.00326095
0.00204987 0.00183227 0.00193404
0.00466665 0.00324751 0.00258624
0.00423734 0.00391444 0.00360281
0.00456749 0.00455484 0.00417327
0.00491943 0.00335805 0.00300327
0.00334729 0.00241522 0.00150574
0.00253815 0.00284157 0.00241288
0.00411478 0.00232805 0.00181804
0.00352899 0.00216797 0.00158616
0.00259396 0.00283314 0.00208942
0.00322494 0.00218679 0.00186572
0.00350055 0.00201454 0.00200627
0.00284594 0.00197116 0.00201014
0.00283908 0.00186647 0.00185286
0.0016598 0.00186934 0.00146705
0.00254527 0.00163153 0.00153021
0.00208662 0.001993 0.00131622
0.00201713 0.00196431 0.00153039
0.00142195 0.00169024 0.00145069
0.00141763 0.00158259 0.00127696
0.00210173 0.00166657 0.00124563
0.00157594 0.00199583 0.00169792
0.00156853 0.00152369 0.00115145
0.00164621 0.00133642 0.00108554
0.00169001 0.00178954 0.00138737
0.00237459 0.0016579 0.00149381
0.00202895 0.00173362 0.00141686
0.00206274 0.00181842 0.00153263
0.00183356 0.00183661 0.00163218
0.00207294 0.00217508 0.0018233
0.00198808 0.00210861 0.001845
0.00211399 0.00221515 0.00186183
0.00213616 0.00244754 0.00215474
0.00251174 0.001875 0.00130774
0.00203655 0.00250996 0.00182614
0.00237018 0.0025015 0.00223148
0.00283852 0.00159917 0.00122468
0.00278563 0.0017587 0.00134112
0.00188587 0.00153724 0.001183
0.00208641 0.00187388 0.00173971
0.00212349 0.00233135 0.00214145
0.00212006 0.00219708 0.0020035
0.00197816 0.00172515 0.00153942
0.00203538 0.0017641 0.00163661
0.00266473 0.00170081 0.00172154
0.00163347 0.0015779 0.00156531
0.00255295 0.00217965 0.00211732
0.00283615 0.00228222 0.00205111
0.00171393 0.00139605 0.00103199
0.0020405 0.00195105 0.0018143
0.00221737 0.00224402 0.00207057
0.00173943 0.00209637 0.00179861
0.00166244 0.00193207 0.00172152
0.00207305 0.0021027 0.00183832
0.00188869 0.00220988 0.00195106
0.00175475 0.00209945 0.0018299
0.00222727 0.00250745 0.00226071
0.00194519 0.00253687 0.00231595
0.00197195 0.0022647 0.00244685
0.00197004 0.00271511 0.00242678
0.00181212 0.00234392 0.00197183
0.00177576 0.0022375 0.00200942
0.00203821 0.00261412 0.00239977
0.00176004 0.00221509 0.00212309
0.00151497 0.00241629 0.00179045
0.00159256 0.00257169 0.00206976
0.00172046 0.00203903 0.00170634
0.00171188 0.00195768 0.00154039
0.00177737 0.00269567 0.00206234
0.00168034 0.0027054 0.0020921
0.00162027 0.00281923 0.00199511
0.00210186 0.00245552 0.00257042
0.00182721 0.00256407 0.00270195
0.00162059 0.00200901 0.00204457
0.00160338 0.00222324 0.00195837
0.00177813 0.00239623 0.00244209
0.00178069 0.00254636 0.00224718
0.00173952 0.00239702 0.00219642
0.00153013 0.00248946 0.00216398
0.00193962 0.00246299 0.00219333
0.00187706 0.00229839 0.00204064
0.00155503 0.00224938 0.00195671
0.00166532 0.0022151 0.00189124
0.00248694 0.00194241 0.00187929
0.00188595 0.00181774 0.00165129
0.00289824 0.00205749 0.00204557
0.00280023 0.00237246 0.00217836
0.00181173 0.00230982 0.00192295
0.00174332 0.00229458 0.00197843
0.00154753 0.00233528 0.00242341
0.00152249 0.00222409 0.0021677
0.00204543 0.00247355 0.00244112
0.001853 0.00254816 0.00256673
0.00172857 0.00244156 0.00253189
0.00194938 0.00234129 0.00243232
0.0022585 0.00281692 0.00257994
0.00181314 0.0026149 0.00269234
0.00225422 0.00309945 0.00279177
0.00152163 0.00307501 0.0026774
0.00222788 0.00261245 0.00244764
0.00180327 0.00276328 0.0025062
0.00193209 0.00288186 0.00267359
0.0021487 0.00268588 0.00241425
0.00205626 0.00271977 0.00251553
0.00189666 0.00312749 0.00262779
0.00188917 0.00290216 0.00247979
0.00196038 0.00298379 0.00259325
0.0018797 0.00320716 0.00270844
0.00200483 0.00306071 0.00305763
0.0021668 0.00338 0.00327905
0.00241015 0.00359007 0.00375485
0.00238731 0.00337934 0.00328266
0.00217297 0.0034677 0.00339946
0.0022318 0.00348935 0.00331644
0.00184931 0.0034958 0.00323304
0.00198825 0.00344246 0.00331565
0.00218641 0.00296411 0.00312518
0.00209834 0.00355064 0.00313454
0.00217565 0.00330138 0.00302607
0.00180847 0.00311742 0.00267492
0.00174461 0.00254997 0.00219141
0.00181148 0.00277363 0.00227124
0.00210925 0.00393573 0.00337609
0.00336196 0.00460152 0.00392416
0.00316904 0.00461038 0.00448527
0.00316166 0.00487354 0.00457106
0.00358707 0.00520001 0.00503099
0.00350702 0.0052181 0.00513041
0.00324046 0.00550517 0.00523202
0.00340292 0.00544221 0.00550878
0.00315389 0.00527414 0.00505439
0.00351014 0.00535239 0.0052402
0.00338065 0.00516209 0.00512283
0.00337865 0.00543148 0.00492876
0.00366425 0.00565404 0.00522239
0.00400265 0.00529413 0.00558551
0.00400804 0.0061049 0.00600516
0.004358 0.00504562 0.00615246
0.00394489 0.00607327 0.00599149
0.00417289 0.00596602 0.00598843
0.00401894 0.00458201 0.00572941
0.00362872 0.00592033 0.00555697
0.00405094 0.00519883 0.00542928
0.00367518 0.00532334 0.00516554
0.00334244 0.00431174 0.00486379
0.00312432 0.00502231 0.00450423
0.0031769 0.00458278 0.00416172
0.00341537 0.00482514 0.00423597
0.00338866 0.00489347 0.00438155
0.00352491 0.00514136 0.00462669
0.00334991 0.00492889 0.00455734
0.00398487 0.00395749 0.00471341
0.00323729 0.00363853 0.00448079
0.0045414 0.00454455 0.00454796
0.00371995 0.00428389 0.00505496
0.00453326 0.00475937 0.00457493
0.00501098 0.00481264 0.00490016
0.00469354 0.0044095 0.00480663
0.00365094 0.00368788 0.00490701
0.0037599 0.00430458 0.005118
0.00443483 0.00453166 0.00446853
0.00482356 0.00461018 0.0047753
0.00311052 0.0031533 0.004613
0.00446702 0.00429799 0.00423308
0.00478339 0.0052755 0.00498214
0.00381289 0.00439042 0.00496689
0.00423327 0.00387435 0.0047874
0.00374335 0.00374335 0.00445146
0.00483953 0.00546081 0.00464306
0.0038841 0.00367468 0.00489129
0.0037911 0.0042856 0.00459611
0.00313096 0.00311982 0.00399661
0.00394744 0.00433721 0.00485169
0.00428806 0.00501375 0.00391473
0.00420211 0.00411496 0.00472215
0.00461962 0.00414111 0.00449969
0.00410635 0.00410635 0.00446609
0.00425422 0.00492322 0.00456803
0.00384412 0.00489196 0.00463285
0.00349465 0.00480567 0.00437938
0.00473927 0.00486514 0.00403981
0.00444044 0.0046058 0.00403617
0.00404636 0.00404636 0.00387866
0.00392458 0.00392458 0.00379377
0.00394196 0.00394196 0.00398503
0.0039336 0.0039336 0.00396594
0.00425092 0.00395431 0.0040679
0.00397362 0.00409446 0.00400926
0.00455066 0.00491227 0.00416556
0.0046916 0.00435794 0.00401359
0.0036577 0.00358715 0.00425707
0.00338133 0.00338053 0.00402072
0.00344382 0.00337037 0.00438516
0.00427452 0.0048779 0.00389097
0.00352602 0.00333781 0.0045966
0.00320924 0.00324792 0.00437585
0.00335958 0.00339781 0.00403301
0.00410157 0.00485215 0.00397644
0.00375932 0.00391405 0.00415637
0.00408097 0.00467281 0.00342863
0.00303352 0.00413869 0.0040366
0.0029921 0.0040215 0.00397929
0.00418758 0.00478765 0.00379843
0.00311146 0.00279011 0.00425981
0.00308627 0.00302777 0.00390881
0.00359886 0.00359886 0.00365483
0.00395993 0.00395993 0.00416579
0.00372947 0.00372947 0.00385112
0.00371841 0.00371841 0.00384156
0.0038461 0.0038461 0.00401179
0.00381183 0.00381183 0.00396795
0.00385114 0.00385114 0.00404207
0.00377086 0.00377086 0.00396491
0.00377281 0.00377281 0.00394818
0.0038334 0.0038334 0.0040055
0.00375489 0.00375489 0.00393866
0.00381796 0.00381796 0.00400969
0.00383676 0.00383676 0.00402459
0.00374376 0.00374376 0.00395
0.00379609 0.00379609 0.00399376
0.0038296 0.0038296 0.00402869
0.00374831 0.00374831 0.00393636
0.00384844 0.00384844 0.00404429
0.00373917 0.00373917 0.00394357
0.00380807 0.00380807 0.00400895
0.00383411 0.00383411 0.00404011
0.00374741 0.00374741 0.00395306
0.00384936 0.00384936 0.00411509
0.00380638 0.00380638 0.00405994
0.00385348 0.00385348 0.00411221
0.00389513 0.00389513 0.0041496
0.00380578 0.00380578 0.00401959
0.00386306 0.00386306 0.00409967
0.00391794 0.00391794 0.00415656
0.00383421 0.00383421 0.00406723
0.00391204 0.00391204 0.00415541
0.00383567 0.00383567 0.00407248
0.00308389 0.00388564 0.00413007
0.00393158 0.00393158 0.00415802
0.00317061 0.003835 0.00406272
0.0038865 0.0032253 0.00411948
0.00345383 0.00392711 0.00415042
0.00350409 0.00384866 0.00406709
0.00348761 0.00346082 0.00416983
0.00371889 0.00371889 0.00395419
0.00377055 0.00377055 0.0040239
0.00379808 0.00379808 0.00403708
0.0037103 0.0037103 0.00395312
0.00378404 0.00378404 0.00402436
0.0037551 0.0037551 0.00398975
0.00376116 0.00376116 0.00399856
0.00384284 0.00384284 0.00408016
0.00375903 0.00375903 0.00398911
0.00388129 0.00388129 0.00410232
0.00379201 0.00379201 0.00403398
0.00382915 0.00382915 0.00406933
0.00392415 0.00392415 0.00413298
0.0038325 0.0038325 0.00402975
0.00384796 0.00384796 0.00405503
0.00379225 0.00379225 0.00399947
0.00381929 0.00381929 0.00405479
0.00390094 0.00374246 0.0041116
0.0037179 0.0037179 0.00389229
0.00365728 0.00365728 0.00384855
0.0035928 0.0035928 0.00375786
0.00369029 0.00369029 0.00388743
0.00360037 0.00360037 0.00379409
0.00366774 0.00366774 0.00386578
0.00372963 0.00372963 0.0039187
0.00363565 0.00363565 0.00384174
0.00381007 0.00381007 0.00398986
0.0037077 0.0037077 0.00392319
0.00374411 0.00374411 0.00395843
0.00378528 0.00378528 0.00399804
0.00365214 0.00365214 0.00386571
0.00374419 0.00374419 0.0039533
0.00371981 0.00371981 0.00392912
0.00371051 0.00371051 0.00391972
0.00372531 0.00372531 0.0039328
0.00375901 0.00375901 0.00398563
0.00372682 0.00372682 0.00395156
0.00377808 0.00377808 0.00397797
0.00374474 0.00374474 0.0040157
0.00380459 0.00380459 0.00406506
0.00383184 0.00383184 0.00408527
0.00371633 0.00371633 0.00397543
0.00377691 0.00377691 0.00403067
0.00375913 0.00375913 0.00400606
0.00381305 0.00381305 0.00404898
0.00387914 0.00387914 0.00411033
0.0037692 0.0037692 0.00401979
0.00390527 0.00390527 0.00418925
0.00386316 0.00386316 0.00414551
0.00387046 0.00387046 0.00417498
0.0039249 0.0039249 0.00421743
0.00383545 0.00383545 0.00414085
0.00389948 0.00389948 0.00419028
0.00379619 0.00379619 0.00409902
0.00381855 0.00381855 0.00408693
0.00391031 0.00391031 0.00420165
0.00378471 0.00378471 0.00409489
0.00387691 0.00387691 0.00418999
0.00383497 0.00383497 0.00415416
0.00383964 0.00383964 0.00415645
0.00388669 0.00388669 0.0041633
0.00382332 0.00382332 0.00412579
0.00388623 0.00388623 0.00419236
0.00381264 0.00381264 0.0041411
0.0037974 0.0037974 0.00406828
0.00372013 0.00372013 0.00406666
0.00376757 0.00376757 0.00407279
0.0037671 0.0037671 0.00408737
0.00387228 0.00387228 0.00423092
0.00366151 0.00366151 0.00400702
0.00364633 0.00364633 0.00400697
0.00368171 0.00368171 0.00404893
0.00361651 0.00361651 0.00398117
0.00360597 0.00360597 0.0039246
0.00352217 0.00352217 0.00386426
0.00347072 0.00347072 0.0038474
0.00345936 0.00345936 0.00382049
0.00346355 0.00346355 0.00381845
0.00346081 0.00346081 0.00381555
0.00351806 0.00351806 0.00393058
0.00368013 0.00368013 0.00406437
0.00360984 0.00360984 0.00400515
0.00361015 0.00361015 0.00400248
0.00368028 0.00368028 0.00406649
0.00362628 0.00362628 0.00401386
0.00369124 0.00369124 0.00406446
0.00365455 0.00365455 0.0040425
0.00372212 0.00372212 0.0040951
0.00370283 0.00370283 0.0040911
0.00369692 0.00369692 0.00408803
0.00376091 0.00376091 0.00417303
0.00371457 0.00371457 0.00412656
0.00381569 0.00381569 0.00422631
0.00372107 0.00372107 0.0041292
0.00374135 0.00374135 0.00413887
0.00384918 0.00384918 0.00424591
0.00379745 0.00379745 0.00419049
0.00389407 0.00389407 0.00426199
0.00382752 0.00382752 0.00421734
0.00384844 0.00384844 0.00425442
0.00393958 0.00393958 0.00431722
0.00386566 0.00386566 0.00428123
0.00403665 0.00403665 0.0044605
0.00396945 0.00396945 0.00436964
0.00409021 0.00409021 0.00451641
0.00402269 0.00402269 0.00448145
