89.7542188471
89.7353652864
89.7671083921
89.7151057775
89.694317419
89.703401109
89.6975155056
87.7342840174
86.7451462267
85.6908420387
82.534618247
82.5312696132
82.4936241978
82.4630620187
82.4966234565
82.4729952765
82.5366420519
82.5210234795
82.5238470804
82.4990151328
82.5322587923
82.5685326309
82.5418731732
82.5407887394
82.5958051597
82.5743244991
80.7347526059
79.9318942207
77.3602289507
76.4298727589
75.5731397793
75.56573494
75.5034050777
75.5070063786
75.5086745962
75.5391180679
75.7323946363
75.7511761871
75.7560898858
75.7788420446
75.8086963724
75.0081851081
73.9898932536
73.5139599702
72.8274836449
71.993868497
70.90084075
70.290128478
70.4871177407
70.3142412766
68.923961289
68.900147719
68.8794050202
68.8894259151
68.8941172471
68.9017657171
68.92165013
68.9140650881
66.4878456706
66.1373133465
65.3350667979
65.0548684551
64.5237687969
64.775088572
64.5142546751
64.2736990158
64.2595518113
64.0165593067
63.7979262566
64.0268490408
63.7428808019
63.5659962261
62.4344239207
61.3814159152
60.4416330118
60.9792937464
59.6827893614
59.4227186593
59.4333922949
58.7315285153
58.7191575334
58.7503452404
58.4549039035
58.1235483062
58.1370076559
57.8496316681
57.5784698248
57.612121052
57.5601240025
57.3304848191
56.1938204674
55.7477911497
55.3503058287
55.1416276569
54.529082824
53.9693003147
54.0691983759
53.2869705991
52.7316872601
52.6966278918
52.020674535
51.7901667153
51.7874640576
51.4893440379
50.4945570743
50.1734288983
49.7672864488
49.5333223447
49.6314749459
49.043407342
48.853764754
48.6795748368
48.3645664613
47.9042263277
47.9072436074
47.9345334561
47.6960680224
47.269219075
47.0611427869
46.530408758
46.3484291573
44.2938925235
44.3190360975
43.8788189765
43.7275960646
43.22347568
42.8938954799
42.7395566194
42.3576785014
41.7831705828
42.0168635835
41.4184158245
41.1172504685
40.3487111061
40.056135314
39.567271132
38.1154168356
38.3217149525
37.8034293697
37.4445414485
37.8511280496
37.8298400904
37.2916246772
37.5292027333
37.2418022704
37.2522257152
36.7793546219
36.5629834226
36.3833331268
36.1545009818
35.428845468
35.23349232
35.0801414861
35.0619376926
34.3760756623
34.9282864269
34.0854520259
34.5872726089
34.8478939281
34.3068025169
34.4535732002
34.3075346256
34.0189883966
34.0572512876
33.8608912896
33.9876629817
33.6721149223
33.71632589
33.7201737972
33.0999539252
33.3569033809
32.4351605721
32.56327048
32.4433373437
32.2879402917
32.4259745616
32.1793925979
32.3163237852
31.7634297964
31.8884317164
31.3840366217
31.8543151704
31.5423988031
31.2331400447
31.2458613431
31.0245116861
30.8748031365
30.1997625881
30.4896718178
30.0935642034
30.5783505906
29.9126886979
30.0393274563
29.9688496839
29.6960886427
29.6522672592
29.7635611888
28.9594084108
28.6277310841
28.372937136
28.4698933016
28.3927895746
28.3388445873
28.3925486619
28.3809547336
28.3333974153
28.2817204844
28.3925490217
28.4071787226
28.3936403267
28.3713311056
28.3823678678
28.3618326348
28.2951812142
28.4377820584
28.388705932
28.3603093239
28.3895726985
28.3817041115
28.3974177106
28.5160624066
28.5029304632
28.4942917016
28.4964314985
28.3661136355
28.3604890977
28.317937204
28.1580562212
28.2033846554
28.1875815958
28.0276459128
28.0384594335
27.9950636122
28.0936944785
28.1398365535
28.1331082702
28.1347686424
28.1494490196
28.1243705675
28.1873327248
28.137062316
28.1545271905
28.1670659919
28.1526623074
28.1892593179
28.1115672169
28.1567718492
28.1700427005
28.1971849912
28.1874405009
28.1990902833
28.2592992084
28.1818828141
28.2044723607
28.2835940036
28.2311795774
28.2903625766
28.2534664008
28.2648039004
28.2569021655
28.2216323148
28.1733801082
28.1995050009
28.1961149517
28.2273643274
28.2323442419
28.2814292635
28.344352506
28.3060954818
27.929244009
27.9699113671
28.0404794897
28.086799564
28.3967602607
27.9421288613
28.4012136987
27.9216151952
28.064132469
27.9615939904
27.9810708379
27.9055431243
27.9845409511
27.9624074918
27.9770499037
27.9982185762
27.6590953566
28.0006003298
27.9679150516
27.9453190485
28.0022873038
27.9024606272
27.6728712659
27.9030954551
27.6192682338
27.4742482735
27.9606367312
27.502946122
27.9417206126
28.0704314895
28.0070086634
28.1097946316
28.3961988486
27.9559141624
27.9889569013
28.3155348862
27.9634939512
28.0148098392
28.0241759267
28.1570304098
28.0087336747
28.1298447786
28.1342651457
28.0330215988
27.6523203858
27.8764038687
28.0068361729
28.0099171146
27.7630036265
27.6766590551
27.4382486555
27.9872196652
27.5812832708
27.9661340646
28.0001162194
27.6014175467
28.0225339881
28.0411345117
28.1001316778
27.7096648006
27.5633644213
27.7323377003
27.594120927
27.6023024246
28.2557509314
27.8027840696
28.0496293491
28.207177341
27.7923697697
27.7993091125
27.7708267838
27.6174181882
27.6360772913
28.2581123578
27.7856452995
27.8005057143
27.6973401594
27.778903079
27.8177724326
27.7360600017
27.5712625715
27.584415432
