1.07893 1.08458 1.08549
1.08404 1.08542 1.08728
1.07783 1.08327 1.08347
1.07879 1.07745 1.08052
1.0855 1.08849 1.08371
1.08425 1.08547 1.08964
1.07688 1.08108 1.08338
1.08564 1.08179 1.08286
1.07845 1.07884 1.08809
1.07994 1.08645 1.08884
1.08158 1.07724 1.07722
1.08215 1.07418 1.07614
1.0786 1.07745 1.07697
1.0817 1.08112 1.07825
1.08373 1.08714 1.0848
1.09019 1.08765 1.08553
1.09192 1.09171 1.09263
1.08927 1.0884 1.08875
1.08708 1.08225 1.0868
1.07663 1.08412 1.07719
1.07146 1.07569 1.07484
1.07101 1.07094 1.07259
1.07427 1.06409 1.07084
1.06262 1.05992 1.06205
1.05857 1.05982 1.06138
1.0784 1.06091 1.06092
1.05791 1.06046 1.06056
1.05272 1.06534 1.06304
1.05339 1.05011 1.04981
1.05603 1.05381 1.04891
1.05469 1.05332 1.05318
1.05561 1.06729 1.06193
1.07272 1.06977 1.07065
1.06787 1.07817 1.07515
1.05537 1.06886 1.0666
1.08536 1.07979 1.07798
1.08386 1.08588 1.08525
1.07616 1.08582 1.08775
1.06724 1.08434 1.08151
1.0785 1.0875 1.08765
1.0775 1.08239 1.08087
1.07933 1.09618 1.09146
1.07775 1.09253 1.08921
1.0622 1.0754 1.07511
1.07567 1.08203 1.08269
1.08408 1.09036 1.08779
1.0738 1.08768 1.08673
1.10991 1.10929 1.11964
1.09783 1.10466 1.10358
1.11432 1.1168 1.11524
1.08695 1.11247 1.10857
1.08466 1.10491 1.10019
1.08441 1.08103 1.0783
1.07166 1.08345 1.08051
1.09612 1.08218 1.08111
1.09707 1.10674 1.10578
1.0981 1.11365 1.11166
1.09823 1.12234 1.11517
1.0737 1.10092 1.09315
1.07995 1.09412 1.09989
1.11413 1.10683 1.10343
1.10112 1.12285 1.11929
1.10845 1.11399 1.12525
1.10798 1.13712 1.12676
1.11661 1.09636 1.09947
1.07376 1.10021 1.0934
1.08546 1.0916 1.09647
1.06726 1.09794 1.08668
1.08466 1.10664 1.10405
1.08624 1.11995 1.10628
1.09072 1.09538 1.08224
1.08042 1.10417 1.10993
1.08244 1.10925 1.10534
1.06754 1.08466 1.08259
1.07537 1.09367 1.08981
1.07784 1.09536 1.09079
1.06942 1.08439 1.08272
1.07933 1.09228 1.09011
1.07689 1.09966 1.09599
1.06645 1.08195 1.07782
1.09203 1.10642 1.10541
1.10275 1.12063 1.1175
1.08486 1.10575 1.11241
1.11002 1.12773 1.12447
1.11182 1.12804 1.12594
1.09662 1.10945 1.10671
1.11053 1.12665 1.12281
1.13551 1.18372 1.17404
1.09914 1.13185 1.12466
1.13388 1.16092 1.13953
1.11351 1.13514 1.12865
1.10721 1.11145 1.11249
1.11011 1.11876 1.11751
1.09832 1.10765 1.10486
1.10576 1.11007 1.10184
1.11622 1.12068 1.11987
1.12568 1.12239 1.12923
1.11311 1.12564 1.12795
1.10842 1.14245 1.13121
1.1146 1.13946 1.13886
1.10869 1.11099 1.11099
1.10537 1.12558 1.11536
1.13003 1.13275 1.1216
1.13755 1.1435 1.14056
1.13282 1.15673 1.15071
1.17301 1.15996 1.15643
1.17266 1.18103 1.18747
1.16594 1.18412 1.18356
1.16814 1.19999 1.19224
1.17505 1.17609 1.16879
1.15666 1.19403 1.18679
1.20581 1.20115 1.19477
1.19939 1.21555 1.21988
1.20733 1.22129 1.21571
1.20239 1.22201 1.21796
1.20753 1.23551 1.22828
1.21368 1.21651 1.20745
1.18516 1.22217 1.21242
1.2118 1.24056 1.23099
1.23279 1.25296 1.24793
1.24405 1.25701 1.25173
1.24346 1.26702 1.25982
1.25664 1.2706 1.27206
1.25998 1.26725 1.27238
1.24979 1.26687 1.26921
1.25036 1.26709 1.26887
1.2456 1.27447 1.26673
1.26368 1.28916 1.27947
1.27803 1.29827 1.29541
1.28645 1.31689 1.30466
1.30687 1.342 1.33328
1.28506 1.31429 1.30595
1.28774 1.31965 1.31123
1.31241 1.33603 1.33183
1.33032 1.35353 1.34686
1.34772 1.3504 1.36653
1.3235 1.36063 1.35179
1.34791 1.35463 1.37176
1.33171 1.34105 1.35555
1.3208 1.35021 1.3398
1.34158 1.34367 1.3625
1.3227 1.33593 1.34242
1.31052 1.34694 1.33555
1.34023 1.34282 1.35565
1.32674 1.35555 1.34439
1.34619 1.34997 1.36427
1.3307 1.35457 1.34852
1.33924 1.34768 1.36145
1.33313 1.35047 1.34498
1.31541 1.3387 1.33163
1.32079 1.34509 1.33482
1.33814 1.34194 1.35175
1.32283 1.3422 1.33719
1.33669 1.33614 1.3482
1.32505 1.34915 1.33758
1.34463 1.3484 1.36184
1.36063 1.36367 1.34966
1.35278 1.36074 1.37293
1.34015 1.34724 1.36056
1.32788 1.35578 1.34448
1.3485 1.35158 1.36599
1.33225 1.33996 1.35473
1.31752 1.33623 1.33794
1.32477 1.34415 1.33995
1.33492 1.3385 1.35214
1.31648 1.3514 1.33852
1.34682 1.3487 1.36271
1.35028 1.36198 1.34914
1.35657 1.35732 1.37344
1.33697 1.34054 1.3537
1.34106 1.34473 1.35842
1.356 1.35891 1.34477
1.35298 1.35956 1.37082
1.33949 1.34465 1.36027
1.32465 1.34701 1.34154
1.33103 1.33874 1.3537
1.31769 1.34641 1.33699
1.34472 1.33567 1.34029
1.31113 1.32656 1.33722
1.30067 1.33017 1.32671
1.30892 1.32485 1.33056
1.3098 1.32602 1.32809
1.31054 1.32338 1.32936
1.31381 1.32902 1.33392
1.31194 1.32485 1.33106
1.3058 1.32043 1.32217
1.30961 1.31615 1.3239
1.30617 1.31888 1.31249
1.30837 1.3142 1.32491
1.30251 1.30999 1.31252
1.29754 1.30095 1.31321
1.30148 1.3066 1.29273
1.30455 1.30338 1.31887
1.29307 1.31098 1.29873
1.29427 1.285 1.30151
1.27319 1.27525 1.28109
1.27426 1.26591 1.27502
1.25815 1.26435 1.27818
1.25698 1.2551 1.2607
1.26637 1.2657 1.25704
1.28195 1.2819 1.27649
1.28527 1.27809 1.27835
1.27765 1.27699 1.28202
1.28549 1.26883 1.27894
1.27561 1.28133 1.28269
1.28356 1.2904 1.28439
1.27615 1.28232 1.29848
1.28491 1.28716 1.30256
1.28766 1.27382 1.28061
1.28548 1.29261 1.27283
1.26516 1.2872 1.27586
1.28047 1.28178 1.29668
1.2918 1.28877 1.27909
1.26687 1.28604 1.28172
1.27868 1.27246 1.29198
1.27097 1.26708 1.26651
1.26472 1.28923 1.2768
1.26876 1.29168 1.2804
1.28402 1.2774 1.30114
1.27973 1.28121 1.26798
1.28615 1.26438 1.27053
1.25376 1.27165 1.26418
1.28636 1.28956 1.27743
1.29123 1.27245 1.28149
1.25291 1.2819 1.27128
1.27024 1.29768 1.28999
1.28373 1.28745 1.29385
1.27523 1.28665 1.28845
1.27697 1.28375 1.29035
1.28509 1.2837 1.29389
1.27007 1.28115 1.28209
1.2854 1.29117 1.28478
1.28345 1.2873 1.28852
1.28972 1.2982 1.28897
1.30505 1.30035 1.30715
1.29995 1.29955 1.31106
1.2839 1.29142 1.29715
1.28188 1.29316 1.29219
1.28012 1.29727 1.29497
1.29208 1.30754 1.30104
1.30173 1.30577 1.31389
1.30531 1.29822 1.29922
1.28785 1.30536 1.30102
1.30297 1.29943 1.31039
1.28323 1.3048 1.29744
1.29324 1.29288 1.29981
1.29565 1.2907 1.29298
1.28275 1.29938 1.29923
1.28597 1.3048 1.30149
1.28911 1.30241 1.30388
1.29726 1.30649 1.30421
1.28856 1.30428 1.31049
1.29527 1.29512 1.31311
1.28178 1.29967 1.28799
1.29285 1.3057 1.30737
1.3068 1.3048 1.30839
1.30121 1.31544 1.3105
1.31312 1.30815 1.32095
1.29461 1.30703 1.311
1.28912 1.30677 1.30637
1.28764 1.30495 1.30869
1.29039 1.29478 1.30694
1.27778 1.27776 1.29102
1.27767 1.29119 1.29428
1.28338 1.2793 1.27209
1.2748 1.29051 1.28739
1.28333 1.29076 1.29678
1.28525 1.29003 1.29987
1.29278 1.29015 1.28856
1.28817 1.29131 1.29909
1.27946 1.28532 1.29016
1.29039 1.28964 1.29285
1.27932 1.28052 1.29013
1.28425 1.28187 1.27691
1.28137 1.28325 1.27843
1.27836 1.29178 1.28486
1.27634 1.2837 1.27802
1.28586 1.28478 1.29073
1.28409 1.28385 1.28458
1.28364 1.28879 1.28625
1.29469 1.28889 1.2887
1.28925 1.28816 1.29153
1.29429 1.28774 1.28993
1.28032 1.28867 1.28941
1.28415 1.28907 1.29201
1.28303 1.29009 1.28882
1.28751 1.2889 1.29405
1.28597 1.28783 1.28832
1.28435 1.28665 1.28723
1.28783 1.28388 1.28942
1.28687 1.28448 1.28338
1.28457 1.28661 1.28701
1.28029 1.28724 1.28992
1.28498 1.28185 1.28803
1.28738 1.28604 1.28685
1.2871 1.28358 1.28922
1.28419 1.28268 1.28156
1.28537 1.28605 1.28885
1.28641 1.28723 1.28663
1.28386 1.29563 1.28946
1.28158 1.28051 1.29099
1.28332 1.28208 1.27621
1.28478 1.29469 1.28931
1.28717 1.28438 1.30034
1.28464 1.28392 1.30191
1.28892 1.29037 1.27766
1.28646 1.28572 1.29926
1.29117 1.28235 1.28199
1.28267 1.29014 1.28374
1.27501 1.28086 1.28589
1.28031 1.28628 1.28295
1.28036 1.28386 1.28932
1.27651 1.28348 1.29154
1.28379 1.28206 1.28321
1.28628 1.2839 1.28838
1.28682 1.28681 1.28818
1.28136 1.28768 1.28859
1.28874 1.28741 1.29124
1.28812 1.29085 1.28798
1.28645 1.28501 1.29485
1.28856 1.28731 1.29592
1.28518 1.28594 1.28463
1.28511 1.28632 1.28773
1.28725 1.28898 1.28658
1.2806 1.2836 1.28962
1.28638 1.28975 1.28418
1.28345 1.28404 1.29314
1.28098 1.28081 1.27997
1.28326 1.27828 1.28093
1.27856 1.28002 1.28701
1.2709 1.27985 1.27741
1.27068 1.27398 1.26992
1.27527 1.28069 1.27619
1.27078 1.27841 1.27909
1.27495 1.27627 1.28213
1.27729 1.27458 1.27654
1.27089 1.27643 1.27447
1.27224 1.27759 1.277
1.27024 1.27568 1.27481
1.27208 1.27194 1.27022
1.27338 1.27516 1.27646
1.27408 1.27127 1.27684
1.27805 1.27448 1.27933
1.27378 1.27233 1.27682
1.26724 1.27632 1.27539
1.27254 1.27843 1.26843
1.27482 1.27425 1.28475
1.2774 1.27494 1.2878
1.27805 1.274 1.27232
1.27503 1.27756 1.28264
1.27411 1.2733 1.27712
