-nan -nan -nan
-nan -nan nan
-nan -nan -nan
0.13597361509 -nan -nan
0.144233561245 0.0247300687813 -nan
0.150565268237 0.025000669435 0.0402488579859
0.106539654746 0.025218886125 0.0428045063084
0.109407684205 4.40422616989 0.0449375754393
0.111861905048 4.50859233118 2.31176266691
1.84823892634 4.59960441009 2.35904998643
1.88037215899 6.07523950222 2.40090279471
1.90915427087 6.16128988133 1.81750800107
1.55060540585 6.23912757751 1.84274694063
1.56952855633 5.25698515599 1.86576571553
1.58690817434 5.31177870109 1.50998195903
1.34013239471 5.36240620806 1.52569389733
1.35256578253 4.63163729069 1.54028725864
1.36416702433 4.66954945392 1.29053940249
1.18310681865 4.70506777098 1.30110511286
1.19190872386 4.11948853218 1.31103944178
1.2002114311 4.14693127993 1.1309155872
1.06095362323 4.17289309755 1.13854390342
1.06753312852 3.71013993933 1.1457796187
1.07378900505 3.73085735545 1.00678094354
0.962025456201 3.75059897716 1.01250487517
0.967135690616 3.37661857352 1.01797019081
0.972024080376 3.39278280968 1.91274562326
1.1023206528 3.40827179352 1.92159392326
1.1071176866 3.7129684443 1.93008603354
1.11172839581 3.72771060275 1.89954342029
1.20145970265 3.7418995878 1.90691235937
1.20584972535 3.45117773501 1.91401387443
1.21008550039 3.46333292339 1.76002933339
1.12318535359 3.47507420489 1.76608090487
1.12685506758 3.22401432384 1.77193257983
1.13040708909 3.23419961268 1.64205285741
1.06460200165 3.24406748386 1.64714077228
1.0678033829 3.02528015632 1.65207448842
1.07091033953 3.03393566624 1.53837519435
1.00200051601 3.04234254572 1.54270032907
1.00474563743 2.84978334941 1.54690438546
1.0074158194 2.85722656638 1.5280500165
1.12184470139 2.8644715141 1.53184243114
1.12454696158 2.70665226462 1.53553621613
1.1271805694 2.71305570698 1.49519469557
1.15898334739 2.71930014559 1.49850840575
1.16146648667 2.63636030473 1.50174165358
1.16389063667 2.64197209114 1.45440135395
1.11241374999 2.64745339048 1.45730604322
1.11465980412 2.51236799207 1.46014459423
1.11685575747 2.51731068553 1.56245842736
1.06255933599 2.5221453261 1.56526934227
1.06455506459 2.39954516831 1.56802000966
1.06650883897 2.4039473976 1.49792709089
1.01708127443 2.40825882661 1.50045240989
1.01886888217 2.29660428937 1.5029266051
1.02062095805 2.30055181675 1.43834693046
0.975398918054 2.30442228025 1.44062797723
0.977007581255 2.47995772969 1.44286527418
0.978585922635 2.48383760279 1.38898237977
1.00559663948 2.48764558348 1.39102638285
1.00711213057 2.38795223964 1.39303314287
1.00860046135 2.39145260336 1.35452893217
0.97398699985 2.39489124691 1.3563740442
0.975398003121 2.30320701386 1.35818713921
0.976784905195 2.30638113061 1.30953065771
0.939043015788 2.30950186587 1.31120396451
0.940330646893 2.22484434688 1.31284955713
0.941597270434 2.22773596159 1.26766977557
0.909140810755 2.23058109502 1.26919468818
0.910341448112 2.15326889485 1.27069544458
0.911523338437 2.15591221481 1.22826235829
0.987874826532 2.15851484409 1.22965911449
0.989080267416 2.12467985266 1.23103466873
0.990267661748 2.12711596089 1.24180151013
0.971767690558 2.12951609263 1.2431154283
0.972935193945 2.116849711 1.244410202
0.974085910745 2.11911658182 1.20808063027
0.940926380348 2.12135128383 1.20929073331
0.942006645039 2.07021781658 1.21048388488
0.943071969308 2.07230929635 1.17474076437
0.911808886487 2.07437221315 1.17586882159
0.912811929469 2.01462378225 1.17698166404
0.913801609462 2.0165625172 1.14737238994
0.884598369529 2.0184757359 1.14841663308
0.885531488949 1.96238770957 1.14944729693
0.886452617479 1.96418981547 1.12015261157
0.858772306649 1.96596903416 1.1211224828
0.859643047922 1.91107287918 1.12208017862
0.860502983012 1.91275908416 1.09375638581
0.920481067879 1.914424599 1.09466007657
0.921353912642 1.86825984882 1.09555280262
0.922216283892 1.86983251027 1.07357583723
0.900383183662 1.87138650703 1.07441890074
0.901198579775 1.83297172782 1.07525206671
0.902004505518 1.83444156116 1.06165442476
0.876499762883 1.83589450383 1.062444956
0.877268076356 1.80616215204 1.06322649792
0.87802774371 1.80754026002 1.05005630612
0.854813046411 1.80890301874 1.05079890014
0.855535037151 1.77668189016 1.0515333072
0.856249148118 1.77797548796 1.02873651788
0.833828429181 1.77925510806 1.02943460816
0.834508633264 1.73947097795 1.03012522974
0.835181631069 1.74068905282 1.04783831624
0.822178426706 1.74189434786 1.04851351493
0.822819770079 1.70604426755 1.04918169741
0.823454512288 1.70719206366 1.02792729434
0.802437858132 1.70832815691 1.02856440994
0.803046164965 1.6787417914 1.02919509006
0.803648384024 1.67982467521 1.00844953799
0.787441578517 1.68089682093 1.00905228057
0.788016220769 1.64693756116 1.00964910042
0.78858526714 1.64796205486 0.995851231878
0.789148821472 1.61325808942 0.996421208878
0.770299167401 1.61424327837 0.996985733418
0.770839252352 1.61521912538 0.978671697765
0.771374260442 1.58635931206 0.979211937333
0.771904282656 1.55561899249 0.979747142271
0.772429407593 1.53180079546 0.980277402046
0.772949721545 1.50342198885 0.980802803791
0.773465308575 1.56403183708 0.981323432394
0.773976250597 1.53561276306 0.981839370568
0.774482627442 1.51255426767 0.982350698926
0.774984516932 1.48684372227 0.982857496049
0.775481994944 1.46694184977 0.983359838558
0.775975135475 1.4449593947 0.983857801173
0.776464010703 1.42200888688 0.984351456777
0.776948691045 1.40244586281 0.984840876476
0.777429245212 1.38711336522 0.985326129654
0.759169342269 1.38780082653 0.98580728403
0.75963514046 1.38848252602 0.978452228009
0.76009706467 1.36920147738 0.978914992499
0.76055517643 1.35964179335 0.979373937602
0.761009535836 1.34149474508 0.979829123526
0.761460201596 1.32675507086 0.980280609086
0.761907231071 1.34269753597 0.980728451745
0.762350680315 1.32425629519 0.98117270766
0.762790604112 1.31106115802 0.981613431716
0.763227056021 1.29598387916 0.982050677567
0.763660088402 1.28003815736 0.982484497671
0.76408975246 1.26319024328 0.982914943324
0.764516098274 1.25215550656 0.983342064697
0.764939174828 1.23610477708 0.983765910863
0.765359030048 1.22239545183 0.984186529835
0.765775710827 1.20705949864 0.984603968591
0.766189263056 1.19651679481 0.985018273107
0.766599731654 1.18327015255 0.985429488382
0.752509802926 1.18375461356 0.985837658466
0.752904256407 1.18423551139 0.968497515003
0.753295828331 1.17879531086 0.968890395856
0.753684558962 1.16600103571 0.969280425918
0.754070487741 1.15323008082 0.969667644761
0.754453653303 1.14004917019 0.970052091152
0.754834093502 1.13480056698 0.970433803068
0.755211845428 1.12348987814 0.970812817726
0.755586945434 1.12182053886 0.971189171599
0.755959429147 1.11026565419 0.971562900433
0.756329331492 1.09778041648 0.971934039271
0.75669668671 1.09112867134 0.972302622467
0.757061528375 1.07908689405 0.972668683707
0.757423889409 1.06850613822 0.973032256025
0.757783802102 1.05937599741 0.973393371817
0.758141298125 1.04828810755 0.973752062863
0.758496408551 1.0387830252 0.974108360334
0.75884916386 1.02788021434 0.974462294818
0.759199593964 1.01988697531 0.974813896324
0.759547728216 1.00961433936 0.975163194302
0.742633491156 1.00997003002 0.975510217658
0.742969469268 1.01032341832 0.96958520074
0.743303285594 0.999851113737 0.969920857826
0.743634966781 1.00176589364 0.970254367997
0.743964538991 0.991722981694 0.970585757563
0.744292027915 0.982944913103 0.970915052355
0.744617458786 0.974587088698 0.971242277745
0.744940856386 0.965035904589 0.971567458652
0.745262245058 0.965358111994 0.955567163907
0.745581648716 0.955955293175 0.955881155969
0.745899090859 0.952214211538 0.956193219747
0.746214594572 0.952525048257 0.941320202837
0.746528182544 0.948219419877 0.941626482552
0.746839877073 0.939362038464 0.941930912951
0.747149700073 0.939663931339 0.928192226298
0.747457673088 0.93345600043 0.928486319662
0.747763817296 0.925166021428 0.928778666639
0.748068153518 0.925457066683 0.914295535309
0.748370702226 0.9182207466 0.914578481716
0.748671483554 0.916796971505 0.914859775251
0.748970517298 0.908275295337 0.915139434429
0.749267822931 0.908553272517 0.904279835571
0.736740239262 0.908829651842 0.904550354309
0.737035204279 0.90739861776 0.904819326316
0.737328491692 0.899320872568 0.905086768554
0.737620119804 0.899588449636 0.890787983841
0.737910106623 0.893847203763 0.891048287301
0.738198469869 0.886671712744 0.891307133378
0.73848522698 0.886930137982 0.87831782963
0.738770395121 0.887835364441 0.878572042428
0.739053991183 0.882869323427 0.878824853799
0.739336031796 0.877347774531 0.879076278567
0.739616533331 0.877594214678 0.866093914175
0.739895511903 0.870996834355 0.866340579277
0.740172983381 0.864388460055 0.866585911848
0.74044896339 0.864627018148 0.85352253722
0.740723467316 0.857921494648 0.853762666728
0.740996510312 0.851490243857 0.854001518249
0.741268107301 0.851721416155 0.84110222964
0.741538272984 0.844772039785 0.841335056956
0.741807021839 0.838256467299 0.841566663257
0.742074368131 0.838480979575 0.828999141922
0.742340325911 0.832222736864 0.829225275035
0.742604909026 0.825913085017 0.829450239326
0.742868131116 0.826130917153 0.817227522905
0.743130005624 0.820277554033 0.817447169024
0.743390545798 0.813706284384 0.817665695977
0.728040927379 0.813917943542 0.817883114713
0.72829305226 0.814128534346 0.806002180337
0.728543910478 0.808009639508 0.806214467425
0.728793514256 0.802135740664 0.806425692951
0.729041875639 0.80234029816 0.794832308101
0.729289006507 0.796083648966 0.795038917504
0.729534918567 0.790400949987 0.795244507945
0.729779623368 0.790599890092 0.783953423944
0.730023132293 0.784929598227 0.784154388398
0.730265456569 0.780020569009 0.784354375178
0.730506607268 0.78021376457 0.77335183752
0.730746595308 0.774905474608 0.773547388702
0.73098543146 0.770323185248 0.773742001283
0.731223126345 0.770510794925 0.762995721285
0.731459690443 0.765225723787 0.763186396282
0.731695134088 0.760783272535 0.763376168174
0.73192946748 0.760965566043 0.752883928529
0.732162700678 0.755951138839 0.753069663992
0.732394843608 0.750443240494 0.753254531219
0.732625906065 0.750620713836 0.742992665923
0.732855897715 0.745577326215 0.743173852461
0.733084828093 0.740566295159 0.743354202933
0.733312706613 0.740739030239 0.733348903074
0.733539542563 0.735911240503 0.733525504377
0.733765345112 0.730791349298 0.733701301134
0.718954948752 0.730959590541 0.73387630039
0.71917379888 0.731127071767 0.724102196889
0.719391664507 0.726262807924 0.724273612955
0.719608554147 0.721577289454 0.724444261116
0.719824476206 0.721740419961 0.71487015811
0.720039438982 0.717415695047 0.715037443327
0.704715792153 0.717576281309 0.715203988402
0.704924633196 0.712891853165 0.71536979963
0.705132557782 0.713050042016 0.706023124336
0.705339573645 0.708520974926 0.706185652878
0.705545688421 0.703960396506 0.706347473976
0.705750909653 0.704114586186 0.697170750338
0.692569273834 0.704268110113 0.697329559614
0.692768396812 0.699718006866 0.697487685936
0.692966666882 0.695016615948 0.697645134953
0.69316409107 0.695166423375 0.689032737068
0.693360676318 0.690589088731 0.689186821614
0.680082591636 0.690736781752 0.689340253969
0.680273530439 0.686396899879 0.689493039442
0.680463667378 0.68654247061 0.680879981073
0.680653008929 0.682456041926 0.681029695398
0.680841561495 0.67848118594 0.681178785864
0.681029331399 0.678623141362 0.672657934558
0.667835607867 0.678764509812 0.672804188572
0.66801818402 0.67449907511 0.672949840158
0.668200011007 0.67038942324 0.67309489409
0.668381094742 0.670527428618 0.664708988911
0.66856144107 0.666245169524 0.664851404554
0.656301303881 0.666381304384 0.664993242447
0.656476671228 0.664646468498 0.665134507097
0.656651332481 0.664780627025 0.656939873391
0.656825293111 0.660560608068 0.657078559563
0.656998558525 0.656474384705 0.657216691489
0.657171134071 0.656605505497 0.650010010412
0.656813722259 0.656736106152 0.650147119447
0.646690968878 0.656866190639 0.650283686594
0.646859628206 0.656071774096 0.650419715972
0.647027625822 0.651760120035 0.650555211659
0.647194966724 0.648441829557 0.650690177683
0.647361655853 0.648567750532 0.642835273763
0.647527698094 0.645157264913 0.64296773517
0.635149904272 0.645281454781 0.643099684372
0.635311924788 0.641671691374 0.643231125183
0.635473323282 0.641794216699 0.635566462568
0.635634104353 0.638051511346 0.635695476264
0.635794272546 0.636322405335 0.635823998176
0.635953832359 0.631913876066 0.635952031913
0.625073553482 0.63203288135 0.636079581044
0.625229018725 0.632151437785 0.628759694491
0.625383899658 0.628393856662 0.628884820941
0.625538200508 0.628510917293 0.62228190359
0.62569192546 0.626157721509 0.622404533171
0.62584507865 0.62201301206 0.622526706647
0.620527146017 0.622127647217 0.622648427284
0.620676628127 0.62224185894 0.616628574088
0.62082555998 0.617927338442 0.616747848425
0.621331750118 0.618040712078 0.616866685203
0.611911144086 0.618153671222 0.616985087516
0.612056881384 0.614314691541 0.617103058421
0.612202089476 0.614426319342 0.610525674997
0.612346772062 0.610702069069 0.610641408777
0.601409597347 0.610812365251 0.610756725128
0.601552041559 0.610083581166 0.610871626948
0.601693975435 0.610192484186 0.603937926962
0.601835402495 0.606063250571 0.6040508813
0.601976326226 0.604725473796 0.604163433641
0.602116750078 0.601301763549 0.60427558674
0.602256677466 0.601407718056 0.59757466816
0.591452449182 0.601513299197 0.597684881899
0.591589466493 0.598987978722 0.597794708534
0.591726004128 0.595409393057 0.597904150684
0.591862065324 0.595512801093 0.591363787014
0.591997653282 0.592816529342 0.591471345721
0.592132771174 0.591793697507 0.591578531536
0.581476584934 0.591894899692 0.59168534695
0.581609311035 0.588385063889 0.591791794427
0.581741581412 0.58848513887 0.58539073159
0.581873399081 0.586639839454 0.585495365949
0.582004767027 0.583982897226 0.585599643327
0.582135688206 0.584080850508 0.58151374792
0.582266165546 0.580217721676 0.58161606901
0.581884505913 0.580315114449 0.581718044313
0.572450797453 0.580412179123 0.581819676079
0.572578034412 0.580508917829 0.575544933947
0.572704845412 0.579713359285 0.575644938332
0.572831233199 0.575877894849 0.575744608968
0.572957200497 0.572900375684 0.575843948002
0.57308275 0.572994765041 0.569606900592
0.572390966426 0.573088842304 0.569704719677
0.57251425408 0.570850155423 0.569802216323
0.562774018199 0.570943104339 0.569899392578
0.562895032629 0.568688031126 0.569996250471
0.563015651809 0.56877987285 0.564062067748
0.563135878227 0.56514003318 0.564157354971
0.563255714349 0.564847235169 0.56425233286
0.563375162616 0.561366773479 0.564347003348
0.563494225447 0.561456963117 0.558203427647
0.563683429624 0.561546862606 0.558296932405
0.555378732677 0.561636473744 0.558390137249
0.555493724795 0.55899167714 0.558483044034
0.555608350273 0.556928384565 0.558575654596
0.555722611367 0.55701622789 0.552810042031
0.555836510308 0.553430699029 0.55290119564
0.557852167517 0.553518165044 0.552992061189
0.549822369173 0.553605355464 0.553082640433
0.549932714518 0.551352870371 0.553172935111
0.550042714214 0.551439066435 0.547298789163
0.550152370347 0.548643380677 0.547387799106
0.543434903878 0.548728642795 0.547476531853
0.543542290877 0.546813575657 0.547564989067
0.543649345383 0.546897868531 0.542035910245
