0.00297941 0.00323974 0.00283649
0.00323386 0.00275254 0.00271556
0.00279159 0.00282834 0.00265878
0.00286059 0.00283692 0.00283411
0.00319597 0.00341925 0.00339021
0.00313307 0.00285593 0.00281072
0.00311033 0.00289422 0.00288088
0.00337532 0.0031841 0.00301921
0.00299282 0.00306599 0.00305542
0.0033911 0.0030728 0.00308157
0.00317992 0.00328953 0.00297134
0.00315306 0.00315307 0.0029846
0.003029 0.00291123 0.00293726
0.00255441 0.00259504 0.00257582
0.00284938 0.00245092 0.0023969
0.00243054 0.00237512 0.00238945
0.00290212 0.00237404 0.00243113
0.00255472 0.00233623 0.00236449
0.0025642 0.00230051 0.00233189
0.00258089 0.00252356 0.002446
0.00286508 0.00244544 0.00242643
0.00279081 0.00260309 0.00280486
0.00305458 0.0028799 0.00302218
0.00271679 0.00290757 0.00272699
0.00250289 0.00277281 0.00275917
0.00291627 0.00267013 0.00285124
0.00323471 0.00294526 0.00298795
0.00321818 0.00317204 0.00315549
0.00311436 0.00321029 0.00331102
0.00335424 0.00320542 0.00336406
0.00289829 0.00310722 0.00299537
0.0032437 0.00321192 0.00329763
0.003084 0.00302098 0.00293374
0.00311848 0.00280991 0.00282641
0.00325686 0.00302166 0.00332294
0.00327674 0.00299124 0.00305373
0.00301732 0.00293624 0.00310505
0.00305062 0.00287038 0.00291671
0.00311979 0.00328215 0.00325327
0.00331422 0.00310022 0.00309901
0.00293868 0.00312312 0.0031041
0.00307772 0.00299649 0.00302468
0.00300366 0.00321169 0.00313111
0.00319519 0.00328387 0.00328591
0.00277581 0.00304414 0.00300828
0.00323357 0.00276651 0.00283934
0.00309786 0.00315886 0.00309286
0.00311329 0.00305354 0.00305462
0.00294081 0.00295734 0.00293728
0.00310386 0.00327438 0.00318721
0.00288131 0.00288304 0.00312232
0.00295739 0.00280889 0.00287474
0.00308297 0.00287255 0.00305498
0.00318376 0.00353239 0.00343139
0.00316404 0.00337091 0.00337121
0.00318719 0.00351708 0.00333413
0.00315546 0.00323956 0.00316474
0.00299134 0.00301888 0.00303298
0.0031865 0.00284776 0.00310556
0.00314554 0.00327169 0.00327549
0.00283884 0.00278612 0.00296561
0.00269176 0.00270804 0.00257903
0.00289292 0.00309967 0.00274141
0.00314922 0.0031134 0.00314257
0.00314274 0.00285425 0.00307301
0.00281095 0.00273753 0.00256434
0.00246268 0.00253836 0.00250807
0.00260762 0.00268801 0.00245453
0.002553 0.00252923 0.00279061
0.00251845 0.00258294 0.00277322
0.00328397 0.00308739 0.00258274
0.00243165 0.00268399 0.00268244
0.00276713 0.00273029 0.00291803
0.00331051 0.00316178 0.00313185
0.00289232 0.00292502 0.00296782
0.00189567 0.00228904 0.00229759
0.00174286 0.00212069 0.00225199
0.00217594 0.00262867 0.0024222
0.00251277 0.00251793 0.0022849
0.00226085 0.00292184 0.00310308
0.00246232 0.00268781 0.00279611
0.00268642 0.0025144 0.00269513
0.00258646 0.00275837 0.00265015
0.00235384 0.00264707 0.00250232
0.00198244 0.00201964 0.00212342
0.00209982 0.00239743 0.00225933
0.00241329 0.00205035 0.00231285
0.00267083 0.00265387 0.00258438
0.00272294 0.0024831 0.00270226
0.00233713 0.00211033 0.0022134
0.00200691 0.00198516 0.00200414
0.00207099 0.00206709 0.00205384
0.00221141 0.00209524 0.00211645
0.00213596 0.00211397 0.00212397
0.00180541 0.00197542 0.00191685
0.00184659 0.00194261 0.00181937
0.00177884 0.00201261 0.00171265
0.00200341 0.00231667 0.00213938
0.00201525 0.00227356 0.0022095
0.00188988 0.00207906 0.00192768
0.00183957 0.00189726 0.00187186
0.00191305 0.00191109 0.00162933
0.00197638 0.00214525 0.0021775
0.00208088 0.0018924 0.00180445
0.00218487 0.00146955 0.00154336
0.00178444 0.0016195 0.00155539
0.00204612 0.00181487 0.00174155
0.00170252 0.0019487 0.00171417
0.0017908 0.00185252 0.00167088
0.00193191 0.00187376 0.00183049
0.00267354 0.00175286 0.00176666
0.00132935 0.00145986 0.00135234
0.00231418 0.00216304 0.00215266
0.00180362 0.00174423 0.00172476
0.00163607 0.00168141 0.00137943
0.00181778 0.00164431 0.00146564
0.00183628 0.00197618 0.00202209
0.00244272 0.0019468 0.00180189
0.00215196 0.00149326 0.00163547
0.00158934 0.00151763 0.0013482
0.00173698 0.00180103 0.00174837
0.00368214 0.00190904 0.00168575
0.00162781 0.00197278 0.00187512
0.00322228 0.00155817 0.00236718
0.00183792 0.00205538 0.00181759
0.00194108 0.00165778 0.00137081
0.00337785 0.00198859 0.00168496
0.00160571 0.00140958 0.00160427
0.00220015 0.00282292 0.00242219
0.00137423 0.00171125 0.00120742
0.00150096 0.00162935 0.00133954
0.00167603 0.00184335 0.00164239
0.0022095 0.00167854 0.00157091
0.0026339 0.00186536 0.00174374
0.00104309 0.00106555 0.00128437
0.00213814 0.00173506 0.00162375
0.00193676 0.00167831 0.00142186
0.0019932 0.00129984 0.00109936
0.00171753 0.00187917 0.00153918
0.0019261 0.00209198 0.00197446
0.00218263 0.0011555 0.00120222
0.00265436 0.00117209 0.00194229
0.00166896 0.00172414 0.00236071
0.00188834 0.00231397 0.00184636
0.00157438 0.00236094 0.00247911
0.000853377 0.000831668 0.00288161
0.00182807 0.00187398 0.00203293
0.00103123 0.00102985 0.00189357
0.00176152 0.00119491 0.00114454
0.00151144 0.00180443 0.00184367
0.00132878 0.00140603 0.00139621
0.00193151 0.00188815 0.00166885
0.00111681 0.00107899 0.00112792
0.00152314 0.00158732 0.00131331
0.00168786 0.00129154 0.00155781
0.00150822 0.00150798 0.00152115
0.00184067 0.00168019 0.00256378
0.00131852 0.00133182 0.00116956
0.00128776 0.00181055 0.00132315
0.0012615 0.00134693 0.00147306
0.00175975 0.00172422 0.00193076
0.00133622 0.00141211 0.00149036
0.00135428 0.00149673 0.00203067
0.00194117 0.00209443 0.00160974
0.00220613 0.00203325 0.00196499
0.00105454 0.00208567 0.00221533
0.00109122 0.00143261 0.00140293
0.00170721 0.00154942 0.00156566
0.0025285 0.00192485 0.0015879
0.00157055 0.00184793 0.00191942
0.00229594 0.00147197 0.00269346
0.00239567 0.00148196 0.0014607
0.00208587 0.00202569 0.001746
0.00141432 0.00148174 0.00175833
0.00257748 0.00192284 0.00207443
0.00172325 0.00131685 0.00108044
0.00182642 0.00181436 0.00174084
0.00142624 0.00211311 0.00168397
0.00178434 0.00207168 0.00265028
0.00151111 0.0021486 0.00222888
0.00112188 0.0015633 0.0013719
0.00257788 0.00209123 0.00198369
0.00139481 0.00117347 0.00245442
0.00170631 0.00148027 0.00143005
0.00213042 0.00241429 0.00252466
0.00112423 0.00125141 0.00153632
0.00162623 0.00128749 0.00209706
0.00100495 0.00141844 0.0012861
0.00103774 0.00111088 0.00125343
0.0013129 0.00135152 0.00139387
0.00149368 0.00179155 0.00172192
0.00139258 0.00131348 0.00122503
0.00167341 0.000895368 0.00139672
0.00125537 0.00132742 0.00127749
0.00103447 0.00152605 0.00128991
0.00150878 0.00144967 0.00125455
0.0013065 0.00214352 0.00220244
0.00105342 0.00127803 0.00121625
0.00143291 0.00150255 0.00122522
0.00133589 0.00146693 0.00132275
0.00095897 0.00186497 0.001516
0.00137986 0.00147488 0.00151486
0.00115337 0.00110115 0.000991328
0.00141299 0.00120693 0.00106535
0.00114069 0.00185062 0.00115995
0.00092001 0.00103105 0.00105359
0.00144275 0.00138821 0.00170542
0.00116501 0.00162467 0.00116593
0.00151474 0.00136106 0.00163071
0.00118086 0.00115278 0.00145601
0.00180662 0.00135965 0.0012038
0.00103297 0.00163512 0.00183412
0.00172603 0.00105798 0.00164463
0.00116551 0.0012595 0.00137182
0.00185128 0.00151832 0.00179164
0.00217483 0.00138773 0.00157055
0.00194729 0.00110894 0.0012668
0.00163703 0.00148255 0.00160985
0.00275507 0.0014401 0.00141993
0.00224126 0.00141015 0.00112308
0.00112952 0.00139789 0.00140363
0.00173759 0.00230396 0.00188124
0.00148832 0.00128316 0.00154719
0.00183714 0.00233563 0.00229982
0.00114386 0.00171604 0.00112728
0.00119006 0.00126453 0.0012662
0.00187295 0.0016684 0.00168406
0.00146301 0.0014997 0.00140871
0.00159668 0.00119803 0.00184957
0.00249519 0.00108948 0.000907526
0.00140482 0.00158619 0.00114553
0.00190104 0.00144194 0.00163451
0.00160683 0.00218679 0.00221512
0.00191666 0.00137569 0.00152842
0.00247268 0.00203608 0.0019548
0.0017979 0.00216087 0.00205507
0.00216287 0.00196182 0.00249934
0.0013493 0.00157751 0.0016899
0.00164999 0.00303762 0.00224962
0.00214245 0.00121526 0.00137647
0.00193331 0.000983829 0.000679829
0.00173242 0.0011582 0.00123354
0.00169766 0.00157988 0.00198775
0.0016069 0.00196895 0.00192579
0.00168293 0.00184631 0.0016104
0.00151905 0.00161639 0.0018212
0.00202841 0.00181612 0.00197256
0.00216803 0.00145656 0.00198659
0.00248953 0.00163082 0.00168536
0.00223526 0.00223156 0.00184776
0.00178462 0.00124595 0.00108746
0.00260157 0.00212847 0.00270835
0.0013093 0.0019213 0.0018608
0.00218906 0.00224739 0.00165158
0.00248206 0.00268002 0.00241906
0.00258084 0.00207801 0.00235469
0.00174433 0.00211583 0.00180325
0.00137701 0.00162739 0.00200753
0.00165484 0.0015043 0.00227337
0.00202238 0.00201363 0.00178806
0.0018072 0.0011091 0.00145678
0.00161714 0.0017001 0.00139177
0.00178097 0.00196113 0.00171212
0.00233807 0.00234358 0.00255509
0.00190192 0.00142474 0.00175616
0.0010356 0.00220668 0.00159417
0.00174429 0.00200429 0.00207067
0.00170338 0.00142014 0.00142699
0.00169436 0.00213278 0.00170181
0.00307805 0.00164114 0.00195536
0.00177656 0.001286 0.00206041
0.00158027 0.00183065 0.00189179
0.00141754 0.00123754 0.00112359
0.00153558 0.00144471 0.00196364
0.00212349 0.00196629 0.00122604
0.00181117 0.00208839 0.00185801
0.00219665 0.00181562 0.00186683
0.00297685 0.00179904 0.0016316
0.00132435 0.00191273 0.00232733
0.00265187 0.00277436 0.00263427
0.00239289 0.00237912 0.00245099
0.00195459 0.0017621 0.00218922
0.00331838 0.00232216 0.00291536
0.00240404 0.00156846 0.00233537
0.00108031 0.00143519 0.00112473
0.0019682 0.00110317 0.00218388
0.00198053 0.00226124 0.00243307
0.00187553 0.00387661 0.0028065
0.00212974 0.00144433 0.00149322
0.00249468 0.00140007 0.00261457
0.00185935 0.00199602 0.00193103
0.00252491 0.00234726 0.0027472
0.00149376 0.00167367 0.00175763
0.00157223 0.00191838 0.00242323
0.00203454 0.00215282 0.00205418
0.0015678 0.0021155 0.00205782
0.00153191 0.00134579 0.00208285
0.00187373 0.0017472 0.00229442
0.00204121 0.00234266 0.00245131
0.00252792 0.00290746 0.0029989
0.00240297 0.00254798 0.00291647
0.00241548 0.00212324 0.00419748
0.00202361 0.00300365 0.00189365
0.00218737 0.00163423 0.00186087
0.00278971 0.00183936 0.00225981
0.00209944 0.00219588 0.00171922
0.0018276 0.00145902 0.00151112
0.00207221 0.0031803 0.00294009
0.00208888 0.00163947 0.00173178
0.00254832 0.00286583 0.00262609
0.00363255 0.00264084 0.00215628
0.00187331 0.00200225 0.00285357
0.00152977 0.0017929 0.00183867
0.000966078 0.00144302 0.00132791
0.00227414 0.00225988 0.00247254
0.00268984 0.00247979 0.00261502
0.00170432 0.00189992 0.00182115
0.00184143 0.00187686 0.00159797
0.00216051 0.00174798 0.00166388
0.00175375 0.00298948 0.00303069
0.0019974 0.00223269 0.00185528
0.00223136 0.00224866 0.00206439
0.00189382 0.00188611 0.00138298
0.003072 0.00240788 0.00264282
0.00155512 0.00277671 0.00218313
0.00215618 0.00326107 0.00346015
0.00317348 0.00277752 0.00298566
0.00205784 0.00292564 0.00253245
0.0022469 0.00314139 0.00285687
0.00231221 0.00292102 0.0023104
0.00240262 0.0030978 0.00287423
0.00309185 0.00340829 0.00336844
0.00317786 0.00263439 0.00312807
0.00236149 0.00284501 0.00282022
0.00261159 0.00357929 0.00345522
0.00272664 0.00276713 0.00262829
0.00189251 0.00279117 0.00233291
0.00329897 0.00243304 0.0021627
0.00237025 0.00189661 0.00184018
0.00148731 0.00249736 0.00134347
0.00218764 0.00247793 0.00234686
0.00262866 0.00218036 0.00256403
0.00287044 0.00253983 0.00234955
0.00350805 0.00339905 0.00338191
0.00314816 0.00243455 0.00266977
0.00292874 0.00287065 0.00313655
0.00294011 0.00275596 0.00276811
0.0038626 0.00388929 0.00330138
0.00304367 0.00302408 0.00301147
0.00193141 0.00304949 0.00267472
0.00226793 0.00296081 0.00308375
0.0031206 0.00248808 0.00255558
0.0022088 0.00315223 0.0034067
0.00277253 0.00329246 0.00350208
0.00273485 0.00206174 0.00269363
0.0028945 0.00291594 0.00323752
0.00266295 0.00291735 0.00228885
0.00269851 0.00263547 0.0022033
0.003148 0.00285284 0.00237925
0.00309356 0.00251703 0.00283955
0.00296203 0.00366362 0.00285182
0.00302359 0.00329727 0.00329555
0.00260847 0.00203327 0.00221557
0.00220155 0.00209881 0.00202544
0.00408358 0.00328008 0.00328861
0.00324887 0.00298075 0.00276092
0.00281266 0.00273808 0.00281618
0.0023301 0.00218915 0.00268532
0.00158661 0.00279993 0.00219721
0.00248791 0.00205141 0.00301165
0.00232059 0.0027614 0.00260629
0.00236538 0.0029535 0.00228557
0.00214753 0.00275816 0.00265257
0.00199889 0.00236456 0.00216324
0.00224671 0.00255419 0.00214317
0.00242345 0.00304935 0.00311698
0.00233927 0.00189509 0.00179175
0.00314606 0.00252945 0.00244088
0.002416 0.0016766 0.00155828
0.00242224 0.00241217 0.0024249
0.00244947 0.00201953 0.00262835
0.00228335 0.00302104 0.00286699
0.00199705 0.00285315 0.0031786
0.0027543 0.0023787 0.00229431
0.00264485 0.004023 0.00330528
0.00262471 0.00213503 0.00216228
0.00312789 0.00317432 0.0026963
0.00309356 0.00250512 0.00216198
0.00246181 0.00266265 0.00235091
0.00214013 0.00145386 0.00231937
0.00280784 0.00289078 0.0022986
0.00224332 0.0023433 0.00259429
0.00255325 0.00265368 0.00256364
0.00274779 0.00334156 0.00330654
0.0034082 0.00261651 0.00279894
0.00250976 0.00216332 0.00215076
0.00263633 0.00301602 0.00332606
0.00262268 0.00264041 0.00244104
0.00307116 0.00285506 0.00249617
0.00338675 0.00329545 0.00358343
0.00278448 0.00224905 0.00264537
0.00259471 0.00318635 0.00388923
0.00314056 0.0035371 0.00372797
0.00356939 0.00290479 0.00372354
0.00308699 0.00236944 0.00269371
0.00129281 0.00247586 0.00272545
0.00235305 0.00268143 0.00210541
0.00200143 0.00199567 0.00130402
0.00309052 0.00281335 0.00338378
0.00264791 0.0031445 0.00254626
0.00273716 0.00294472 0.00273048
0.00270674 0.00225691 0.00264027
0.00231167 0.00278231 0.00241765
0.00255121 0.0023045 0.00258102
0.00233762 0.00186527 0.0014166
0.00193129 0.00287578 0.00145278
0.00154503 0.00236027 0.00153407
0.00195554 0.00109024 0.00249335
0.00220121 0.00264857 0.00264578
0.00286957 0.00248322 0.00313146
0.00230368 0.00225361 0.00227174
0.0031648 0.00288638 0.00350193
0.0018274 0.00267688 0.00273592
0.00204338 0.00285526 0.00276025
0.00252197 0.00288168 0.00292722
0.00282995 0.0024384 0.00219648
0.00216912 0.00221438 0.00223128
0.0027134 0.0027459 0.00195195
0.00262935 0.00294979 0.00276842
0.00253235 0.00288023 0.00259537
0.00326305 0.00305083 0.00311546
0.00178187 0.00181943 0.00187744
0.00241075 0.00316088 0.0020154
0.00304215 0.00233144 0.00293196
0.0022813 0.00227529 0.00215123
0.00268283 0.00190729 0.0019782
0.00319822 0.00288897 0.0030332
0.00264021 0.00209232 0.00224698
0.00207812 0.00172617 0.00203655
0.00208162 0.00253374 0.00257802
0.00189184 0.00251451 0.00234116
0.0020479 0.00283266 0.00292166
0.00211191 0.00279637 0.00259435
0.00178573 0.00214785 0.00271292
0.00158311 0.00294237 0.00292205
0.00260134 0.00234094 0.00246193
0.00249623 0.00221841 0.0027558
0.00194271 0.00222379 0.00238714
0.00219101 0.00191148 0.00179105
0.00170838 0.00188131 0.00218783
0.00196418 0.00257339 0.00234871
0.00171261 0.00306387 0.00326818
0.00190192 0.00136617 0.00114341
0.00301808 0.00223141 0.00189782
0.00283073 0.0028395 0.00274883
0.00227365 0.00153682 0.0015942
0.0022447 0.00137434 0.00129727
0.00172695 0.00234345 0.00135694
0.0024073 0.00294375 0.0029358
0.00221813 0.00279105 0.00287492
0.00257964 0.00246435 0.00253474
0.00290302 0.00274165 0.00283226
0.00253522 0.00213209 0.00203968
0.00277515 0.00251885 0.00233904
0.00289722 0.00306765 0.00301797
0.00228521 0.00204502 0.0030677
0.00253386 0.00277299 0.00277579
0.00188987 0.0026706 0.00239839
0.00214612 0.0025552 0.00241352
0.00238283 0.00171143 0.00195737
0.00186189 0.00213251 0.00250771
0.00211128 0.00230416 0.00300816
0.00154088 0.00190622 0.00186396
0.00250034 0.00192114 0.00261742
0.00213579 0.00219943 0.00225334
0.00199136 0.00299227 0.00224574
0.00226005 0.00218707 0.00207562
0.00259952 0.00285258 0.0027854
0.00272073 0.00231043 0.00246962
0.00217621 0.00207504 0.00196773
0.00273009 0.00281075 0.00278474
0.00189921 0.00281735 0.00249093
0.0025209 0.00241266 0.00288775
0.00228239 0.00253348 0.00275663
0.00277216 0.00254556 0.00248634
0.00391095 0.00271129 0.00291977
0.00248048 0.00202855 0.00265173
0.00229728 0.00277323 0.00287001
0.00214777 0.00247066 0.00200331
0.00277036 0.0022226 0.00282343
0.00207857 0.00259641 0.00180189
0.00289259 0.00214797 0.0020947
0.00206161 0.00150387 0.00124541
0.00214026 0.0018297 0.0019012
0.00175339 0.00163149 0.00183886
0.00176664 0.00179222 0.00138
0.00173207 0.0023317 0.0018952
0.00174795 0.002079 0.00198303
0.00300411 0.00231296 0.00340403
0.00200239 0.00200917 0.00197522
0.00176109 0.00232087 0.00236639
0.00290954 0.00238438 0.00284526
0.00266433 0.00247956 0.00208356
0.00174789 0.00190115 0.00187859
0.00190607 0.00264832 0.00284916
0.00240914 0.00242498 0.00246987
0.00227625 0.0025315 0.00250466
0.00252998 0.00257981 0.00204537
0.00209753 0.00193334 0.00263764
0.00217599 0.00273753 0.00185664
0.00220559 0.00175784 0.00223972
0.00246651 0.00251514 0.00243966
0.00203373 0.00241561 0.00279139
0.00234312 0.00234259 0.00310295
0.00246169 0.00286072 0.00294103
0.00196391 0.00178618 0.00123716
0.00202046 0.00269959 0.00267936
0.00197674 0.00198619 0.00188939
0.00285775 0.00296153 0.00288641
0.00244485 0.00307299 0.00307697
0.00199399 0.00220821 0.00308193
0.00162633 0.00253308 0.00310744
0.00212645 0.00175045 0.00202578
0.00243549 0.00212809 0.00146247
0.00212254 0.00221616 0.0016165
0.00189972 0.00248807 0.00234508
0.00174912 0.0016432 0.00179222
0.00204223 0.00298208 0.0029419
0.00176264 0.002584 0.0026025
0.00187217 0.00206567 0.00164941
0.00164743 0.00265693 0.00252131
0.00208484 0.00227019 0.00268202
0.00190187 0.0023185 0.00184651
0.00239737 0.00257854 0.00202307
0.00254409 0.00173844 0.00176569
0.00208703 0.00175307 0.00201324
0.00187108 0.00181668 0.00198001
0.0025113 0.00223656 0.00225492
0.00223047 0.00210188 0.00276486
0.00219881 0.00223531 0.00182805
0.00255617 0.00244626 0.00245672
0.0024572 0.00306353 0.00240435
0.00184754 0.0024208 0.00259949
0.00258784 0.00191038 0.0022106
0.00179445 0.00201045 0.00194012
0.00151147 0.00237867 0.00230864
0.00281935 0.00274369 0.00245713
0.00218789 0.00139513 0.00152189
0.00225023 0.00158865 0.00152965
0.00221819 0.00182081 0.00250129
0.00223425 0.00266251 0.00224178
0.00235032 0.00257871 0.0022693
0.0018757 0.00222465 0.00229898
0.00188416 0.00209281 0.00235181
0.00159204 0.00190776 0.00115936
0.00193486 0.00204453 0.00208668
0.00190518 0.00156023 0.00137778
0.00187545 0.00170842 0.0013958
0.00146412 0.00181302 0.00160568
0.00185601 0.00169614 0.00293532
0.0019413 0.00175283 0.00220512
0.00191562 0.00204565 0.00202781
0.00110485 0.00127555 0.00135766
0.00164564 0.00154508 0.0013279
0.0019914 0.00232489 0.00245424
0.00163525 0.00183909 0.00169246
0.00146934 0.00264 0.00237745
0.00165992 0.0026469 0.00275028
0.0012608 0.00154758 0.00161873
0.00203575 0.00124451 0.00146724
0.00232258 0.00300087 0.0026356
0.00276007 0.00212077 0.00239333
0.00199232 0.00173964 0.00196312
0.0016517 0.00250516 0.00295981
0.00169416 0.00187246 0.00175382
0.00361576 0.00202895 0.001691
0.00132451 0.00228823 0.00227933
0.00141626 0.00211579 0.00202009
0.00206579 0.00180991 0.00237038
0.00158134 0.00150274 0.00152284
0.00160969 0.00200523 0.00205149
0.00206818 0.00156093 0.00228032
0.00166342 0.0019728 0.00183143
0.00216668 0.00198747 0.00163584
0.00221597 0.00166491 0.00159276
0.00223321 0.0026758 0.00249788
0.00207226 0.00198801 0.00220456
0.00149411 0.00171236 0.00168718
0.00187689 0.00193533 0.00185214
0.00176239 0.00163999 0.00165243
0.00139284 0.00208234 0.00133433
0.00175666 0.00131045 0.0012685
0.00166671 0.00158809 0.00170703
0.0016011 0.00171438 0.00186099
0.00159397 0.00160993 0.00143351
0.00180657 0.00193759 0.00178025
0.00200772 0.00210946 0.00166865
0.00194411 0.00148987 0.00145646
0.00192829 0.00168819 0.00187066
0.00199733 0.00227923 0.00258887
0.0016243 0.00177055 0.0018658
