1.04444 1.05015 1.07134
1.08953 1.06501 1.06409
1.04919 1.04907 1.05067
1.07003 1.07004 1.08393
1.05648 1.063 1.05682
1.07573 1.07571 1.07225
1.06148 1.0722 1.06131
1.07801 1.08143 1.06685
1.07703 1.0654 1.06991
1.12443 1.12134 1.05061
1.07044 1.07607 1.06394
1.08098 1.07969 1.05305
1.0685 1.06684 1.06547
1.06902 1.11441 1.07893
1.08604 1.06928 1.07187
1.09633 1.10989 1.06253
1.09227 1.06051 1.0821
1.15422 1.15421 1.0941
1.09452 1.05983 1.08603
1.07734 1.07774 1.07229
1.07353 1.08774 1.06421
1.09149 1.09229 1.11318
1.06561 1.08977 1.06663
1.07742 1.07741 1.09312
1.09507 1.12973 1.1163
1.12372 1.09102 1.08346
1.09365 1.10863 1.12903
1.06521 1.10586 1.09078
1.07006 1.07939 1.12873
1.06656 1.06859 1.0693
1.07357 1.07813 1.12126
1.09698 1.08252 1.11576
1.10857 1.08201 1.13145
1.09365 1.10518 1.07169
1.12467 1.10837 1.10066
1.08183 1.08185 1.08193
1.07914 1.07914 1.12268
1.07794 1.11156 1.08624
1.10053 1.17005 1.14879
1.08042 1.18639 1.1207
1.13353 1.13353 1.10912
1.17572 1.13792 1.07817
1.21218 1.09661 1.16425
1.10962 1.17568 1.09783
1.12826 1.21254 1.10934
1.08043 1.0817 1.08326
1.2113 1.08628 1.08492
1.12095 1.0855 1.08423
1.22406 1.14462 1.19146
1.08534 1.09941 1.10382
1.16842 1.12747 1.08868
1.11886 1.10929 1.18003
1.12037 1.14931 1.21981
1.11685 1.09099 1.08999
1.32349 1.30788 1.18171
1.13633 1.10811 1.10307
1.09268 1.09281 1.09508
1.09331 1.11426 1.12533
1.09688 1.10626 1.18578
1.09326 1.09427 1.09475
1.09526 1.09523 1.09238
1.1426 1.16151 1.20874
1.17924 1.17918 1.14683
1.12148 1.10476 1.10238
1.16339 1.09396 1.18543
1.0946 1.09219 1.09193
1.15676 1.09286 1.09149
1.08517 1.08566 1.08682
1.20462 1.23013 1.10709
1.08708 1.08489 1.08524
1.08894 1.08696 1.08818
1.18979 1.09317 1.08705
1.08866 1.24916 1.11889
1.08828 1.08659 1.08727
1.13918 1.12224 1.08765
1.08886 1.0896 1.08858
1.08689 1.09225 1.10992
1.09024 1.09099 1.08941
1.21948 1.08877 1.13575
1.09059 1.09081 1.092
1.09219 1.10313 1.15036
1.08835 1.08875 1.08794
1.0944 1.09156 1.1537
1.09063 1.09154 1.09308
1.19777 1.09018 1.154
1.09109 1.09273 1.08895
1.08935 1.08937 1.08759
1.10664 1.10663 1.10701
1.22512 1.08785 1.21813
1.09267 1.09241 1.10526
1.0871 1.12287 1.19688
1.08544 1.08645 1.08784
1.103 1.08905 1.1675
1.08441 1.08507 1.08469
1.15552 1.09556 1.1153
1.0854 1.08579 1.08508
1.08422 1.08473 1.08813
1.09689 1.09689 1.08534
1.08436 1.1582 1.12224
1.08311 1.08356 1.08608
1.08443 1.10079 1.19744
1.09493 1.12798 1.08225
1.0827 1.18829 1.08763
1.09859 1.09859 1.08763
1.32631 1.16798 1.10012
1.08423 1.08338 1.10392
1.08412 1.12132 1.11041
1.08427 1.08505 1.08348
1.16941 1.08488 1.12459
1.08511 1.10314 1.08491
1.14194 1.11804 1.09316
1.08463 1.08645 1.08611
1.09814 1.15941 1.08333
1.09089 1.14323 1.08837
1.24914 1.08563 1.08591
1.08762 1.08428 1.0847
1.22753 1.08565 1.12129
1.08495 1.08651 1.08568
1.15067 1.13372 1.23799
1.08506 1.08531 1.08491
1.15714 1.08454 1.08551
1.08572 1.08495 1.08536
1.08479 1.08681 1.08542
1.08676 1.09111 1.08494
1.12846 1.11377 1.15276
1.08503 1.08673 1.08335
1.08376 1.16378 1.0832
1.0849 1.08609 1.08353
1.15946 1.10967 1.09923
1.23919 1.27401 1.0827
1.11658 1.15583 1.15294
1.08542 1.08524 1.08393
1.13221 1.08274 1.07989
1.08591 1.13941 1.10467
1.08357 1.1283 1.14741
1.08452 1.11243 1.08327
1.10864 1.08277 1.15889
1.08419 1.08461 1.0823
1.08538 1.16489 1.21623
1.08412 1.08517 1.08407
1.09133 1.08351 1.15955
1.09399 1.08539 1.08432
1.15593 1.16986 1.08596
1.08157 1.08344 1.08221
1.20534 1.17362 1.08341
1.08514 1.08461 1.11299
1.08306 1.08305 1.0823
1.08475 1.17521 1.08593
1.08378 1.13444 1.14646
1.08279 1.08464 1.08368
1.08282 1.12832 1.08344
1.08149 1.08235 1.08279
1.08142 1.08854 1.09385
1.08156 1.0818 1.08134
1.22996 1.11595 1.0836
1.09147 1.08795 1.10063
1.1596 1.08069 1.08104
1.08304 1.08311 1.08065
1.10755 1.10698 1.15401
1.08215 1.08226 1.08251
1.08361 1.19498 1.0865
1.08284 1.08138 1.08005
1.08123 1.08124 1.08258
1.08258 1.08034 1.08093
1.08402 1.08132 1.0823
1.10312 1.08404 1.08176
1.0802 1.11581 1.08027
1.07981 1.13044 1.08059
1.08144 1.1024 1.0827
1.08537 1.0865 1.08435
1.11453 1.0968 1.19618
1.09243 1.08632 1.08457
1.08351 1.08351 1.08456
1.08606 1.08658 1.10161
1.16302 1.08458 1.08601
1.08359 1.0837 1.08578
1.08615 1.0862 1.10481
1.08789 1.08617 1.08516
1.09743 1.15563 1.32374
1.1694 1.0878 1.08772
1.11322 1.17053 1.09101
1.08825 1.08801 1.08741
1.17937 1.14983 1.20968
1.09277 1.08916 1.08856
1.09194 1.09194 1.11799
1.09031 1.0897 1.08858
1.09314 1.29121 1.14526
1.09503 1.092 1.08966
1.19509 1.11271 1.09469
1.28003 1.09508 1.09155
1.09378 1.0937 1.09682
1.09147 1.29987 1.12385
1.09594 1.12291 1.09649
1.09515 1.09519 1.10514
1.15693 1.15052 1.09842
1.09112 1.09119 1.09451
1.12032 1.08965 1.09572
1.08773 1.0881 1.13362
1.15969 1.1228 1.15535
1.23798 1.13716 1.08659
1.09145 1.15173 1.09874
1.13782 1.08849 1.0912
1.09112 1.09059 1.09425
1.09066 1.0912 1.08971
1.10409 1.09476 1.09537
1.09323 1.09504 1.13225
1.14449 1.09643 1.11051
1.094 1.09174 1.14336
1.09303 1.0919 1.09462
1.09361 1.09645 1.09354
1.15916 1.09151 1.09357
1.09344 1.09315 1.09338
1.08826 1.26863 1.09303
1.08896 1.09617 1.08869
1.08942 1.1506 1.13859
1.08878 1.08885 1.08916
1.09044 1.1307 1.10655
1.10727 1.10953 1.10543
1.08698 1.0893 1.13098
1.12927 1.09583 1.12724
1.12306 1.09278 1.10585
1.09977 1.20606 1.11754
1.0933 1.16695 1.19116
1.19152 1.09429 1.08963
1.09288 1.09292 1.1054
1.11559 1.09059 1.09221
1.08658 1.08962 1.09293
1.09795 1.08819 1.08878
1.09219 1.09501 1.10765
1.09188 1.09163 1.09061
1.08873 1.0871 1.09927
1.09112 1.09631 1.08733
1.1603 1.08968 1.08614
1.09098 1.09377 1.09651
1.10903 1.08941 1.12407
1.12389 1.10813 1.0935
1.10658 1.13082 1.09088
1.12823 1.0958 1.09057
1.13876 1.18476 1.19014
1.14235 1.14233 1.35278
1.09199 1.09187 1.09584
1.15027 1.15024 1.09619
1.09996 1.08868 1.0928
1.09014 1.08864 1.09108
1.0941 1.09422 1.13988
1.08983 1.08956 1.08924
1.08474 1.08529 1.2021
1.08812 1.08851 1.08966
1.08839 1.11461 1.15014
1.13963 1.11348 1.1099
1.08611 1.08679 1.08895
1.11022 1.11019 1.08876
1.13679 1.15293 1.1528
1.08757 1.09103 1.09048
1.14551 1.09384 1.14662
1.14195 1.14195 1.12429
1.09199 1.16941 1.09227
1.24674 1.13518 1.08718
1.10225 1.08624 1.09804
1.09612 1.09614 1.20527
1.09642 1.09642 1.09201
1.15852 1.32166 1.17958
1.08612 1.08688 1.09143
1.12748 1.12748 1.21226
1.09217 1.16423 1.15626
1.10222 1.10225 1.14796
1.08431 1.08409 1.13466
1.08689 1.08791 1.08527
1.13498 1.09864 1.09524
1.122 1.12202 1.09263
1.1131 1.08637 1.08747
1.11234 1.08487 1.13045
1.10042 1.09133 1.19253
1.12055 1.11986 1.14541
1.24418 1.12069 1.09378
1.12888 1.12886 1.16732
1.10285 1.10264 1.12829
1.13019 1.13016 1.14311
1.08488 1.08533 1.09263
1.10954 1.10954 1.09031
1.17437 1.09762 1.11047
1.15689 1.1569 1.17779
1.09031 1.10058 1.08536
1.11723 1.11727 1.21011
1.0866 1.08624 1.0869
1.11027 1.11114 1.08379
1.07998 1.08083 1.08496
1.13163 1.13163 1.49763
1.19579 1.08414 1.08474
1.11543 1.11543 1.18025
1.08539 1.0844 1.17772
1.12918 1.09144 1.16349
1.18695 1.14171 1.0847
1.10114 1.10116 1.2144
1.10897 1.1632 1.19407
1.13616 1.10269 1.14606
1.08972 1.1984 1.09358
1.09557 1.09554 1.19123
1.0902 1.09096 1.0993
1.10041 1.10041 1.11424
1.08223 1.08857 1.09408
1.08805 1.09364 1.09038
1.08274 1.08333 1.0837
1.16536 1.16866 1.17932
1.08035 1.08353 1.08427
1.128 1.12798 1.10497
1.10019 1.20773 1.09194
1.11836 1.11837 1.13766
1.11209 1.12254 1.09108
1.09082 1.09081 1.14024
1.12871 1.11639 1.08544
1.15117 1.15119 1.18431
1.10258 1.08923 1.09272
1.10384 1.10384 1.09055
1.20883 1.12964 1.09043
1.12072 1.12078 1.32934
1.11881 1.09487 1.08559
1.12835 1.12835 1.09497
1.33272 1.0886 1.08583
1.09444 1.0943 1.12517
1.13097 1.08567 1.17496
1.08348 1.08328 1.247
1.09014 1.08286 1.10426
1.12145 1.12149 1.15035
1.09224 1.09153 1.10166
1.12774 1.12774 1.1112
1.10677 1.0934 1.08243
1.11704 1.21361 1.12704
1.08508 1.14795 1.09902
1.11975 1.11975 1.45133
1.08565 1.09362 1.11265
1.12045 1.1204 1.08801
1.08848 1.07965 1.08071
1.11089 1.14183 1.13032
1.08241 1.08576 1.08385
1.09557 1.09555 1.15398
1.08637 1.08532 1.11812
1.0996 1.09942 1.13845
1.09205 1.19155 1.12219
1.10547 1.10439 1.19485
1.08626 1.08532 1.09178
1.09157 1.09141 1.08814
1.08882 1.08515 1.08687
1.10836 1.10731 1.0879
1.08753 1.08277 1.08566
1.08567 1.08543 1.14733
1.10633 1.10634 1.17058
1.11305 1.11303 1.21929
1.08187 1.09831 1.07974
1.09985 1.09984 1.27373
1.0781 1.0782 1.10801
1.08216 1.08324 1.08628
1.12101 1.09411 1.12789
1.14011 1.14031 1.15267
1.39346 1.08422 1.07697
1.08012 1.08264 1.08658
1.09705 1.07803 1.0938
1.17246 1.17265 1.09585
1.07817 1.09919 1.13143
1.09961 1.109 1.13458
1.11717 1.11719 1.07678
1.10869 1.10868 1.40998
1.07971 1.17018 1.11363
1.34182 1.12019 1.12147
1.07549 1.07554 1.16022
1.10003 1.10001 1.08593
1.09205 1.09155 1.07982
1.10133 1.10122 1.08401
1.07817 1.10012 1.07692
1.11983 1.11981 1.19586
1.08224 1.09844 1.08632
1.11267 1.11267 1.1477
1.08086 1.07728 1.08264
1.16187 1.07908 1.13057
1.09267 1.07701 1.07942
1.12266 1.12276 1.10375
1.09345 1.16364 1.0798
1.18117 1.24491 1.14012
1.08026 1.08015 1.11398
1.15769 1.1051 1.08905
1.07833 1.12509 1.08034
1.07707 1.19977 1.10227
1.07879 1.10452 1.16611
1.08466 1.08466 1.08451
1.11976 1.12613 1.08183
1.08589 1.08592 1.08497
1.51502 1.07893 1.115
1.08054 1.08098 1.08534
1.10731 1.17346 1.09083
1.08126 1.08126 1.335
1.0854 1.07866 1.08142
1.07803 1.07864 1.08105
1.12306 1.08029 1.08127
1.08126 1.09298 1.07991
1.08023 1.14628 1.08119
1.07888 1.07948 1.18636
1.08022 1.13091 1.08859
1.12035 1.11984 1.08632
1.07879 1.16021 1.08127
1.07979 1.2474 1.14136
1.07961 1.09491 1.1001
1.18827 1.1882 1.09557
1.08508 1.10824 1.0814
1.08265 1.1431 1.08543
1.11142 1.08105 1.0816
1.09411 1.09422 1.08688
1.13264 1.16998 1.23528
1.14011 1.14033 1.08984
1.09834 1.07794 1.09609
1.11634 1.10838 1.10997
1.08524 1.07979 1.08186
1.16629 1.15635 1.10684
1.15628 1.07667 1.08225
1.08394 1.08397 1.12855
1.12269 1.10792 1.08006
1.0807 1.08083 1.09302
1.08155 1.08167 1.13318
1.08 1.07994 1.14675
1.15018 1.07408 1.07495
1.07626 1.07624 1.09229
1.08265 1.18092 1.09103
1.08323 1.08322 1.0853
1.08148 1.08073 1.07929
1.11729 1.11729 1.08718
1.16713 1.13448 1.14552
1.0792 1.07914 1.08231
1.08423 1.09225 1.09754
1.07295 1.13881 1.16088
1.07103 1.08623 1.07259
1.18383 1.18434 1.17196
1.08226 1.07944 1.07406
1.07485 1.07503 1.07673
1.08119 1.07548 1.07638
1.07426 1.08509 1.07713
1.10092 1.10416 1.07221
1.07555 1.07556 1.08694
1.09747 1.10054 1.07304
1.08626 1.21845 1.08031
1.11212 1.15506 1.09535
1.0767 1.07678 1.09776
1.08198 1.08078 1.07849
1.07341 1.07392 1.09
1.08261 1.08572 1.07537
1.07979 1.07977 1.10866
1.14929 1.1516 1.16827
1.07485 1.0739 1.07799
1.15 1.14233 1.137
1.08385 1.08385 1.11236
1.08804 1.10975 1.07798
1.11323 1.11321 1.20819
1.10817 1.07625 1.11614
1.07743 1.12778 1.15821
1.12848 1.08116 1.13268
1.08148 1.08146 1.08268
1.08189 1.07788 1.08024
1.09117 1.08986 1.11027
1.09972 1.08052 1.07794
1.13824 1.13859 1.10972
1.08534 1.0952 1.07974
1.08422 1.08422 1.09788
1.07893 1.07486 1.07403
1.09488 1.09494 1.09138
1.0954 1.07519 1.10367
1.13034 1.13033 1.09786
1.08213 1.08916 1.07921
1.07903 1.07903 1.08075
1.08218 1.08695 1.07909
1.07633 1.07602 1.08115
1.08331 1.09427 1.07985
1.08804 1.08813 1.08563
1.08224 1.08238 1.07887
1.13072 1.1307 1.08565
1.08273 1.07481 1.07579
1.07807 1.07656 1.07555
1.11243 1.09418 1.17054
1.14878 1.1489 1.08893
1.10737 1.11047 1.10482
1.07744 1.07845 1.10333
1.14634 1.09276 1.12556
1.09027 1.09016 1.15132
1.08393 1.09604 1.08037
1.34515 1.34518 1.11845
1.09033 1.09303 1.10651
1.08596 1.08625 1.0857
1.10273 1.10271 1.08954
1.11739 1.08517 1.08548
1.08728 1.19325 1.09256
1.30841 1.30845 1.09917
1.11515 1.09703 1.11777
1.08272 1.08263 1.08095
1.15175 1.10602 1.12202
1.0855 1.08555 1.09356
1.08846 1.09379 1.10546
1.16077 1.16077 1.11123
1.1523 1.08591 1.08208
1.07782 1.07762 1.07811
1.10043 1.08182 1.07865
1.07478 1.07615 1.07648
1.07918 1.20114 1.08031
1.09736 1.07456 1.07449
1.08031 1.08027 1.12598
1.11463 1.15556 1.10328
1.07275 1.08716 1.10978
1.07575 1.07547 1.07156
1.09099 1.0752 1.07645
1.07451 1.0782 1.07799
1.10187 1.11345 1.11094
1.08497 1.08603 1.17922
1.0961 1.08021 1.11188
1.0832 1.08087 1.08182
1.08771 1.08752 1.09097
1.08643 1.08372 1.1594
1.155 1.11732 1.13261
1.07903 1.08698 1.09045
1.08989 1.07891 1.1
1.08826 1.08756 1.09362
1.09006 1.07037 1.09337
1.09631 1.07388 1.06346
1.06483 1.06484 1.05956
1.06259 1.06553 1.06949
1.06051 1.09316 1.08648
1.07994 1.07994 1.06346
1.09032 1.09067 1.06842
1.08532 1.08535 1.06964
1.07333 1.08174 1.07001
1.09304 1.09203 1.13039
1.07584 1.09389 1.09236
1.07446 1.07352 1.07168
1.08518 1.07884 1.07996
1.07292 1.07335 1.07161
1.08156 1.0769 1.13997
1.08094 1.08378 1.08869
1.07965 1.1099 1.16563
1.07302 1.13465 1.13501
1.09333 1.09677 1.08796
1.0858 1.08566 1.0861
1.12626 1.11033 1.22698
1.08222 1.21558 1.07901
1.08526 1.07824 1.0773
1.08664 1.08951 1.08391
1.08283 1.08378 1.08093
1.07364 1.07059 1.07186
1.07331 1.08131 1.07828
1.13824 1.14193 1.06925
1.10739 1.08939 1.08684
1.07621 1.07604 1.09622
1.08996 1.11112 1.1251
1.07899 1.08053 1.08706
1.0779 1.0768 1.09884
1.12754 1.09901 1.15261
1.12831 1.14191 1.15096
1.08181 1.07837 1.07897
1.10641 1.10639 1.09025
1.14857 1.14777 1.13223
1.06429 1.06354 1.06691
1.06766 1.06933 1.06864
1.06526 1.0718 1.08389
1.05849 1.06423 1.0927
1.08606 1.10712 1.09802
1.07644 1.07028 1.05965
1.07947 1.10951 1.07633
1.05985 1.06009 1.08097
1.12096 1.12077 1.1205
1.12748 1.12699 1.14112
1.14061 1.08792 1.1152
1.07166 1.07043 1.06442
1.07752 1.06708 1.07119
1.06048 1.06502 1.07385
1.06606 1.07695 1.06288
1.11584 1.11578 1.11101
1.07779 1.07027 1.07154
1.10584 1.11018 1.12103
1.07946 1.1069 1.08934
1.14907 1.09325 1.13067
1.07747 1.07847 1.08677
1.09196 1.0994 1.08951
1.09296 1.07914 1.08881
1.0941 1.09429 1.08967
1.08 1.09056 1.09187
1.08753 1.08694 1.06871
1.09126 1.08172 1.10637
1.07728 1.07735 1.07316
1.08819 1.0586 1.08972
1.08768 1.08815 1.0626
1.07531 1.07853 1.12746
1.07758 1.11864 1.12421
1.13579 1.14799 1.08524
1.09601 1.08968 1.11139
1.08434 1.12487 1.10482
1.13068 1.12891 1.09782
1.08746 1.16309 1.11182
1.15671 1.17202 1.17918
1.17386 1.16856 1.09396
1.14336 1.13131 1.16924
1.10107 1.10395 1.10024
1.14633 1.14655 1.16155
1.10502 1.22071 1.10342
1.12727 1.09261 1.09862
1.15942 1.12619 1.09343
1.07447 1.07223 1.07594
1.1149 1.15411 1.16982
1.07527 1.06614 1.18829
1.09965 1.15813 1.1658
1.11702 1.0922 1.06736
1.08386 1.10015 1.06726
1.06482 1.08059 1.0789
1.07009 1.0654 1.06777
1.09963 1.06672 1.14407
1.06503 1.06406 1.07614
1.08068 1.08752 1.08389
1.08962 1.12731 1.06499
1.104 1.11983 1.09026
1.06936 1.06645 1.06649
1.124 1.12491 1.12856
1.07752 1.10148 1.07957
1.08107 1.0851 1.07044
1.11197 1.0963 1.10314
1.07854 1.07791 1.08283
1.14813 1.1457 1.13335
1.06958 1.07841 1.07197
1.13278 1.09027 1.10328
1.15608 1.16626 1.09185
1.10448 1.1031 1.07039
1.1418 1.15219 1.09338
1.09225 1.09327 1.08358
1.12189 1.10438 1.10052
1.11847 1.11348 1.09668
1.13781 1.18457 1.10541
1.08955 1.15156 1.10129
1.08701 1.13292 1.08596
1.19916 1.10329 1.09635
1.18488 1.11095 1.07714
1.10324 1.0845 1.07882
1.09886 1.09644 1.07139
1.13653 1.06831 1.20235
1.07879 1.11941 1.16487
1.1331 1.11705 1.08492
1.10681 1.10907 1.10606
1.11466 1.11616 1.10627
1.11578 1.11128 1.08951
1.1128 1.11163 1.10978
1.08719 1.09212 1.127
1.08071 1.07953 1.08537
1.10001 1.10782 1.07856
1.07536 1.0856 1.10656
1.08628 1.08811 1.09732
1.09952 1.15303 1.09061
1.09941 1.10742 1.09381
1.15872 1.17654 1.12803
1.16384 1.16889 1.12437
1.11225 1.10157 1.11831
1.14369 1.14363 1.1048
1.11011 1.17839 1.11116
1.14345 1.14336 1.1169
1.10539 1.11428 1.06845
1.11546 1.097 1.10152
1.12468 1.10054 1.07702
1.08319 1.06037 1.106
1.08576 1.12079 1.10505
1.0926 1.10012 1.06079
1.05733 1.13779 1.05602
1.17243 1.13034 1.09145
1.13836 1.13835 1.11427
1.15869 1.23573 1.09484
1.13139 1.10262 1.13641
1.24301 1.15475 1.10406
1.1447 1.12749 1.09325
1.08892 1.09062 1.10041
1.09989 1.10009 1.09728
1.11609 1.0978 1.11188
1.15072 1.15361 1.13565
1.11051 1.11058 1.08405
1.16374 1.19842 1.10338
1.1311 1.17639 1.05412
1.06894 1.10904 1.07735
1.12577 1.09502 1.08214
1.09197 1.10773 1.17268
1.0696 1.09554 1.07163
1.17241 1.17811 1.08179
1.07876 1.16945 1.10887
1.09981 1.09827 1.08788
1.11111 1.11376 1.10373
1.08271 1.08244 1.13202
1.11623 1.10812 1.1465
1.11753 1.12551 1.13569
1.1414 1.11895 1.19709
1.20913 1.09625 1.08507
1.08684 1.09513 1.09546
1.09011 1.11403 1.10288
1.06231 1.06153 1.06419
1.10732 1.09338 1.08131
1.07754 1.11974 1.10227
1.09616 1.09595 1.08676
1.16676 1.16561 1.10707
1.07865 1.12157 1.08241
1.10958 1.1103 1.10088
1.13772 1.13082 1.10235
1.10359 1.10357 1.28241
1.11093 1.13593 1.1167
1.11604 1.3606 1.12188
1.08801 1.08313 1.17779
1.21126 1.10539 1.15487
1.12297 1.12289 1.10397
1.09607 1.14611 1.12452
1.09864 1.15126 1.07309
1.08357 1.13872 1.11142
1.10427 1.11515 1.08834
1.08786 1.09067 1.15494
1.09941 1.09688 1.10527
1.08774 1.09751 1.1431
1.07357 1.19997 1.12459
1.10768 1.08767 1.08907
1.07986 1.07961 1.08264
1.09723 1.09362 1.12553
1.08814 1.13991 1.1275
1.09097 1.0985 1.26481
1.12902 1.1292 1.13985
1.09912 1.07413 1.07957
1.12408 1.10503 1.11164
1.13399 1.1528 1.10037
1.10872 1.10904 1.14037
1.22938 1.14784 1.11104
1.08882 1.10589 1.15353
1.0819 1.11052 1.12575
1.13512 1.08453 1.12471
1.10526 1.09849 1.16395
1.15736 1.15729 1.09108
1.13563 1.10668 1.09394
1.08221 1.08224 1.24866
1.12842 1.09546 1.08071
1.09908 1.09522 1.1112
1.12574 1.30063 1.10648
1.07369 1.07172 1.09418
1.08283 1.10126 1.07605
1.09108 1.09245 1.13586
1.12674 1.12669 1.11012
1.11927 1.12452 1.12925
1.09234 1.0923 1.18431
1.11882 1.1187 1.12739
1.1373 1.09259 1.11599
1.07602 1.07701 1.14299
1.11243 1.15877 1.10002
1.08234 1.08335 1.07971
1.08733 1.10944 1.10392
1.10942 1.10861 1.11675
1.14916 1.14979 1.08728
1.11965 1.12035 1.11181
1.10999 1.10936 1.10207
1.0964 1.09754 1.10392
1.10594 1.11206 1.17334
1.10442 1.12367 1.09098
1.09214 1.19068 1.0776
1.09333 1.09299 1.09143
1.11584 1.12457 1.14444
1.08862 1.11848 1.10341
1.08748 1.13794 1.25397
1.07925 1.08599 1.08037
1.07379 1.0792 1.13998
1.19298 1.09687 1.08682
1.10259 1.1709 1.08925
1.08862 1.09632 1.15186
1.11319 1.11345 1.10045
1.08508 1.08613 1.09538
1.12702 1.10514 1.13011
1.16787 1.16759 1.10151
1.1153 1.11177 1.11827
1.16224 1.1655 1.14237
1.11218 1.09394 1.13686
1.15839 1.15841 1.10719
1.08526 1.09266 1.09962
1.09898 1.10222 1.10592
1.10224 1.10418 1.09701
1.08746 1.10139 1.08822
1.09061 1.10025 1.09706
1.0865 1.08795 1.09913
1.18204 1.18772 1.10923
1.08709 1.08684 1.09496
1.09837 1.10431 1.09337
1.09136 1.09383 1.16701
1.13526 1.08872 1.14488
1.10032 1.10081 1.09913
1.14973 1.15176 1.0961
1.10169 1.10387 1.11312
1.1185 1.10042 1.12916
1.11175 1.11349 1.17011
1.12033 1.11774 1.14084
1.10664 1.1044 1.10537
1.09047 1.09599 1.09623
1.1294 1.12028 1.15295
1.09233 1.06377 1.09116
1.08223 1.08486 1.09981
1.07797 1.0782 1.08573
1.08886 1.0889 1.05925
1.10504 1.08672 1.08537
1.0808 1.07969 1.09155
1.08432 1.08304 1.08399
1.1384 1.13829 1.18716
1.10129 1.14485 1.0903
1.21535 1.17549 1.10788
1.09357 1.07826 1.08278
1.15586 1.10126 1.10325
1.10071 1.09516 1.10223
1.11011 1.10983 1.11195
1.10641 1.09702 1.09287
1.10719 1.10637 1.12006
1.08923 1.14224 1.08252
1.09026 1.09077 1.09989
1.08995 1.0944 1.0913
1.09989 1.12393 1.08871
1.08674 1.0905 1.08692
1.09986 1.09992 1.09284
1.10188 1.08778 1.08251
1.10602 1.10497 1.08636
1.09918 1.11017 1.19062
1.11492 1.14559 1.134
1.08324 1.10092 1.09849
1.10447 1.20271 1.20862
1.0962 1.0994 1.09003
1.08871 1.08997 1.09772
1.09771 1.09388 1.09902
1.09517 1.09549 1.10048
1.09729 1.10085 1.11185
1.09899 1.09557 1.10092
1.09071 1.0925 1.08959
1.08855 1.08958 1.11112
1.08999 1.11748 1.16705
1.0893 1.09169 1.09025
1.0916 1.09655 1.10715
1.118 1.12766 1.11147
1.08602 1.08618 1.12795
1.10394 1.28919 1.09237
1.09431 1.09129 1.09737
1.09384 1.09389 1.097
1.12308 1.12284 1.09687
1.1579 1.09096 1.09273
1.09346 1.09363 1.10896
1.13718 1.08933 1.17558
1.08369 1.08635 1.08562
1.09494 1.14041 1.09924
1.09697 1.08824 1.08787
1.09032 1.09755 1.08427
1.08597 1.0861 1.09285
1.08924 1.10021 1.14781
1.09048 1.09126 1.09001
1.12303 1.09718 1.10528
1.08666 1.09285 1.0895
1.08274 1.08626 1.09775
1.09392 1.09517 1.15843
1.08664 1.08656 1.09425
1.0908 1.09133 1.09266
1.10068 1.09086 1.16352
1.10351 1.10501 1.18147
1.1468 1.09556 1.10137
1.09231 1.09466 1.09679
1.09741 1.09417 1.10322
1.13633 1.13777 1.08624
1.12769 1.09669 1.09693
1.08956 1.08941 1.09139
1.08645 1.08547 1.09065
1.08762 1.08776 1.08504
1.08832 1.09604 1.09112
1.12295 1.11917 1.08259
1.19532 1.19532 1.0941
1.10543 1.09388 1.08752
1.09508 1.09508 1.15103
1.11139 1.09814 1.09006
1.09209 1.09209 1.08188
1.09152 1.09566 1.09492
1.09284 1.09284 1.11238
1.08466 1.08486 1.08302
1.08224 1.09792 1.0855
1.10136 1.12723 1.10987
1.08559 1.08002 1.07942
1.085 1.08645 1.08559
1.07773 1.1574 1.09313
1.11575 1.11541 1.11186
1.08572 1.08498 1.07814
1.15944 1.10526 1.08348
1.10066 1.09035 1.11286
1.08573 1.08458 1.08109
1.08388 1.08184 1.08389
1.08718 1.08707 1.09053
1.07728 1.07642 1.11906
1.12614 1.08897 1.08172
1.09109 1.07386 1.12734
