1.05313 1.06019 1.06195
1.05237 1.05261 1.04728
1.05647 1.09817 1.06489
1.06574 1.07263 1.06156
1.05888 1.05728 1.06958
1.07805 1.07172 1.05027
1.0723 1.05598 1.04999
1.06506 1.11623 1.05441
1.07383 1.06982 1.0695
1.0766 1.06161 1.05693
1.07475 1.07714 1.0761
1.08116 1.06167 1.065
1.0827 1.05095 1.05521
1.08811 1.04263 1.09572
1.04781 1.04627 1.04698
1.07914 1.06211 1.07087
1.05794 1.04216 1.04582
1.10859 1.04925 1.04591
1.05873 1.05557 1.0509
1.05048 1.14019 1.03593
1.09546 1.11423 1.05423
1.03694 1.03866 1.03548
1.04618 1.10975 1.04068
1.03481 1.03491 1.0347
1.03323 1.03533 1.03498
1.04122 1.04265 1.04015
1.0302 1.02863 1.02836
1.03692 1.03283 1.03253
1.03363 1.06898 1.03434
1.02781 1.02695 1.02943
1.03458 1.0339 1.02896
1.02951 1.02883 1.02926
1.03333 1.04749 1.02723
1.02837 1.02959 1.02806
1.03281 1.02807 1.02858
1.02837 1.02917 1.026
1.02735 1.02804 1.02576
1.03395 1.0314 1.02679
1.02333 1.02806 1.02708
1.03444 1.05052 1.02951
1.03919 1.03765 1.03979
1.03679 1.03819 1.0375
1.03934 1.03854 1.03826
1.03937 1.03896 1.03983
1.03879 1.03643 1.03842
1.03664 1.03388 1.03687
1.03947 1.02739 1.03719
1.03731 1.03104 1.03586
1.0317 1.03812 1.03762
1.03913 1.03836 1.03267
1.03857 1.03846 1.04672
1.03188 1.0382 1.03953
1.03819 1.04039 1.03858
1.03671 1.03962 1.03855
1.04056 1.03811 1.03959
1.03825 1.04198 1.04313
1.03607 1.03473 1.03695
1.03034 1.0366 1.0719
1.03295 1.03814 1.03474
1.04169 1.02433 1.0259
1.04074 1.03142 1.04483
1.03558 1.03979 1.04046
1.04302 1.03943 1.04227
1.04142 1.04094 1.0407
1.03706 1.03553 1.03281
1.04125 1.04229 1.04431
1.03747 1.03962 1.04039
1.04501 1.03067 1.04842
1.07367 1.02981 1.07812
1.03517 1.03527 1.03672
1.02867 1.02902 1.0288
1.02802 1.04443 1.05522
1.04115 1.0308 1.03122
1.03342 1.03998 1.04049
1.03628 1.02431 1.0364
1.03058 1.02754 1.03666
1.03079 1.06625 1.08014
1.0248 1.03196 1.02497
1.03905 1.03534 1.03918
1.04211 1.04329 1.03898
1.03992 1.03927 1.03938
1.04417 1.04594 1.04736
1.06973 1.04304 1.04305
1.02452 1.03921 1.02487
1.03612 1.03635 1.03616
1.03209 1.0327 1.03271
1.05759 1.05421 1.05628
1.04636 1.04767 1.04743
1.04891 1.05325 1.04839
1.06732 1.04274 1.06929
1.04312 1.04143 1.04482
1.05903 1.06173 1.04483
1.0359 1.04896 1.05116
1.04303 1.04277 1.04242
1.03373 1.03353 1.03289
1.08701 1.10751 1.02032
1.05531 1.024 1.08929
1.04158 1.04067 1.04293
1.04577 1.06343 1.04421
1.03689 1.03555 1.0441
1.06901 1.0589 1.08122
1.07696 1.07562 1.06034
1.02839 1.12404 1.02923
1.06444 1.06333 1.06292
1.05853 1.07794 1.03194
1.04848 1.08346 1.05317
1.04815 1.05055 1.0377
1.0339 1.03248 1.04319
1.03324 1.03227 1.03484
1.03607 1.04277 1.03457
1.0452 1.04341 1.0347
1.06187 1.03587 1.03767
1.13347 1.03794 1.03286
1.04983 1.05269 1.04869
1.03717 1.03774 1.02483
1.05548 1.02875 1.05457
1.0396 1.0455 1.05319
1.04964 1.03062 1.02293
1.0382 1.05473 1.03652
1.11228 1.04787 1.04406
1.05691 1.04378 1.03808
1.03997 1.04394 1.03676
1.03286 1.02839 1.03546
1.03338 1.08097 1.02999
1.09403 1.03675 1.05086
1.02905 1.02184 1.01822
1.07032 1.05518 1.06695
1.02276 1.04546 1.0324
1.10615 1.13436 1.0449
1.03936 1.0408 1.06168
1.03827 1.0387 1.03681
1.03784 1.03875 1.03926
1.06784 1.02671 1.07064
1.03825 1.04115 1.04189
1.03029 1.03509 1.02922
1.03564 1.04558 1.03166
1.05343 1.06405 1.03211
1.02365 1.06273 1.029
1.03401 1.03661 1.03142
1.02902 1.02266 1.06333
1.03765 1.04147 1.04864
1.03621 1.04294 1.02962
1.039 1.0375 1.0344
1.02954 1.02533 1.0291
1.04866 1.05036 1.04555
1.04237 1.04824 1.03899
1.06584 1.07435 1.06227
1.03301 1.0453 1.03857
1.04511 1.04667 1.0352
1.11524 1.10885 1.11033
1.02698 1.04403 1.06505
1.03919 1.15756 1.02363
1.02585 1.02596 1.02611
1.03246 1.03104 1.03742
1.02774 1.05056 1.04335
1.03989 1.06268 1.03566
1.04269 1.04219 1.04325
1.0557 1.03993 1.02704
1.04745 1.04744 1.03587
1.03204 1.03548 1.03609
1.03326 1.05755 1.03143
1.04778 1.04738 1.0477
1.04504 1.03862 1.04552
1.03723 1.04033 1.04361
1.05563 1.03163 1.03876
1.0548 1.06038 1.05215
1.05356 1.06312 1.07025
1.04984 1.04817 1.03596
1.03237 1.03959 1.0272
1.03601 1.05314 1.03274
1.06859 1.03914 1.02803
1.03128 1.06836 1.03453
1.05937 1.05789 1.04441
1.03489 1.03601 1.04512
1.04368 1.05595 1.05242
1.05204 1.05461 1.04465
1.042 1.04311 1.04506
1.03442 1.03021 1.0515
1.07366 1.08874 1.06191
1.06542 1.07407 1.04435
1.05315 1.05563 1.05575
1.04923 1.04814 1.04099
1.06141 1.04703 1.06224
1.05715 1.0434 1.03199
1.04051 1.04136 1.05663
1.03678 1.0352 1.03935
1.04441 1.0457 1.05562
1.05073 1.04433 1.04739
1.05092 1.05889 1.04608
1.03611 1.06942 1.03409
1.03673 1.04395 1.04752
1.09936 1.10534 1.08047
1.03217 1.06535 1.03101
1.04296 1.08626 1.10072
1.06059 1.0583 1.0545
1.03497 1.03541 1.03683
1.05541 1.05433 1.05128
1.04582 1.04451 1.03642
1.03425 1.03941 1.03599
1.04364 1.03528 1.03476
1.03923 1.02964 1.03502
1.03614 1.04699 1.03874
1.04543 1.03327 1.05289
1.0502 1.05097 1.03765
1.05094 1.05174 1.06158
1.04804 1.04248 1.04484
1.0417 1.02964 1.03578
1.03629 1.04312 1.03904
1.02657 1.04563 1.0518
1.05211 1.03745 1.03699
1.02606 1.0457 1.03357
1.03055 1.0437 1.06471
1.04844 1.04009 1.04997
1.04584 1.0532 1.05662
1.04924 1.04751 1.06869
1.11094 1.06576 1.13339
1.0497 1.04922 1.06081
1.04365 1.05102 1.0543
1.04982 1.03869 1.03762
1.03014 1.06372 1.05843
1.04106 1.0563 1.04355
1.03286 1.04027 1.03589
1.06698 1.03452 1.04205
1.04514 1.04219 1.04804
1.03395 1.03932 1.04761
1.03476 1.04699 1.0338
1.05493 1.05694 1.06155
1.03588 1.03739 1.04213
1.04521 1.0338 1.04215
1.04179 1.03609 1.04364
1.0676 1.03922 1.04423
1.04102 1.05026 1.06005
1.06153 1.06654 1.04701
1.0468 1.09446 1.03411
1.06909 1.05019 1.05146
1.05381 1.03648 1.02413
1.0318 1.03602 1.04349
1.04446 1.07589 1.03884
1.02881 1.02738 1.06326
1.04583 1.05596 1.05763
1.06239 1.04684 1.05884
1.04952 1.05317 1.05248
1.03471 1.02893 1.03319
1.05686 1.06707 1.05535
1.06094 1.07041 1.03924
1.07172 1.05457 1.0759
1.10901 1.03877 1.03413
1.04024 1.04199 1.03441
1.05156 1.03521 1.0364
1.09889 1.0764 1.11124
1.08321 1.08533 1.10342
1.07774 1.04408 1.07574
1.06935 1.04464 1.05049
1.03943 1.0368 1.13184
1.05791 1.04326 1.08415
1.05025 1.05045 1.09828
1.05526 1.0694 1.05443
1.0705 1.06627 1.0714
1.04634 1.04785 1.0481
1.05111 1.05864 1.06476
1.0419 1.04168 1.05804
1.05563 1.07184 1.05387
1.08861 1.07088 1.05923
1.07044 1.05866 1.0612
1.07689 1.0781 1.09608
1.06565 1.06637 1.0588
1.08296 1.09708 1.09565
1.11961 1.08124 1.0991
1.0617 1.0578 1.07238
1.04651 1.05278 1.04972
1.04402 1.04787 1.04808
1.04185 1.0426 1.04879
1.12055 1.13388 1.14767
1.08677 1.05737 1.05734
1.05943 1.08402 1.05914
1.08039 1.07411 1.07838
1.07256 1.06369 1.0589
1.08774 1.06972 1.08095
1.08573 1.05673 1.05424
1.1049 1.10614 1.11925
1.07351 1.07068 1.06705
1.04634 1.08399 1.08151
1.0633 1.06295 1.06413
1.06885 1.08631 1.06928
1.16652 1.08864 1.07189
1.05291 1.06466 1.05234
1.07953 1.07113 1.06543
1.06722 1.06308 1.0629
1.09517 1.09562 1.0831
1.0636 1.07631 1.06636
1.12358 1.08988 1.09821
1.0698 1.06929 1.08853
1.05975 1.05018 1.05829
1.07542 1.13285 1.06894
1.0609 1.06037 1.05596
1.09398 1.05509 1.10811
1.05978 1.05898 1.11782
1.04533 1.04865 1.08948
1.08003 1.06908 1.0649
1.05404 1.0718 1.05304
1.07095 1.06019 1.05883
1.11349 1.08508 1.14342
1.11846 1.13028 1.06986
1.10463 1.26276 1.10029
1.06954 1.06954 1.09701
1.10178 1.07399 1.07997
1.2203 1.06743 1.05565
1.05872 1.05876 1.09503
1.07356 1.07181 1.06196
1.04414 1.04379 1.05689
1.06778 1.05365 1.07641
1.04781 1.03929 1.0473
1.05246 1.04215 1.04091
1.06181 1.0512 1.05463
1.05232 1.0418 1.04086
1.04794 1.04732 1.06848
1.04912 1.05128 1.0512
1.0404 1.03981 1.03123
1.05132 1.05077 1.05571
1.05302 1.05092 1.05196
1.04555 1.04494 1.0478
1.0589 1.10667 1.0702
1.04798 1.07386 1.05521
1.07856 1.07312 1.08806
1.07685 1.05689 1.0479
1.09002 1.08775 1.09779
1.08456 1.11272 1.09666
1.07003 1.09982 1.06971
1.0741 1.06631 1.05765
1.05894 1.05997 1.0525
1.05479 1.07381 1.05274
1.08007 1.05286 1.06775
1.06431 1.05206 1.05154
1.07798 1.0778 1.11419
1.05291 1.04968 1.04864
1.0578 1.05728 1.0644
1.1141 1.13629 1.06676
1.06577 1.08634 1.04596
1.07531 1.04155 1.06922
1.0582 1.03883 1.04637
1.20079 1.08753 1.0788
1.09997 1.07457 1.11043
1.07134 1.11152 1.14289
1.09494 1.0514 1.05321
1.06747 1.06639 1.07404
1.08412 1.07212 1.06941
1.06305 1.06891 1.05285
1.07314 1.0738 1.07398
1.07997 1.07497 1.08661
1.05551 1.11312 1.056
1.0616 1.09422 1.08406
1.1767 1.05279 1.07327
1.05469 1.05766 1.05952
1.06752 1.0704 1.05888
1.04689 1.04795 1.04007
1.04393 1.03597 1.04626
1.04396 1.04405 1.04809
1.07854 1.03764 1.06337
1.04383 1.05061 1.04481
1.06792 1.04635 1.05061
1.03896 1.04736 1.04853
1.05736 1.06371 1.05761
1.0622 1.06645 1.06233
1.08513 1.09652 1.07586
1.06429 1.04223 1.05111
1.05626 1.07162 1.057
1.07194 1.05507 1.0504
1.05239 1.05292 1.05326
1.0628 1.06839 1.05178
1.04103 1.04881 1.06741
1.07418 1.07319 1.05004
1.05708 1.05407 1.05463
1.15962 1.04733 1.04483
1.04289 1.0401 1.04339
1.03961 1.04983 1.04652
1.17366 1.03927 1.04001
1.08351 1.05286 1.08099
1.04872 1.07252 1.04633
1.04249 1.05586 1.05454
1.05199 1.04688 1.05602
1.05348 1.06861 1.0324
1.05826 1.04841 1.06396
1.06077 1.0642 1.04784
1.04479 1.05182 1.04754
1.04425 1.0542 1.08368
1.05175 1.04605 1.04038
1.05336 1.0534 1.04925
1.0588 1.06017 1.04312
1.09275 1.06192 1.06379
1.05721 1.06838 1.06265
1.05044 1.06781 1.06464
1.04934 1.04556 1.05164
1.03453 1.04982 1.05818
1.04438 1.04298 1.0431
1.04474 1.0354 1.03699
1.04405 1.03074 1.04889
1.05673 1.05699 1.11629
1.04891 1.07661 1.08426
1.05058 1.04438 1.04622
1.09633 1.06006 1.07747
1.07219 1.03998 1.04476
1.04098 1.06027 1.06722
1.0301 1.04229 1.02536
1.05201 1.04037 1.05606
1.03879 1.05346 1.0389
1.04302 1.04575 1.05995
1.04572 1.04842 1.04524
1.04118 1.0266 1.04463
1.03182 1.04568 1.06331
1.06017 1.07301 1.08179
1.0265 1.04857 1.03946
1.06129 1.03382 1.05068
1.02263 1.04007 1.03892
1.0643 1.04543 1.04529
1.04878 1.03811 1.03385
1.04121 1.05912 1.04401
1.03772 1.04846 1.06521
1.04079 1.04166 1.04657
1.03519 1.02903 1.03671
1.03542 1.03287 1.03307
1.02756 1.05844 1.0332
1.04302 1.03554 1.02337
1.07369 1.06153 1.02849
1.04881 1.0493 1.04507
1.04131 1.0399 1.03985
1.0335 1.04422 1.03781
1.05596 1.03724 1.06181
1.03818 1.03991 1.03875
1.0458 1.041 1.0318
1.0562 1.03082 1.03507
1.02198 1.0384 1.03264
1.03171 1.0311 1.03561
1.06949 1.05309 1.04126
1.06227 1.0664 1.05228
1.03789 1.04434 1.04358
1.05462 1.03254 1.029
1.03528 1.05434 1.0331
1.05502 1.06394 1.06766
1.0655 1.03971 1.033
1.10374 1.03228 1.04003
1.0433 1.02987 1.02924
1.04014 1.03311 1.03833
1.05301 1.05439 1.06998
1.11792 1.05756 1.04117
1.11214 1.02344 1.03258
1.04362 1.03901 1.03963
1.03228 1.05222 1.02193
1.04517 1.0365 1.04325
1.04375 1.03381 1.02852
1.0742 1.04135 1.04059
1.04392 1.03283 1.03374
1.02902 1.03597 1.03488
1.05626 1.03814 1.04175
1.04354 1.041 1.06141
1.05224 1.10192 1.02876
1.04601 1.03789 1.05031
1.05141 1.0397 1.01832
1.04883 1.02447 1.03979
1.05275 1.08149 1.04473
1.02293 1.02976 1.02644
1.0395 1.04979 1.04018
1.05652 1.04934 1.04009
1.03585 1.03711 1.03738
1.04131 1.04373 1.03961
1.04109 1.03924 1.03922
1.03557 1.02173 1.02373
1.03298 1.05546 1.03117
1.12839 1.03598 1.03199
1.05672 1.03876 1.03391
1.08099 1.03736 1.05489
1.03784 1.04263 1.03963
1.04649 1.04869 1.04587
1.05436 1.05152 1.03819
1.094 1.03647 1.04078
1.02431 1.03736 1.0382
1.03188 1.03559 1.04732
1.04564 1.04207 1.04772
1.02806 1.02946 1.02531
1.03793 1.03715 1.02953
1.02793 1.0277 1.02702
1.09847 1.05788 1.04999
1.08847 1.04606 1.05095
1.04459 1.05542 1.05515
1.08545 1.03805 1.03281
1.03621 1.03452 1.05079
1.06247 1.0364 1.04263
1.01997 1.03381 1.04161
1.05009 1.03527 1.03963
1.04922 1.04274 1.03601
1.04823 1.03933 1.04097
1.03857 1.03502 1.03629
1.03717 1.04334 1.0907
1.09616 1.04666 1.10055
1.04419 1.05377 1.03798
1.03697 1.04365 1.04084
1.04803 1.03444 1.04397
1.02962 1.0437 1.04847
1.05389 1.04587 1.07174
1.04496 1.05497 1.04038
1.0372 1.04052 1.03315
1.0496 1.07322 1.03438
1.0678 1.04335 1.04143
1.04397 1.04613 1.0345
1.04326 1.02342 1.08367
1.08765 1.05109 1.06075
1.04453 1.04839 1.07043
1.03705 1.05627 1.03744
1.04574 1.02678 1.04041
1.03905 1.03952 1.04046
1.07089 1.0397 1.03551
1.0528 1.04123 1.03222
1.03218 1.03314 1.03286
1.07909 1.03513 1.03217
1.03562 1.03817 1.0327
1.03228 1.04454 1.03549
1.03336 1.05226 1.03758
1.05148 1.05973 1.0743
1.03494 1.03612 1.02974
1.04436 1.03196 1.04738
1.02735 1.05516 1.02909
1.04477 1.04849 1.03309
1.0526 1.03753 1.03643
1.0526 1.04633 1.0668
1.03939 1.04632 1.04898
1.05003 1.07424 1.04386
1.0635 1.04396 1.05399
1.03242 1.03059 1.03683
1.04415 1.03853 1.02607
1.04939 1.04457 1.0369
1.04749 1.02661 1.03108
1.03733 1.05928 1.03388
1.07079 1.05466 1.04362
1.0442 1.04467 1.0472
1.02772 1.05005 1.04218
1.03332 1.03911 1.06792
1.10591 1.02741 1.02203
1.07517 1.05073 1.06863
1.09896 1.02542 1.06618
1.04634 1.0345 1.03791
1.06819 1.02576 1.0281
1.03474 1.05015 1.03836
1.05429 1.05451 1.02633
1.03771 1.06211 1.04559
1.05526 1.07911 1.01758
1.05954 1.04824 1.04262
1.03758 1.02639 1.02802
1.03549 1.04512 1.04119
1.1134 1.03339 1.03073
1.02915 1.02626 1.05856
1.0248 1.03222 1.02293
1.04898 1.02889 1.03536
1.03364 1.02373 1.03431
1.09571 1.03694 1.03004
1.10254 1.01895 1.03302
1.03225 1.07901 1.05981
1.03936 1.0715 1.02972
1.05027 1.05271 1.04436
1.03306 1.03857 1.03056
1.03424 1.04376 1.03451
1.13314 1.03833 1.05236
1.03967 1.03629 1.02724
1.05704 1.04805 1.03382
1.03119 1.03542 1.03801
1.03966 1.03322 1.02799
1.04355 1.03921 1.02013
1.05332 1.03822 1.02465
1.03831 1.04326 1.0323
1.06863 1.01894 1.03543
1.04415 1.03604 1.06215
1.0315 1.07537 1.06223
1.05617 1.04166 1.02883
1.02341 1.08323 1.02771
1.02681 1.03686 1.02131
1.02137 1.01753 1.01745
1.0252 1.02778 1.01775
1.02644 1.05428 1.02423
1.02666 1.05341 1.03079
1.03691 1.0424 1.04823
1.04003 1.03482 1.06027
1.08825 1.03938 1.04214
1.02171 1.01934 1.03131
1.07893 1.06596 1.04638
1.04133 1.05516 1.05417
1.02812 1.04006 1.05481
1.03275 1.03022 1.04266
1.0313 1.01879 1.03058
1.0204 1.06677 1.0346
1.0279 1.05306 1.0227
1.02206 1.05399 1.02549
1.037 1.03011 1.04787
1.02524 1.06002 1.02266
1.05573 1.06124 1.03384
1.04642 1.05324 1.03146
1.06584 1.02118 1.06018
1.05789 1.02219 1.02823
1.05692 1.03154 1.03172
1.04312 1.05594 1.03124
1.04914 1.02429 1.01848
1.05768 1.06643 1.04114
1.05658 1.05636 1.06036
1.03234 1.03159 1.03221
