0.00415026 0.0035935 0.00326095
0.00482919 0.00499075 0.00466728
0.00330863 0.00286497 0.00249975
0.00199557 0.00199017 0.00138449
0.00174256 0.00217409 0.00154536
0.00213478 0.00270571 0.00176319
0.00222155 0.0026 0.00172116
0.00220914 0.00281863 0.00197123
0.00312229 0.00227708 0.0017962
0.00171693 0.00220259 0.00188874
0.00189487 0.00263044 0.0021583
0.0030802 0.00203631 0.00198319
0.00233657 0.00184069 0.00181772
0.00196936 0.00208387 0.00207115
0.00181497 0.00150762 0.00131839
0.00159032 0.00174324 0.00138523
0.00163021 0.00190371 0.00146908
0.00201652 0.00163596 0.00131391
0.00213882 0.0015942 0.00124719
0.00147889 0.00161584 0.00126758
0.00198224 0.00170818 0.00133433
0.00179194 0.00168474 0.00124138
0.00142524 0.00185818 0.00143272
0.00185367 0.00176506 0.00128529
0.0016936 0.0017182 0.00114885
0.00159147 0.001619 0.00136412
0.0016868 0.00164091 0.00137919
0.00201501 0.00170911 0.00137213
0.0019977 0.00166688 0.00157191
0.00203005 0.00178491 0.00161754
0.0023492 0.00213989 0.00176825
0.00194221 0.0021473 0.00210832
0.00175197 0.00224126 0.00200969
0.00186688 0.00227939 0.00219985
0.0022288 0.00179749 0.0013332
0.00186896 0.00208832 0.00184736
0.00219052 0.00211114 0.00165495
0.00266163 0.00167778 0.00118678
0.00218168 0.00231137 0.00172734
0.00181391 0.00222279 0.00197496
0.00162519 0.00181254 0.00139315
0.0017257 0.00171285 0.00144296
0.00209817 0.00212309 0.00187313
0.00198251 0.00172918 0.00161131
0.0022072 0.00176206 0.00165706
0.00216078 0.00209129 0.00192016
0.00274052 0.00225827 0.00216009
0.00314921 0.00265592 0.00258433
0.00248926 0.00224327 0.002168
0.0013745 0.00186449 0.00168295
0.00204315 0.00217066 0.00212308
0.00145143 0.00221131 0.00187247
0.00169464 0.00174058 0.0015596
0.00165569 0.00167234 0.00137912
0.00167261 0.00195866 0.00161248
0.0018821 0.00197674 0.00166531
0.00164935 0.00178371 0.0013535
0.00168081 0.00187627 0.00161538
0.00182067 0.00180583 0.0015657
0.00118825 0.00158505 0.0010981
0.00140267 0.00199387 0.00128336
0.00163001 0.00165092 0.00155782
0.00159564 0.00190649 0.00116213
0.00144645 0.0022428 0.00165825
0.00179977 0.0021695 0.00183181
0.00239998 0.00201783 0.00193289
0.00167336 0.00206961 0.00185268
0.00177969 0.00251944 0.00220475
0.00194294 0.00251221 0.00218393
0.00170233 0.00239689 0.00212427
0.00177442 0.00243261 0.00192869
0.00138675 0.00223321 0.00182475
0.00208166 0.00239301 0.00189553
0.00234325 0.0027018 0.00233454
0.00209103 0.00198646 0.00131097
0.00144123 0.00185587 0.00131573
0.00179157 0.00230652 0.00164714
0.00184848 0.00266798 0.00192267
0.00174646 0.00214376 0.00172797
0.00206905 0.00249156 0.00182472
0.001747 0.00221066 0.00165034
0.00175991 0.00221916 0.00184552
0.00192184 0.00233598 0.00206273
0.00229286 0.00213753 0.00216395
0.00156103 0.00226407 0.00217372
0.00206539 0.0022395 0.00215187
0.00246265 0.00220219 0.00208082
0.00262061 0.00251845 0.00251352
0.00178988 0.00271373 0.00257634
0.00199867 0.00263256 0.00247999
0.00138009 0.00289166 0.00252587
0.00151862 0.00229873 0.00215415
0.00166941 0.00232545 0.00220003
0.00148891 0.00265734 0.00222891
0.00148604 0.00238466 0.00211032
0.00158984 0.00271156 0.00219793
0.00169825 0.00303636 0.00250755
0.00164015 0.00261316 0.00209949
0.00149288 0.00261018 0.00220822
0.00189761 0.00294838 0.00253974
0.00175368 0.00238388 0.00205827
0.0022007 0.00288831 0.00241054
0.00182649 0.00311022 0.00282964
0.00187712 0.00274337 0.00244117
0.00214677 0.00312566 0.00307634
0.00152937 0.00345209 0.00327622
0.0018656 0.00276947 0.00271182
0.00170551 0.00295825 0.00266171
0.00163546 0.00346611 0.00302932
0.00200159 0.00308441 0.0027754
0.00169791 0.00322381 0.00272642
0.00147254 0.00348719 0.00291006
0.00198524 0.00300039 0.00267078
0.00148276 0.00239373 0.00242952
0.00144881 0.00358218 0.00284586
0.00161986 0.00308187 0.0025066
0.00186824 0.00340956 0.00280495
0.00165617 0.00255879 0.0020786
0.00148347 0.00329271 0.00236114
0.00154495 0.00353135 0.00263569
0.00196836 0.00335789 0.00288312
0.00193403 0.00341865 0.00327865
0.00175069 0.00258256 0.00258894
0.00176236 0.00267277 0.00253803
0.00191173 0.00272855 0.00272116
0.00188012 0.0038626 0.00375795
0.00231408 0.00383073 0.00395563
0.00205943 0.00414569 0.00369556
0.00259379 0.00426185 0.0038605
0.00283864 0.00452809 0.00422425
0.00326515 0.0047609 0.00478575
0.00302177 0.00479795 0.00445331
0.00302686 0.00491797 0.00464098
0.00305812 0.00489601 0.00495603
0.00352376 0.00558979 0.00552962
0.00382811 0.00533832 0.00598204
0.00347838 0.00508362 0.00579124
0.003455 0.00607641 0.00593535
0.00392229 0.00525131 0.00617602
0.00349538 0.00635105 0.00607803
0.00373253 0.00549274 0.00608751
0.00358493 0.00624545 0.00596371
0.00382394 0.00453806 0.00598137
0.0040466 0.00437105 0.00592603
0.00384591 0.00442856 0.00595873
0.00426832 0.00462605 0.00618218
0.00391773 0.0046043 0.00585997
0.00433119 0.00456043 0.00604701
0.00388408 0.00471225 0.00571726
0.00387274 0.00432966 0.00574135
0.00378836 0.00566575 0.0055843
0.00378731 0.00539662 0.00536835
0.00369195 0.00419164 0.00534492
0.00318437 0.00473634 0.00534406
0.00351861 0.00480817 0.005564
0.00298792 0.00420076 0.00472793
0.00329458 0.00393881 0.00444143
0.00311261 0.00387207 0.00447983
0.00383139 0.00422029 0.00528341
0.00394917 0.00470309 0.00549578
0.00322831 0.00366008 0.00512276
0.00368863 0.00399068 0.00509178
0.00396358 0.00407461 0.00541476
0.00323658 0.004424 0.00484996
0.00358678 0.00350753 0.00523716
0.00282238 0.0037319 0.00459245
0.00353722 0.00512251 0.0048751
0.0036832 0.00529382 0.00504225
0.00391868 0.00441924 0.00527796
0.00282742 0.00401485 0.00447537
0.00366164 0.00468003 0.00526254
0.0038656 0.00483783 0.00518279
0.00411416 0.00400058 0.00516243
0.00321253 0.00371457 0.00457697
0.00397705 0.00419164 0.00513411
0.00308001 0.0038237 0.00431266
0.00346586 0.00415136 0.00472771
0.00309009 0.00328401 0.0044602
0.00366632 0.00370975 0.00475998
0.00297776 0.00464477 0.00439853
0.00396959 0.00488907 0.00498528
0.00368643 0.00433566 0.00489167
0.00319618 0.00462346 0.00452537
0.0038618 0.00451957 0.00470194
0.00327813 0.00491605 0.00447047
0.00353634 0.00571969 0.00459413
0.00358793 0.00483988 0.00453222
0.0038295 0.00423957 0.00429202
0.00355662 0.00479632 0.00392259
0.00360672 0.00441061 0.0046856
0.00320792 0.00411703 0.00441661
0.00448095 0.00442058 0.00395222
0.00378062 0.00451113 0.00467041
0.0038077 0.0042663 0.00442355
0.0038353 0.0042936 0.00447244
0.00383583 0.00393077 0.00439878
0.00428145 0.00423663 0.0038643
0.0044317 0.00411146 0.00415732
0.00412293 0.00451383 0.00409447
0.00403904 0.00403904 0.00401711
0.00406968 0.0039524 0.00400699
0.00389834 0.00394292 0.00400411
0.0040736 0.0040976 0.0042033
0.00427316 0.00443838 0.00390998
0.00355979 0.00396661 0.00430561
0.00376691 0.00369138 0.00422657
0.00389936 0.00431506 0.00387091
0.00447311 0.00497448 0.00417184
0.00400834 0.00403435 0.00441989
0.00333539 0.00353546 0.00377331
0.00334928 0.00426994 0.00418978
0.00434105 0.00449282 0.00374191
0.00400776 0.00512287 0.00392638
0.00355489 0.0031376 0.00408117
0.00352681 0.00328714 0.00403899
0.00438713 0.00459677 0.00368861
0.00365751 0.00462985 0.00441333
0.00391208 0.00391208 0.00410765
0.00387014 0.00387014 0.00404713
0.00396347 0.00396347 0.00412805
0.00409501 0.00409501 0.00426527
0.00400508 0.00400508 0.00418174
0.00402334 0.00402334 0.00420538
0.00395612 0.00395612 0.0041295
0.0040195 0.0040195 0.00419725
0.00406027 0.00406027 0.00424264
0.00398614 0.00398614 0.00415781
0.0040327 0.0040327 0.00421652
0.00394635 0.00394635 0.00413902
0.00400343 0.00400343 0.00419475
0.00391598 0.00391598 0.00411295
0.00397406 0.00397406 0.00416865
0.00390575 0.00390575 0.00411455
0.00397561 0.00397561 0.00416859
0.00396805 0.00396805 0.00416737
0.00387399 0.00387399 0.00406213
0.00396654 0.00396654 0.00416023
0.00392492 0.00392492 0.00411975
0.00394605 0.00394605 0.00416302
0.003879 0.003879 0.00409243
0.0038978 0.0038978 0.00411913
0.00384931 0.00384931 0.00406271
0.00392025 0.00392025 0.00413711
0.0038376 0.0038376 0.00407077
0.00388503 0.00388503 0.00415979
0.00393668 0.00393668 0.00416554
0.00331701 0.00440316 0.0042254
0.00423192 0.00392872 0.00423423
0.00310216 0.0035044 0.00392589
0.00373712 0.00373712 0.00403613
0.00366472 0.00366472 0.0039366
0.00395322 0.00361584 0.0039017
0.00357481 0.00369844 0.00397434
0.00375802 0.00375802 0.00404065
0.00369464 0.00369464 0.00402206
0.00372411 0.00372411 0.0040633
0.00361879 0.00361879 0.00392176
0.00353977 0.00353977 0.0038666
0.00374952 0.00374952 0.00409942
0.00354325 0.00354325 0.00387827
0.00363581 0.00363581 0.003982
0.00357654 0.00357654 0.00390351
0.00354156 0.00298081 0.00404901
0.00364654 0.00364654 0.00401
0.00357759 0.00357759 0.00393803
0.00368009 0.00368009 0.00402926
0.00358239 0.00358239 0.0039268
0.00368326 0.00368326 0.0040302
0.00359383 0.00359383 0.00393044
0.00366304 0.00366304 0.00398286
0.00360161 0.00360161 0.00385668
0.0036901 0.0036901 0.00393521
0.00365091 0.00365091 0.00387649
0.00367597 0.00367597 0.00394935
0.00360178 0.00360178 0.00392239
0.00363973 0.00363973 0.0039558
0.00369007 0.00369007 0.00396138
0.00358458 0.00358458 0.0038985
0.00362157 0.00362157 0.00391074
0.00366405 0.00366405 0.00385892
0.00356825 0.00356825 0.00376966
0.00362127 0.00362127 0.00384084
0.00349831 0.00349831 0.00373438
0.00350076 0.00350076 0.00373164
0.00341556 0.00341556 0.00365766
0.0034709 0.0034709 0.00371346
0.0035431 0.0035431 0.00380439
0.00346452 0.00346452 0.00376726
0.00352836 0.00352836 0.00379518
0.00348619 0.00348619 0.00375197
0.00348072 0.00348072 0.00380243
0.00342644 0.00342644 0.00374427
0.00348176 0.00348176 0.0037448
0.00343303 0.00343303 0.00371205
0.00340043 0.00340043 0.00367958
0.003341 0.003341 0.00357797
0.00338151 0.00338151 0.00360312
0.00334792 0.00334792 0.00356467
0.00329319 0.00329319 0.00359859
0.00329618 0.00329618 0.00360905
0.00359067 0.00359067 0.00390446
0.00352972 0.00352972 0.00383751
0.00354634 0.00354634 0.0038368
0.00359331 0.00359331 0.00385059
0.00367313 0.00367313 0.00392978
0.00363557 0.00363557 0.00389281
0.00374022 0.00374022 0.00402281
0.00375711 0.00375711 0.00402248
0.00385001 0.00385001 0.00412229
0.00383593 0.00383593 0.00411532
0.00382469 0.00382469 0.00412456
0.00390153 0.00390153 0.00419337
0.00388633 0.00388633 0.00419557
0.00403873 0.00403873 0.00434922
0.00397104 0.00397104 0.00432959
0.00402954 0.00402954 0.00438788
0.00412789 0.00412789 0.00445308
0.00403932 0.00403932 0.00444616
0.0042355 0.0042355 0.00461499
0.00415653 0.00415653 0.00455191
0.00435902 0.00435902 0.00480103
0.00427082 0.00427082 0.00471314
0.00438481 0.00438481 0.00480988
0.00432481 0.00432481 0.00475535
0.00442806 0.00442806 0.00485568
0.00446206 0.00446206 0.00489459
0.00438937 0.00438937 0.00480043
0.00452717 0.00452717 0.00496234
0.00447231 0.00447231 0.00490131
0.00453915 0.00453915 0.00501524
0.00446949 0.00446949 0.00496197
0.00454884 0.00454884 0.00502689
0.00441258 0.00441258 0.00490101
0.00447146 0.00447146 0.00502767
0.00438533 0.00438533 0.00494537
0.00440395 0.00440395 0.00500775
0.00423393 0.00423393 0.00485365
0.00442392 0.00442392 0.00498471
0.00425711 0.00425711 0.00483006
0.00438097 0.00438097 0.00488771
0.00425484 0.00425484 0.00479738
0.0043945 0.0043945 0.00496998
0.00434191 0.00434191 0.00492696
0.00447387 0.00447387 0.00508226
0.00440053 0.00440053 0.00494726
0.00453641 0.00453641 0.00502041
0.00436527 0.00436527 0.00482006
0.00443389 0.00443389 0.00500154
0.00427887 0.00427887 0.00485089
0.00432963 0.00432963 0.00484596
0.00419683 0.00419683 0.00471719
