1.07756 1.08256 1.08346
1.07345 1.06889 1.08018
1.06652 1.06825 1.07495
1.06701 1.06952 1.07402
1.07251 1.06542 1.06815
1.05728 1.05849 1.05491
1.05861 1.05346 1.05246
1.07478 1.06987 1.06432
1.08924 1.07553 1.07207
1.08774 1.0835 1.0717
1.11013 1.10441 1.09514
1.09704 1.12132 1.11315
1.13631 1.11202 1.11804
1.13126 1.1452 1.14537
1.13325 1.15305 1.14739
1.12893 1.15473 1.14701
1.10363 1.12797 1.11947
1.11243 1.1378 1.13496
1.12093 1.1554 1.1414
1.13245 1.11242 1.11494
1.11924 1.11932 1.11335
1.13446 1.13192 1.11572
1.12416 1.15577 1.1453
1.13925 1.16916 1.15952
1.13854 1.1698 1.15781
1.11155 1.14685 1.13002
1.13053 1.16054 1.15229
1.13554 1.16203 1.15361
1.14334 1.14094 1.12763
1.12434 1.16217 1.14591
1.12182 1.16208 1.14685
1.09395 1.12123 1.11726
1.13329 1.13177 1.11605
1.09491 1.12821 1.11542
1.10213 1.0948 1.08604
1.10887 1.10596 1.0949
1.11254 1.10338 1.09508
1.10183 1.12435 1.12329
1.14491 1.13104 1.13254
1.15623 1.14886 1.13941
1.14444 1.17916 1.16587
1.17179 1.19884 1.18746
1.1698 1.18751 1.18941
1.13846 1.15974 1.15987
1.13937 1.17294 1.15898
1.1401 1.16942 1.16133
1.10846 1.13792 1.13194
1.12092 1.15794 1.14266
1.12444 1.15918 1.14612
1.13252 1.12915 1.11616
1.15401 1.1455 1.13462
1.1189 1.15079 1.13838
1.115 1.12596 1.11157
1.14369 1.15326 1.13342
1.11374 1.15195 1.13773
1.11693 1.11884 1.10316
1.10352 1.13456 1.12551
1.10596 1.13176 1.12955
1.07227 1.10954 1.09668
1.12748 1.12063 1.11251
1.12924 1.12703 1.11476
1.11399 1.15614 1.1372
1.18629 1.17758 1.16679
1.15022 1.17449 1.16808
1.11489 1.14006 1.14074
1.11194 1.15047 1.13625
1.1583 1.1584 1.13911
1.14714 1.18322 1.17
1.16949 1.19576 1.19229
1.168 1.2136 1.19211
1.13346 1.17315 1.15834
1.15494 1.18857 1.17581
1.15209 1.1597 1.17363
1.11737 1.12486 1.14204
1.08898 1.1157 1.11602
1.14044 1.13625 1.11573
1.13043 1.16294 1.15069
1.14481 1.16584 1.16839
1.14426 1.18643 1.16779
1.15625 1.13919 1.134
1.11777 1.15944 1.13963
1.14997 1.15347 1.13823
1.13295 1.15757 1.15462
1.14193 1.17803 1.15852
1.13748 1.17658 1.15719
1.1057 1.15053 1.12912
1.13478 1.16735 1.15757
1.1345 1.17259 1.1574
1.14102 1.14205 1.1258
1.16339 1.15692 1.14609
1.12265 1.16021 1.14556
1.12893 1.13409 1.11306
1.12289 1.14761 1.14116
1.11899 1.15823 1.14045
1.08757 1.12672 1.11088
1.1101 1.13842 1.13264
1.1511 1.14653 1.13256
1.13805 1.1764 1.16062
1.15765 1.19649 1.18118
1.16423 1.18877 1.17789
1.13503 1.16414 1.15589
1.14585 1.18008 1.16697
1.14499 1.18669 1.16701
1.14506 1.1486 1.13376
1.13235 1.16236 1.15539
1.13698 1.17132 1.1593
1.10748 1.14548 1.12973
1.13562 1.17026 1.15857
1.14572 1.18312 1.16702
1.11799 1.14712 1.13894
1.13056 1.1664 1.15252
1.13455 1.16706 1.15469
1.14359 1.1436 1.12679
1.16929 1.15952 1.15148
1.13203 1.17103 1.15473
1.1624 1.20062 1.18313
1.17311 1.16939 1.1572
1.13906 1.17274 1.15676
1.15934 1.19546 1.18182
1.18602 1.22556 1.20679
1.21926 1.25768 1.24034
1.24703 1.27738 1.26958
1.26459 1.2918 1.28218
1.27606 1.29538 1.29763
1.2737 1.29669 1.29578
1.27665 1.29462 1.29861
1.2722 1.30363 1.29503
1.29482 1.31921 1.3106
1.30547 1.34465 1.32758
1.33423 1.33949 1.35792
1.3143 1.34649 1.33428
1.28056 1.28587 1.30362
1.28301 1.30257 1.30501
1.28192 1.31919 1.30508
1.30773 1.34215 1.33088
1.33508 1.34082 1.3521
1.31916 1.35267 1.3371
1.33862 1.35052 1.36119
1.32847 1.36155 1.34548
1.34895 1.35996 1.37043
1.33966 1.34312 1.3582
1.31593 1.35086 1.33779
1.34091 1.34454 1.3584
1.32003 1.35243 1.33934
1.34085 1.34532 1.36008
1.3191 1.35512 1.34155
1.3407 1.35307 1.36349
1.32789 1.33942 1.34971
1.32014 1.34898 1.33636
1.29402 1.33168 1.31554
1.29845 1.33285 1.31776
1.32174 1.3516 1.34173
1.34101 1.34803 1.35988
1.32774 1.33592 1.34696
1.30995 1.34235 1.33276
1.32654 1.33556 1.35016
1.30991 1.34425 1.33011
1.32854 1.33261 1.35195
1.30992 1.34486 1.32695
1.30766 1.34468 1.3291
1.31504 1.34771 1.33182
1.34114 1.34871 1.35907
1.32655 1.35598 1.3459
1.32579 1.33045 1.34622
1.30759 1.34603 1.32704
1.33677 1.34366 1.35374
1.33641 1.34637 1.35938
1.35377 1.35641 1.36839
1.33679 1.34749 1.35832
1.30917 1.34053 1.33053
1.32661 1.33819 1.3491
1.31651 1.3518 1.33882
1.33994 1.35134 1.36397
1.34819 1.35523 1.37048
1.33235 1.33864 1.35149
1.33231 1.34179 1.35561
1.317 1.35103 1.33809
1.33715 1.33953 1.36075
1.34818 1.35324 1.36593
1.32609 1.33174 1.35053
1.30851 1.3355 1.32629
1.30982 1.34153 1.32803
1.33244 1.34269 1.35275
1.31722 1.35502 1.34111
1.32012 1.35559 1.34357
1.35123 1.3556 1.36938
1.33473 1.34451 1.35721
1.33711 1.34524 1.36253
1.3161 1.34602 1.34092
1.3273 1.33891 1.35279
1.33428 1.34338 1.35577
1.3046 1.34382 1.32799
1.30737 1.33973 1.32913
1.32737 1.35793 1.35133
1.3326 1.34193 1.35742
1.31219 1.35274 1.3371
1.33952 1.34988 1.36356
1.32784 1.35511 1.35035
1.32927 1.33938 1.35297
1.31745 1.34876 1.33696
1.3174 1.35382 1.34128
1.32272 1.35474 1.34666
1.33887 1.34587 1.3648
1.34523 1.35547 1.3708
1.33116 1.34162 1.35332
1.31533 1.3557 1.34067
1.32144 1.35718 1.3444
1.34306 1.35074 1.36759
1.3231 1.36511 1.34887
1.32792 1.33941 1.35244
1.31103 1.35149 1.33748
1.33486 1.34735 1.36026
1.34274 1.34481 1.36703
1.31537 1.35876 1.341
1.34349 1.35589 1.36744
1.34697 1.35694 1.3718
1.31614 1.35352 1.34233
1.33859 1.34714 1.3603
1.34114 1.34964 1.36496
1.32221 1.35969 1.34783
1.34539 1.35404 1.36651
1.33012 1.34004 1.35385
1.33212 1.34308 1.35554
1.32 1.35366 1.33963
1.33666 1.34628 1.36086
1.32541 1.35374 1.34284
1.32132 1.35733 1.34432
1.34747 1.35328 1.36451
1.32844 1.3411 1.3525
1.33288 1.34302 1.35384
1.33365 1.33997 1.35587
1.32115 1.35473 1.33765
1.34435 1.34911 1.36388
1.3426 1.35459 1.36735
1.33323 1.34345 1.35487
1.32014 1.35226 1.3429
1.32075 1.35596 1.34575
1.33936 1.34992 1.36391
1.34373 1.35335 1.36681
1.35005 1.35694 1.36934
1.33214 1.34069 1.35529
1.31426 1.35415 1.33645
1.3151 1.34695 1.33865
1.32741 1.33889 1.35348
1.31354 1.34572 1.33712
1.28413 1.30099 1.30753
1.27371 1.29932 1.29667
1.27551 1.30775 1.29731
1.29447 1.32441 1.31184
1.31172 1.33134 1.32943
1.31735 1.34792 1.33507
1.33809 1.34936 1.36159
1.32844 1.36796 1.35256
1.35818 1.36515 1.37979
1.36176 1.36534 1.38411
1.33412 1.34417 1.35904
1.33908 1.34823 1.36085
1.3274 1.35667 1.34525
1.34256 1.35292 1.36645
1.33055 1.33776 1.35206
1.33118 1.33694 1.35419
1.30721 1.33348 1.33063
1.31342 1.33423 1.33607
1.31484 1.35315 1.33767
1.34373 1.34768 1.36327
1.32235 1.35034 1.34169
1.32355 1.35137 1.34405
1.33653 1.3415 1.35719
1.33763 1.34439 1.3594
1.31936 1.33753 1.34034
1.31403 1.34332 1.33685
1.31613 1.35057 1.33843
1.33742 1.34108 1.35721
1.31399 1.34215 1.33753
1.3163 1.35413 1.33847
1.32123 1.34349 1.34032
1.32255 1.34263 1.34622
1.32142 1.35467 1.3443
1.2947 1.29817 1.31388
1.2901 1.30921 1.31452
1.30097 1.32901 1.31666
1.31307 1.33829 1.33678
1.31946 1.34708 1.34232
1.32097 1.3585 1.34463
1.32257 1.34496 1.3462
1.32219 1.34631 1.34644
1.32476 1.34734 1.34787
1.32426 1.33609 1.34828
1.31265 1.34157 1.33323
1.3144 1.33175 1.33442
1.31112 1.34387 1.33265
1.31091 1.34825 1.33434
1.33259 1.33964 1.3561
1.34764 1.34524 1.33573
1.31719 1.34991 1.33695
1.33986 1.34048 1.35746
1.31393 1.35568 1.33592
1.31613 1.34748 1.33697
1.32885 1.34051 1.35235
1.32603 1.35154 1.33871
1.32121 1.34984 1.34033
1.3333 1.33655 1.35506
1.31561 1.34009 1.33018
1.31232 1.34058 1.33171
1.32964 1.35544 1.34558
1.32811 1.35657 1.3479
1.33948 1.34339 1.36241
1.32669 1.34579 1.33568
1.32877 1.3293 1.35092
1.32968 1.33106 1.35258
1.30941 1.33913 1.32415
1.32264 1.33964 1.34598
1.32448 1.33659 1.34814
1.32173 1.34342 1.33447
1.3269 1.35826 1.34774
1.299 1.33578 1.32059
1.30029 1.33321 1.32136
1.31935 1.36047 1.33994
1.34914 1.35997 1.37131
1.35247 1.3634 1.37467
1.35757 1.35757 1.3585
1.35702 1.35702 1.35777
1.35684 1.35684 1.35757
1.3584 1.34884 1.35906
1.36279 1.36548 1.34362
1.3573 1.35633 1.37511
1.34963 1.34963 1.34968
1.34965 1.34965 1.34995
1.33786 1.34876 1.34926
1.34003 1.34012 1.351
1.34976 1.35272 1.33732
1.34167 1.34509 1.35956
1.34394 1.35153 1.36255
1.36282 1.35908 1.34738
1.34791 1.34881 1.36392
1.34616 1.35367 1.36597
1.34901 1.34901 1.34989
1.34784 1.34784 1.34882
1.34969 1.34969 1.35043
1.34971 1.34971 1.35042
1.35123 1.35123 1.35187
1.35105 1.35105 1.35177
1.35108 1.35108 1.35182
1.3523 1.3523 1.35303
1.35238 1.35238 1.3531
1.35241 1.35241 1.35314
1.35366 1.34156 1.35435
1.35235 1.35453 1.33851
1.3567 1.35339 1.339
1.34591 1.34866 1.3613
1.35633 1.3568 1.34559
1.35921 1.3599 1.34629
1.35251 1.3562 1.36588
1.33556 1.33931 1.35486
1.33559 1.34353 1.35551
1.32509 1.35239 1.33891
1.34194 1.34646 1.35838
1.31808 1.34937 1.33696
1.32202 1.33427 1.33782
1.34721 1.35245 1.33498
1.3426 1.35095 1.36127
1.34339 1.35186 1.36322
1.33154 1.33758 1.34937
1.35467 1.34736 1.33312
1.3556 1.34847 1.33385
1.33694 1.34769 1.35698
1.35701 1.36032 1.34627
1.32908 1.36566 1.34612
1.35408 1.36389 1.37422
1.35794 1.35772 1.37644
1.33561 1.33206 1.35075
1.33383 1.33366 1.35096
1.30936 1.33927 1.32717
1.32588 1.35623 1.34539
1.32863 1.35919 1.34691
1.34743 1.35364 1.3663
1.34592 1.3513 1.36797
1.34757 1.35472 1.36873
1.33014 1.3345 1.34987
1.31037 1.3467 1.32907
1.31167 1.3475 1.33029
1.33459 1.336 1.35596
1.30996 1.34638 1.3302
1.34786 1.3449 1.33046
1.33244 1.3353 1.35186
1.33485 1.33675 1.35454
1.34808 1.34982 1.33114
1.33834 1.33728 1.3575
1.33965 1.34042 1.35972
1.35017 1.35192 1.33473
1.34866 1.35189 1.33463
1.34069 1.34427 1.3597
1.32021 1.35832 1.34082
1.32093 1.35985 1.34142
1.33516 1.32705 1.31349
1.31649 1.34709 1.33432
1.31908 1.35224 1.3358
1.34014 1.34599 1.36076
1.32131 1.35226 1.34161
1.32681 1.35525 1.34251
1.34192 1.34606 1.36122
1.32429 1.36039 1.34167
1.32407 1.35257 1.34245
1.33893 1.34175 1.35803
1.34961 1.34394 1.3342
1.31689 1.3539 1.3346
1.33964 1.34351 1.36285
1.35327 1.35698 1.33819
1.32124 1.35789 1.33894
1.34724 1.35316 1.36668
1.33334 1.33117 1.34921
1.30622 1.34005 1.32532
1.34676 1.34176 1.32588
1.33083 1.33365 1.34999
1.30786 1.33946 1.32515
1.30986 1.34054 1.3261
1.36613 1.36487 1.34727
1.35623 1.35629 1.3748
1.35728 1.3614 1.3762
1.34014 1.34401 1.35619
1.33954 1.34413 1.35615
1.3218 1.35682 1.34164
1.34265 1.35128 1.36425
1.34528 1.35097 1.36653
1.35798 1.35304 1.33851
1.3396 1.34011 1.3586
1.35274 1.34702 1.33378
1.3484 1.35312 1.33515
1.34499 1.35245 1.36239
1.33241 1.33841 1.35082
1.33415 1.33482 1.35193
1.31109 1.34438 1.32852
1.34191 1.34015 1.32928
1.36099 1.35027 1.34592
1.34838 1.35328 1.3699
1.33071 1.36498 1.34784
1.35482 1.35995 1.37195
1.35633 1.35713 1.37422
1.33377 1.33998 1.352
1.35275 1.35008 1.33606
1.3547 1.34848 1.33622
1.33858 1.35369 1.35429
1.33989 1.34493 1.35537
1.33861 1.33886 1.35625
1.34958 1.3476 1.33242
1.33382 1.33576 1.35662
1.3093 1.34816 1.32815
1.31422 1.34746 1.32988
1.33915 1.339 1.35563
1.34062 1.34483 1.35756
1.32193 1.35774 1.3411
1.33415 1.33057 1.31536
1.31893 1.35221 1.33707
1.33986 1.349 1.36096
1.34276 1.34704 1.36281
1.32212 1.35558 1.34077
1.34471 1.34566 1.3614
1.34622 1.34542 1.36288
1.35568 1.35973 1.34034
1.32323 1.35634 1.34039
1.34789 1.34595 1.36302
1.36 1.36169 1.34497
1.35356 1.35281 1.36778
1.35467 1.35578 1.36901
1.33721 1.34037 1.35137
1.32076 1.35215 1.33716
1.3222 1.35387 1.33679
1.32092 1.35369 1.33845
1.34378 1.3466 1.36164
1.3613 1.35688 1.34335
1.34723 1.35966 1.36893
1.34868 1.35128 1.37033
1.36632 1.36233 1.34491
1.34743 1.34978 1.36938
1.35074 1.35692 1.37107
1.33424 1.33888 1.35319
1.33661 1.34013 1.35335
1.31672 1.34504 1.33592
1.33222 1.33631 1.34948
1.33884 1.34502 1.32683
1.30939 1.34787 1.32726
1.33617 1.3417 1.35732
1.35886 1.35101 1.33743
1.34032 1.34142 1.35604
1.33978 1.34266 1.35698
1.35433 1.34783 1.33894
1.35293 1.35413 1.33951
1.342 1.34563 1.36152
1.31762 1.35159 1.33614
1.34086 1.34858 1.35853
1.34234 1.34541 1.35945
1.32368 1.35557 1.34056
1.34251 1.34855 1.36252
1.34477 1.34911 1.36357
1.32431 1.35758 1.34406
1.32674 1.35717 1.34434
1.34529 1.34198 1.36376
1.35324 1.35003 1.33468
1.35367 1.35576 1.33507
1.34052 1.35182 1.36223
1.33261 1.33754 1.34998
