1.07158 1.07132 1.07206
1.0662 1.06596 1.06712
1.06506 1.06595 1.06615
1.06464 1.06558 1.06607
1.08955 1.06776 1.07276
1.0809 1.06802 1.06881
1.07758 1.06876 1.0689
1.10242 1.07811 1.08442
1.08896 1.07373 1.07336
1.06833 1.07293 1.07393
1.08387 1.06679 1.06688
1.08297 1.06795 1.06688
1.08299 1.06725 1.06648
1.08395 1.09362 1.09345
1.11442 1.09643 1.09574
1.11373 1.10273 1.09939
1.14193 1.11963 1.12311
1.14019 1.11627 1.11849
1.13943 1.11702 1.11807
1.1628 1.1504 1.1483
1.13811 1.14961 1.14688
1.16376 1.14544 1.14615
1.1888 1.16761 1.17022
1.18107 1.16281 1.1657
1.16014 1.16478 1.16642
1.14899 1.1562 1.15549
1.15132 1.15391 1.15571
1.17637 1.15796 1.15801
1.20757 1.18823 1.18952
1.20141 1.18789 1.18678
1.18709 1.18419 1.18632
1.18567 1.18325 1.18716
1.19511 1.17779 1.17942
1.19202 1.18425 1.18211
1.19419 1.19673 1.19944
1.20588 1.18948 1.19255
1.209 1.19378 1.19437
1.21736 1.21863 1.22528
1.20571 1.20636 1.21138
1.20649 1.20824 1.21238
1.1908 1.19232 1.19674
1.18918 1.19309 1.19016
1.18947 1.19163 1.19394
1.18935 1.18363 1.18188
1.18466 1.18396 1.1863
1.19056 1.19018 1.19338
1.18636 1.1875 1.18765
1.18137 1.18174 1.18143
1.19027 1.19145 1.19049
1.18201 1.1822 1.18021
1.1791 1.17974 1.17779
1.19137 1.19194 1.18764
1.1882 1.18968 1.18829
1.18419 1.18607 1.18414
1.19312 1.19499 1.19241
1.18755 1.1875 1.18535
1.18244 1.1815 1.18057
1.19651 1.19655 1.19542
1.19418 1.1946 1.19356
1.18662 1.18741 1.18761
1.2035 1.20231 1.20159
1.19733 1.19851 1.19629
1.1986 1.19895 1.19753
1.22346 1.2225 1.21766
1.22466 1.225 1.22238
1.22132 1.22116 1.22049
1.23083 1.22932 1.22825
1.23165 1.23011 1.22879
1.22295 1.22234 1.22217
1.21823 1.22038 1.21989
1.21517 1.21485 1.21548
1.21652 1.2151 1.21598
1.22371 1.22386 1.2226
1.22667 1.22577 1.22541
1.22179 1.22403 1.22137
1.22902 1.22664 1.22575
1.22767 1.22809 1.22612
1.22563 1.22631 1.22389
1.23499 1.23401 1.22998
1.23079 1.23017 1.22973
1.23101 1.23192 1.22774
1.24152 1.24095 1.2389
1.23917 1.24011 1.24126
1.24026 1.24064 1.2389
1.24466 1.24511 1.24585
1.24725 1.24701 1.24679
1.24707 1.24607 1.24427
1.26072 1.26089 1.25877
1.27033 1.27001 1.26688
1.27879 1.27887 1.27738
1.28664 1.28732 1.28641
1.28642 1.28597 1.28374
1.28399 1.28384 1.2819
1.29032 1.29111 1.28918
1.28878 1.28856 1.28807
1.28803 1.28785 1.28697
1.28674 1.28713 1.28361
1.28517 1.28983 1.28584
1.28809 1.28571 1.28894
1.28745 1.28785 1.28856
1.28848 1.28898 1.28797
1.28912 1.28767 1.29091
1.29335 1.29106 1.2894
1.29347 1.29338 1.29248
1.29561 1.29209 1.29369
1.29659 1.29888 1.29443
1.30057 1.29947 1.29893
1.30777 1.3064 1.30522
1.31281 1.31236 1.30946
1.31827 1.31893 1.31674
1.32559 1.32475 1.3236
1.32971 1.329 1.32786
1.33451 1.33385 1.33251
1.33634 1.33552 1.33271
1.34047 1.34011 1.33782
1.34372 1.34353 1.34252
1.34752 1.34585 1.34561
1.35098 1.34873 1.34839
1.35651 1.35598 1.35222
1.35913 1.3593 1.35744
1.36301 1.36441 1.36229
1.36825 1.36682 1.36349
1.369 1.36658 1.36393
1.37372 1.3743 1.37291
1.37418 1.37464 1.37185
1.37585 1.37513 1.37354
1.38786 1.38732 1.38722
1.39281 1.39383 1.39191
1.40075 1.39659 1.39633
1.41401 1.41237 1.4129
1.46582 1.46499 1.46488
1.44268 1.44267 1.44849
1.46484 1.46545 1.46596
1.4859 1.48182 1.48548
1.51362 1.51583 1.52155
1.54642 1.54867 1.54903
1.60438 1.60305 1.59915
1.63024 1.62814 1.63016
1.65774 1.65484 1.65179
1.67894 1.68251 1.67898
1.70695 1.7055 1.70309
1.72547 1.72757 1.72832
1.77879 1.77598 1.77746
1.5662 1.56612 1.56628
1.55326 1.55289 1.55253
1.60348 1.60573 1.60368
1.47129 1.47595 1.46932
1.21243 1.21229 1.20799
1.16434 1.16521 1.16474
1.15105 1.15116 1.15168
1.11555 1.11502 1.11579
1.12851 1.129 1.12892
1.13756 1.13773 1.13721
1.13155 1.13244 1.13173
1.13122 1.13126 1.13135
1.1314 1.13241 1.13192
1.12898 1.12811 1.12829
1.13173 1.13271 1.13282
1.13758 1.13665 1.13702
1.1379 1.1385 1.13846
1.13949 1.13924 1.14002
