1.0434 1.04321 1.05604
1.08842 1.07686 1.04888
1.08756 1.06101 1.04788
1.06322 1.05173 1.04988
1.08823 1.0514 1.08918
1.06869 1.0721 1.10816
1.05751 1.06707 1.07712
1.1056 1.08697 1.06065
1.06395 1.07688 1.14427
1.08047 1.05233 1.05583
1.08861 1.08176 1.04966
1.04579 1.11991 1.07518
1.05589 1.07179 1.07237
1.06551 1.0593 1.06101
1.04778 1.04379 1.04528
1.04554 1.09678 1.04451
1.04798 1.06523 1.05696
1.03821 1.04259 1.05344
1.03915 1.03824 1.07801
1.04542 1.04516 1.04413
1.04175 1.04113 1.04185
1.04468 1.03513 1.04489
1.03678 1.03705 1.04183
1.06558 1.03976 1.03828
1.04993 1.04615 1.04154
1.03317 1.03225 1.03344
1.02783 1.05001 1.03405
1.02636 1.02834 1.02716
1.02765 1.02594 1.02869
1.02563 1.02827 1.02906
1.02691 1.02611 1.02561
1.02476 1.02456 1.02533
1.02139 1.02395 1.02246
1.02377 1.02549 1.02799
1.029 1.02273 1.02306
1.02193 1.02461 1.02414
1.02152 1.03984 1.02238
1.02712 1.03121 1.02231
1.05116 1.02168 1.0397
1.01917 1.02299 1.02363
1.02575 1.02275 1.01834
1.02175 1.02146 1.02185
1.02083 1.02921 1.02094
1.04067 1.02648 1.03022
1.02157 1.01824 1.01796
1.02638 1.01955 1.01905
1.03656 1.01764 1.01838
1.02679 1.02853 1.02217
1.03029 1.02079 1.02069
1.03348 1.03635 1.05189
1.0251 1.017 1.01699
1.02053 1.02789 1.01839
1.01918 1.01969 1.02197
1.01758 1.0167 1.01763
1.02749 1.02774 1.02627
1.0162 1.01759 1.0196
1.01565 1.0379 1.01789
1.01836 1.01869 1.01992
1.01585 1.01625 1.02078
1.01582 1.01931 1.01904
1.01806 1.02233 1.02237
1.01532 1.01713 1.01706
1.04225 1.01649 1.0209
1.02442 1.01954 1.01918
1.02395 1.01892 1.01774
1.01861 1.01763 1.01758
1.01874 1.01811 1.01809
1.01643 1.01491 1.02019
1.01747 1.01623 1.02028
1.02084 1.02227 1.02067
1.02243 1.02132 1.01814
1.01794 1.02198 1.02251
1.0247 1.02488 1.02439
1.02293 1.02123 1.02504
1.02468 1.02195 1.02296
1.02207 1.02481 1.02264
1.02104 1.02633 1.02736
1.0236 1.02512 1.02478
1.02501 1.02447 1.02744
1.02217 1.02389 1.02174
1.0262 1.02475 1.02454
1.02447 1.02398 1.02296
1.0246 1.02806 1.02548
1.02846 1.02706 1.02783
1.02464 1.0268 1.02902
1.02763 1.02713 1.02669
1.0257 1.02774 1.02599
1.02483 1.02435 1.02506
1.02471 1.02514 1.0243
1.0255 1.02546 1.02941
1.02525 1.02655 1.02703
1.02655 1.02983 1.02809
1.02485 1.02493 1.02429
1.03052 1.02778 1.02846
1.02655 1.02889 1.0282
1.02839 1.02932 1.03104
1.0296 1.02955 1.02934
1.02821 1.02876 1.02917
1.0293 1.03062 1.02955
1.03165 1.03222 1.03314
1.03156 1.03228 1.03376
1.03259 1.0394 1.03372
1.03365 1.03263 1.03412
1.03355 1.0337 1.03214
1.03429 1.03173 1.0304
1.03029 1.032 1.02982
1.03059 1.03421 1.03449
1.03229 1.03218 1.03278
1.03315 1.03373 1.032
1.03127 1.03306 1.02783
1.03142 1.03086 1.03028
1.02439 1.02769 1.02655
1.03082 1.0283 1.03004
1.02488 1.0458 1.0229
1.0262 1.02402 1.02943
1.02407 1.02777 1.02691
1.02916 1.02312 1.02521
1.02918 1.0288 1.02969
1.0294 1.02952 1.03011
1.0287 1.02965 1.03208
1.03379 1.03281 1.03538
1.03383 1.03495 1.03447
1.02975 1.03691 1.02981
1.03464 1.03401 1.03149
1.02984 1.03514 1.03431
1.02363 1.03255 1.02581
1.02905 1.03595 1.03153
1.02437 1.03179 1.03304
1.02313 1.03461 1.03153
1.03598 1.03271 1.02387
1.03196 1.035 1.03102
1.03092 1.04088 1.01641
1.02458 1.03388 1.06221
1.0365 1.03166 1.01822
1.03313 1.03224 1.03221
1.04202 1.0288 1.03192
1.10373 1.05452 1.0257
1.02535 1.03866 1.03046
1.03628 1.03739 1.05784
1.02339 1.02293 1.03371
1.03394 1.03529 1.05917
1.03622 1.03445 1.02834
1.03522 1.03815 1.02046
1.03233 1.04481 1.03172
1.02346 1.0428 1.02994
1.01888 1.02219 1.03356
1.03651 1.02627 1.02337
1.0494 1.03209 1.03581
1.04388 1.04022 1.03024
1.03447 1.03431 1.03593
1.03507 1.04113 1.02826
1.05022 1.04405 1.04171
1.06557 1.02483 1.03804
1.02771 1.03514 1.03298
1.03486 1.02137 1.02102
1.0286 1.03598 1.0251
1.03002 1.03868 1.01996
1.03524 1.03658 1.02956
1.04 1.04183 1.04262
1.06303 1.07252 1.04287
1.0328 1.04654 1.03111
1.03082 1.05102 1.0392
1.03766 1.04302 1.0468
1.04194 1.04455 1.03696
1.04109 1.04627 1.03954
1.05094 1.05238 1.06668
1.03044 1.03212 1.03571
1.03901 1.05102 1.04712
1.07908 1.07567 1.05852
1.04731 1.0453 1.063
1.03638 1.03237 1.03876
1.06073 1.05293 1.03628
1.02639 1.02617 1.02893
1.03876 1.0223 1.03641
1.04161 1.04538 1.0564
1.0344 1.0317 1.02799
1.07456 1.08422 1.0441
1.0393 1.10045 1.04029
1.11584 1.11561 1.04111
1.05263 1.05094 1.04229
1.07121 1.02954 1.03125
1.05663 1.04799 1.02487
1.03754 1.03368 1.03036
1.02809 1.03291 1.02009
1.03751 1.0307 1.03542
1.03231 1.02579 1.06792
1.03915 1.03544 1.04323
1.12579 1.03445 1.03084
1.05859 1.05687 1.05222
1.03015 1.0284 1.02186
1.02867 1.02823 1.024
1.02623 1.03377 1.02727
1.02578 1.03422 1.05519
1.0362 1.03063 1.02566
1.02711 1.02212 1.0217
1.06067 1.02154 1.04008
1.0283 1.0755 1.04343
1.03444 1.02932 1.0246
1.03107 1.03678 1.03489
1.03608 1.03275 1.03835
1.02813 1.03749 1.03755
1.04194 1.03605 1.04547
1.02694 1.0323 1.04645
1.04763 1.07907 1.03542
1.03997 1.0465 1.03337
1.05955 1.03407 1.03623
1.04227 1.0319 1.02766
1.04831 1.07073 1.04206
1.06492 1.0388 1.04079
1.03958 1.08986 1.04255
1.04581 1.08827 1.03323
1.03617 1.03942 1.03539
1.03134 1.03962 1.04167
1.0436 1.05659 1.03844
1.06662 1.06834 1.03289
1.02425 1.02502 1.0247
1.05007 1.03637 1.03896
1.05509 1.04059 1.04219
1.05152 1.04807 1.0442
1.07219 1.03545 1.04195
1.03007 1.03749 1.03485
1.03356 1.04211 1.03503
1.05783 1.09238 1.03281
1.06652 1.038 1.04691
1.05509 1.0453 1.03133
1.04322 1.03518 1.04208
1.0222 1.02359 1.02867
1.0241 1.03127 1.03574
1.03539 1.03899 1.02966
1.06414 1.06644 1.03547
1.03177 1.04975 1.02636
1.02996 1.03629 1.04057
1.06842 1.04997 1.03603
1.03246 1.03149 1.0591
1.03761 1.04092 1.03201
1.05801 1.02536 1.03647
1.03321 1.03363 1.03015
1.04041 1.04912 1.06062
1.04152 1.05579 1.0474
1.08323 1.03285 1.02824
1.04167 1.03967 1.03595
1.03004 1.0309 1.03061
1.03856 1.03842 1.04271
1.04517 1.03266 1.03617
1.02706 1.02832 1.04079
1.05582 1.0995 1.03942
1.03564 1.03333 1.03214
1.03568 1.02539 1.02738
1.0255 1.02416 1.02701
1.03071 1.06028 1.05446
1.04721 1.03317 1.03251
1.03704 1.03749 1.03191
1.04226 1.03862 1.04048
1.03206 1.0426 1.03927
1.11726 1.03514 1.02577
1.05881 1.06485 1.0223
1.03516 1.03642 1.0409
1.03567 1.05211 1.03883
1.03256 1.01974 1.0252
1.04419 1.0416 1.05013
1.04323 1.02379 1.02549
1.04058 1.03527 1.03027
1.05343 1.03751 1.03175
1.03463 1.03613 1.04053
1.03426 1.02934 1.04187
1.04382 1.04306 1.03771
1.02845 1.03837 1.04157
1.09584 1.03637 1.03795
1.02645 1.03615 1.02656
1.04432 1.04498 1.03943
1.03266 1.04015 1.04025
1.08108 1.07988 1.06034
1.05476 1.02635 1.02323
1.02662 1.02558 1.02598
1.04355 1.03025 1.03129
1.04573 1.03293 1.03271
1.03796 1.02997 1.04032
1.02347 1.04037 1.02863
1.03469 1.03096 1.04177
1.04091 1.03966 1.0391
1.0459 1.04475 1.03778
1.04692 1.03341 1.0757
1.03987 1.04564 1.03897
1.05588 1.05216 1.03773
1.07521 1.03946 1.06292
1.03751 1.02993 1.03597
1.06377 1.04526 1.03973
1.05205 1.05398 1.04119
1.0374 1.0422 1.02762
1.07504 1.04872 1.04327
1.03486 1.04225 1.04808
1.05046 1.0415 1.04436
1.02816 1.03203 1.02773
1.0318 1.03421 1.0539
1.03559 1.03962 1.03455
1.04493 1.02825 1.07331
1.03829 1.03643 1.04337
1.02817 1.03058 1.03418
1.02054 1.02986 1.02465
1.07871 1.03997 1.02778
1.1036 1.02768 1.03513
1.03925 1.03585 1.02355
1.02645 1.03562 1.02835
1.0285 1.02228 1.02723
1.03739 1.03293 1.03304
1.02569 1.10154 1.02036
1.06967 1.07945 1.06976
1.03516 1.01993 1.02482
1.04731 1.03927 1.04078
1.0292 1.06131 1.04036
1.04466 1.02766 1.04019
1.03443 1.02025 1.02995
1.04183 1.0287 1.03416
1.04431 1.03538 1.03048
1.0371 1.02432 1.02331
1.03791 1.02281 1.02485
1.03332 1.03106 1.04082
1.04038 1.03085 1.02348
1.03104 1.03125 1.03025
1.0496 1.03463 1.03505
1.03848 1.03293 1.03977
1.03352 1.07719 1.03974
1.02489 1.02783 1.04116
1.0387 1.04132 1.03133
1.03487 1.04098 1.04159
1.02239 1.03355 1.02686
1.03435 1.02435 1.02982
1.05122 1.04285 1.04136
1.0578 1.0532 1.04586
1.03953 1.02774 1.03452
1.05185 1.04759 1.04461
1.03536 1.04067 1.04363
1.03904 1.04004 1.02926
1.05884 1.04507 1.03615
1.04064 1.03225 1.03007
1.03818 1.04053 1.03078
1.04295 1.04069 1.04344
1.04991 1.04421 1.0839
1.04055 1.03688 1.03366
1.03802 1.03928 1.04238
1.03343 1.04485 1.03646
1.03625 1.04132 1.03231
1.02961 1.04256 1.04526
1.03927 1.03372 1.03108
1.03871 1.03463 1.05676
1.04079 1.03637 1.03769
1.02621 1.0299 1.03623
1.02964 1.02701 1.03117
1.05543 1.03818 1.05312
1.06499 1.03376 1.15235
1.04276 1.0323 1.03097
1.03367 1.03793 1.03349
1.03915 1.03716 1.03054
1.06875 1.04823 1.03955
1.03915 1.05322 1.04428
1.03014 1.04676 1.04744
1.02809 1.02976 1.03318
1.03284 1.02957 1.03576
1.04154 1.02517 1.05361
1.03834 1.03401 1.0296
1.04518 1.04448 1.04483
1.03204 1.0651 1.0319
1.02944 1.07738 1.02371
1.02898 1.04755 1.02993
1.02786 1.0422 1.04097
1.03106 1.04716 1.04812
1.02742 1.04193 1.06742
1.04743 1.03817 1.03329
1.06003 1.05411 1.04996
1.03106 1.08429 1.03454
1.02617 1.02684 1.0249
1.03724 1.05048 1.045
1.08299 1.03532 1.03604
1.03814 1.04326 1.0414
1.06095 1.04942 1.05491
1.05157 1.04337 1.05443
1.03392 1.0346 1.03532
1.07387 1.07374 1.05508
1.05646 1.03858 1.06297
1.04972 1.06822 1.0715
1.02951 1.02979 1.04841
1.05178 1.03223 1.03159
1.03436 1.03458 1.02987
1.0685 1.05153 1.04583
1.08153 1.06834 1.0368
1.04387 1.043 1.04315
1.03793 1.04105 1.03832
1.03125 1.03168 1.05132
1.03521 1.0297 1.03404
1.04612 1.03959 1.03911
1.03205 1.03362 1.03371
1.0446 1.03349 1.03352
1.06528 1.05565 1.04982
1.09309 1.04212 1.04303
1.03976 1.05999 1.05996
1.03547 1.16337 1.09186
1.05474 1.04951 1.04822
1.03678 1.04042 1.0515
1.06615 1.09273 1.03525
1.08782 1.09747 1.05049
1.05299 1.06234 1.05719
1.04105 1.0348 1.04141
1.03888 1.06233 1.03704
1.04682 1.04756 1.04738
1.05717 1.0336 1.04502
1.05264 1.03834 1.02937
1.03854 1.04006 1.03859
1.08701 1.03276 1.0331
1.03333 1.07777 1.03456
1.06061 1.08262 1.06446
1.08503 1.03529 1.03499
1.05475 1.07171 1.06237
1.08134 1.0735 1.03138
1.06015 1.03144 1.03106
1.04867 1.05016 1.03297
1.07493 1.05539 1.06918
1.05227 1.05499 1.06572
1.04056 1.04073 1.04009
1.04004 1.03823 1.04215
1.03956 1.0419 1.05334
1.04742 1.04299 1.03743
1.06209 1.06517 1.06248
1.04204 1.04403 1.04502
1.03524 1.02241 1.03434
1.0392 1.04506 1.03804
1.03402 1.02503 1.02797
1.0634 1.04 1.04837
1.03238 1.03792 1.05391
1.03495 1.04212 1.02475
1.0255 1.03166 1.06879
1.03585 1.03129 1.03549
1.04062 1.07181 1.03173
1.02866 1.0392 1.03407
1.0621 1.03539 1.03659
1.04246 1.0295 1.03912
1.05122 1.06545 1.0345
1.03187 1.0622 1.05422
1.03284 1.05473 1.03146
1.03876 1.03364 1.03467
1.02768 1.02786 1.07918
1.0395 1.04004 1.0729
1.03347 1.0271 1.04391
1.04511 1.04955 1.05786
1.03743 1.04275 1.04405
1.06733 1.02772 1.04748
1.03394 1.03957 1.03992
1.03688 1.03849 1.02822
1.03144 1.0335 1.03366
1.05497 1.04615 1.03916
1.0329 1.06249 1.03425
1.03273 1.04271 1.06857
1.04423 1.02758 1.02337
1.0372 1.08013 1.038
1.05619 1.03693 1.05104
1.04614 1.04624 1.04215
1.08143 1.04275 1.04056
1.03529 1.03494 1.0453
1.04204 1.04082 1.04563
1.03786 1.03402 1.03395
1.1046 1.05442 1.03447
1.0416 1.03945 1.03594
1.09719 1.04962 1.04517
1.09756 1.05791 1.04524
1.04121 1.03962 1.04194
1.03998 1.03661 1.03837
1.03639 1.03529 1.03368
1.05314 1.04809 1.03181
1.0246 1.08095 1.01924
1.05058 1.03011 1.03912
1.03523 1.04261 1.04172
1.03983 1.03942 1.0382
1.03416 1.05735 1.03769
1.03394 1.0341 1.03762
1.04565 1.04216 1.04271
1.03516 1.03209 1.15197
1.02602 1.02765 1.02603
1.03179 1.03193 1.06301
1.04085 1.04078 1.04051
1.16616 1.04549 1.04326
1.03142 1.04287 1.03611
1.0769 1.05979 1.03609
1.07247 1.03424 1.06357
1.07361 1.03116 1.02616
1.03376 1.03581 1.05663
1.03148 1.03203 1.03304
1.02772 1.02498 1.02987
1.04234 1.05376 1.02394
1.04727 1.0717 1.15991
1.03683 1.04173 1.0397
1.07889 1.04637 1.04213
1.05551 1.06721 1.055
1.02733 1.07909 1.02357
1.03642 1.0509 1.07393
1.071 1.03156 1.04698
1.05337 1.0408 1.09623
1.02906 1.03413 1.02522
1.03411 1.03072 1.07468
1.13351 1.04531 1.04054
1.05241 1.07836 1.03586
1.04745 1.09342 1.09173
1.03806 1.07253 1.08048
1.04179 1.0329 1.03726
1.03637 1.06543 1.17823
1.02952 1.03145 1.03397
1.0352 1.03774 1.03215
1.03892 1.03574 1.04875
1.03621 1.03294 1.03638
1.04607 1.04937 1.04834
1.05574 1.03297 1.04773
1.03364 1.03427 1.0379
1.05827 1.03824 1.02831
1.03047 1.03291 1.03098
1.0352 1.05909 1.04483
1.03635 1.09132 1.0282
1.02658 1.04952 1.03778
1.06144 1.05655 1.06255
1.05288 1.08064 1.03673
1.02934 1.05415 1.02663
1.06025 1.05176 1.04758
1.05344 1.02964 1.03475
1.03765 1.04817 1.08126
1.04693 1.04895 1.04712
1.08323 1.07314 1.03398
1.0429 1.03204 1.07681
1.02928 1.02099 1.03143
1.06401 1.03367 1.05196
1.03939 1.05232 1.0421
1.04658 1.0337 1.05199
1.03347 1.08932 1.05776
1.03227 1.0428 1.03816
1.04255 1.04124 1.05133
1.0368 1.03548 1.07853
1.03704 1.04978 1.05201
1.08203 1.04658 1.03729
1.05071 1.04766 1.05068
1.04276 1.04189 1.03183
1.05428 1.04096 1.07961
1.074 1.05137 1.02929
1.02941 1.02986 1.03711
1.02308 1.03026 1.08393
1.02767 1.04767 1.02285
1.06074 1.08482 1.02551
1.06836 1.02911 1.0255
1.02699 1.0398 1.03277
1.03021 1.01722 1.05747
1.04556 1.06299 1.03331
1.02681 1.03421 1.032
1.03862 1.04705 1.04801
1.05324 1.03728 1.05025
1.04965 1.02193 1.02577
1.03603 1.03189 1.02576
1.02563 1.02393 1.07029
1.02798 1.02825 1.03334
1.03316 1.02675 1.0233
1.04248 1.03325 1.03119
1.05207 1.03132 1.06175
1.04555 1.0337 1.04598
1.03592 1.04314 1.02897
1.04899 1.06137 1.03931
1.02897 1.03491 1.03455
1.02162 1.04403 1.05002
1.02259 1.02523 1.03798
1.04246 1.02231 1.0261
1.03946 1.03531 1.02045
1.03355 1.03486 1.03777
1.02612 1.02799 1.08574
1.02511 1.05274 1.02786
1.04058 1.03699 1.03898
1.02558 1.02865 1.03221
1.0592 1.04335 1.08871
1.05044 1.02627 1.04114
1.03313 1.02742 1.02305
1.04299 1.02532 1.02651
1.03914 1.07524 1.0388
1.04252 1.02551 1.03554
1.04455 1.03991 1.06676
1.0231 1.02458 1.08254
1.04002 1.02725 1.06291
1.07692 1.06068 1.02179
1.02661 1.02451 1.03246
1.06634 1.055 1.04963
1.02768 1.05122 1.03219
1.02973 1.07825 1.04196
1.02732 1.04112 1.02757
1.02548 1.02533 1.02073
1.02353 1.04166 1.03392
1.03255 1.04762 1.06501
1.02725 1.02456 1.04073
1.03416 1.04091 1.04617
1.02022 1.02405 1.03072
1.04721 1.05623 1.04403
1.02767 1.02223 1.01785
1.09636 1.03145 1.03635
1.04035 1.04253 1.05674
1.02669 1.04208 1.02506
1.0467 1.02216 1.04603
1.04386 1.03711 1.02247
1.03158 1.03598 1.04357
1.02855 1.03618 1.09727
1.03722 1.03324 1.04833
1.02919 1.03667 1.03722
