25.9431039214
25.9431039214
25.9431039214
25.9431039214
25.9431039214
25.8723932445
25.8723932445
25.8357907057
25.8357907057
25.8357907057
25.8357907057
25.8357907057
25.8198988438
25.8198988438
25.8198988438
25.8198988438
25.7698988438
25.7906095207
25.7906095207
25.8040069818
25.8040069818
25.8040069818
25.717404443
25.667404443
25.5808019042
25.5441993654
25.5075968266
25.4417049646
25.4417049646
25.4417049646
25.3917049646
25.3258131027
25.2599212408
25.1392105639
25.073318702
25.0074268401
24.9208243012
24.8501136243
24.7794029474
24.7086922705
24.6172709167
24.4392470241
24.2064043164
24.0614295781
24.0614295781
24.0614295781
24.0407189012
24.0200082242
23.9700082242
23.9541163623
23.9541163623
23.9334056854
23.9334056854
23.9334056854
23.8626950085
23.8419843316
23.8419843316
23.8419843316
23.8419843316
23.7919843316
23.673598069
23.673598069
23.657706207
23.6418143451
23.5918143451
23.5211036682
23.4711036682
23.4503929913
23.3345011294
23.2930797756
23.2771879137
23.2271879137
23.2271879137
23.2112960517
23.1905853748
23.1905853748
23.099164021
23.099164021
23.0125614822
22.8625614822
22.8125614822
22.7625614822
22.6918508053
22.5918508053
22.5418508053
22.5418508053
22.4711401284
22.4211401284
22.3552482665
22.3345375896
22.2638269126
22.1565136969
22.0492004812
21.9784898043
21.8784898043
21.8418872654
21.8211765885
21.7504659116
21.6797552347
21.6431526959
21.622442019
21.5517313421
21.5310206652
21.4944181263
21.4237074494
21.4029967725
21.2663942337
21.2456835568
21.204262203
21.104262203
21.0262383103
20.9348169565
20.9189250946
20.8482144177
20.8275037408
20.7116118789
20.7116118789
20.595720017
20.5139362931
20.4273337543
20.3455500305
20.2796581686
20.1296581686
20.1089474916
20.0430556297
20.0430556297
19.8516342759
19.7650317371
19.6650317371
19.6150317371
19.5491398752
19.4784291983
19.4784291983
19.4077185214
19.4236103833
19.3236103833
19.2577185214
19.2077185214
19.1370078444
19.1162971675
19.0504053056
18.9796946287
18.9589839518
18.8589839518
18.7382732749
18.6150681973
18.6150681973
18.5650681973
18.4943575203
18.4577549815
18.3870443046
18.3663336277
18.3456229508
18.2749122739
18.204201597
18.004201597
17.8517071962
17.8309965193
17.7809965193
17.7809965193
17.7602858424
17.6395751655
17.6395751655
17.4981538117
17.4822619498
17.345659411
17.295659411
17.245659411
17.129767549
17.0431650102
16.9724543333
16.9724543333
16.9017436564
16.7603223026
16.7603223026
16.7103223026
16.6103223026
16.5896116257
16.4737197638
16.3371172249
16.316406548
16.316406548
16.2505146861
16.0798040092
15.9590933323
15.8883826554
15.8676719785
15.7469613016
15.6944669008
15.4823348701
15.4323348701
15.2823348701
15.2616241932
15.1903462841
15.1589615603
15.1345751793
15.0600849758
14.9355059592
14.7903344104
14.7159589324
14.7124837145
14.6255031291
14.5039084118
14.5510891081
14.4248383656
14.3712292054
14.2986517677
14.1470097528
14.0952503645
13.9522913412
13.9505379947
13.9274588191
13.8085062863
13.7568515794
13.7350708248
13.6850357963
13.5843744545
13.5632607965
13.5630555167
13.4923042042
13.4715485694
13.450857969
13.4508342071
13.3594131329
13.3594236068
13.2680006513
13.2126801182
13.1630958903
13.2037573885
13.1133823468
13.1141355458
13.0947826405
13.0955541656
12.9846973003
12.8998154359
12.9350726798
12.8536502211
12.8479983467
12.8159286693
12.7966012934
12.7776767124
12.7297493613
12.7303606277
12.6604584239
12.6428930857
12.6012269712
12.5296565464
12.5082128121
12.4384080795
12.2822963864
12.2312972367
12.1983845007
12.1926590551
12.2428238892
12.1526439923
12.1705917493
12.1712636467
12.1744780358
12.1235624934
12.0727908496
12.0529226723
12.0025692902
11.9534829077
11.9359725217
11.9350975924
11.8430142717
11.8441046683
11.7965769776
11.7605852364
11.7118751329
11.6934951634
11.6222055538
11.5718918139
11.550344521
11.5219590785
11.5212798064
11.5014240253
11.4544747371
11.4177585647
11.3518268062
11.3530023153
11.352742785
11.2840838452
11.2410431057
11.2428476511
11.2252731302
11.1746660696
11.1757162719
11.1255960388
11.0764296551
11.0058453949
11.0372597522
10.9862027201
10.8853618305
10.8859527283
10.8351339842
10.8356867755
10.8667394661
10.8161327734
10.8156237128
10.7939828371
10.6737556748
10.6542799864
10.6051985871
10.6557200784
10.6549106788
10.6554781736
10.6038645331
10.5807427515
10.4779456049
10.3546923704
10.3313927595
10.2787701496
10.2541059183
10.2228642239
10.1827546384
10.2039230007
10.2017868879
10.0995008792
10.0764085844
10.0901871248
10.1107275854
10.109718752
10.0882089745
10.0902250841
10.0893947184
10.0719575212
10.0723249618
9.97934604201
9.97829414737
9.8811508675
9.88327068749
9.91510343356
10.0122588354
9.89320621652
9.89589854305
9.89759408419
9.89671112792
9.87744118724
9.87523883867
9.82246182164
9.82080718699
9.7998275531
9.80016913876
9.83767984624
9.85677492077
9.8559809723
9.85526041201
9.85783714545
9.82643886668
9.84024546265
9.83968916911
9.83855368946
9.83819294092
9.79101024672
9.79028902041
9.84041618034
9.79245647747
9.8402533676
9.83805769368
9.79027897339
9.83909072898
9.8169108764
9.83322900311
9.83708067654
9.8861596325
9.88560263213
9.88476924568
9.88515377546
9.88904753603
9.88773379704
9.88758971903
9.87069296355
9.88590093722
9.83460195803
9.85710967601
9.85474539073
9.85322105154
9.83181715018
9.83254038092
9.78602341786
9.83471478328
9.83461597443
9.78760752506
9.78631199201
9.8356770155
9.78836425497
9.78668092777
9.8363978844
9.83934865795
9.83783955227
9.83807128626
9.8366616735
9.83710808672
9.87459340701
9.87317255031
9.87185150633
9.87232933027
9.87183669293
9.77439746732
9.7981509969
9.81587413758
9.86487020742
9.87800308521
9.92589456357
9.87795856246
9.82584861094
9.85297845987
9.82121218852
9.79475320398
9.84366903453
9.84203450874
9.79405034603
9.84255601182
9.8249409651
9.77719760636
9.77511219076
9.8250072917
9.8279272356
9.87648668272
9.92555415874
9.87423991769
9.87450524063
9.82782923987
9.8260243224
9.82559866323
9.84971841608
9.84809278068
9.82719309075
9.82610139211
9.82605462012
9.82901165422
9.82712855981
9.89128983353
9.90626793649
9.90557986122
9.92914301363
9.92750213509
9.90596887644
9.90714562059
9.90680802392
9.85987850865
9.88425047601
9.98259261738
9.97942795614
9.97808658402
9.9764170998
9.90573547097
9.90700749553
9.91140978772
9.91012236174
9.88930774872
9.888141861
9.88834454776
9.89181130033
9.87430070797
9.87359771441
9.87209184143
9.87218088889
9.84618420421
9.82833449935
9.82800201977
9.85584377204
9.82899685926
9.84767569359
9.87456118311
9.87458711499
9.8779664461
9.87582768153
9.87571749566
9.87421276335
