0.000420644 0.000426604 0.000472479
0.00080777 0.000751845 0.000460722
0.000582959 0.000775213 0.000561045
0.000526902 0.000547555 0.000505243
0.000978046 0.000730466 0.000543767
0.00107391 0.000878459 0.000655599
0.000685875 0.00100603 0.000667082
0.000768841 0.00094686 0.000731419
0.000785732 0.000911958 0.000763817
0.000997781 0.000924205 0.000693518
0.000862609 0.000936236 0.00089251
0.00090257 0.00095724 0.000916189
0.000993994 0.000927769 0.000868373
0.000955965 0.00104515 0.000969628
0.00114445 0.00111312 0.0011465
0.00125925 0.00118541 0.00104974
0.00106007 0.00134141 0.00105798
0.00110717 0.00119591 0.00111991
0.00108779 0.0011629 0.0010461
0.00106644 0.00110229 0.00107614
0.00101839 0.00114974 0.00102228
0.000909265 0.00101549 0.000969783
0.000900002 0.00095182 0.000884998
0.00090437 0.00101701 0.000889106
0.00114906 0.000961137 0.00089855
0.000920097 0.00107058 0.000911261
0.000919486 0.0010098 0.000896271
0.00111102 0.000965636 0.000881181
0.0010448 0.000964457 0.000904599
0.000877004 0.000841632 0.000839133
0.000813925 0.000831568 0.000785434
0.000748033 0.000882637 0.000662343
0.00076376 0.000786169 0.000729102
0.000684556 0.00081278 0.000639229
0.000708987 0.000659376 0.0006845
0.000682838 0.000728222 0.000620303
0.000583023 0.000724861 0.000548338
0.000683991 0.000814887 0.000633167
0.000722273 0.000671195 0.000651631
0.000567125 0.00074097 0.00055255
0.000665012 0.000622958 0.000591083
0.000769244 0.0007768 0.000700323
0.000724953 0.000796174 0.000699886
0.000722337 0.000728544 0.000732362
0.00080141 0.000923222 0.000784446
0.000856307 0.000867163 0.000835399
0.000989898 0.000962224 0.000946758
0.000945005 0.000968422 0.000927323
0.0010171 0.00101241 0.000913975
0.000976974 0.000966331 0.000960309
0.000907336 0.000956576 0.000902123
0.000885392 0.0010065 0.000895511
0.000900291 0.000919695 0.000817705
0.000916722 0.000990094 0.000882121
0.00084949 0.000851117 0.000814444
0.000887317 0.00085962 0.000853809
0.000860833 0.00104565 0.000837059
0.000815885 0.000842819 0.000807621
0.000878799 0.000980444 0.000829895
0.000840105 0.000861072 0.000770221
0.000776965 0.000733611 0.000737127
0.000789376 0.000846246 0.000732213
0.000813927 0.000840318 0.000815911
0.000782334 0.000785391 0.00076625
0.000815849 0.000803132 0.000741845
0.000855042 0.000782629 0.000751598
0.000799866 0.000810348 0.000747064
0.000765743 0.00076742 0.000746614
0.000747793 0.000766977 0.000749049
0.000706361 0.000668759 0.000666253
0.000780236 0.000777193 0.000741911
0.000738569 0.000734958 0.000709968
0.000657497 0.000702556 0.000618154
0.000641629 0.000629876 0.000508663
0.000692064 0.000705237 0.000607789
0.000720189 0.000637066 0.000605177
0.000704881 0.000712813 0.000702955
0.000798937 0.000770731 0.000728788
0.000775051 0.00070745 0.000690664
0.000781654 0.000760501 0.000762177
0.00079898 0.000840373 0.00076333
0.000760231 0.000753667 0.000735863
0.000772132 0.000807182 0.000722971
0.000796739 0.000789284 0.000757994
0.000708404 0.00073546 0.000707106
0.000762943 0.000775523 0.000702279
0.000832036 0.0008333 0.000751769
0.000787283 0.000779388 0.000720997
0.0008098 0.00085422 0.000732241
0.000820471 0.000815577 0.000785323
0.000788252 0.000786772 0.000792946
0.000746326 0.000976352 0.000723397
0.000889854 0.000897381 0.000873239
0.000821287 0.000844695 0.000798311
0.000788488 0.000755652 0.000768403
0.00067509 0.000670845 0.000661281
0.000615046 0.000621422 0.000600197
0.000689606 0.000683727 0.000592958
0.000655981 0.000654669 0.000609477
0.00062342 0.00065266 0.000584149
0.0006887 0.000685097 0.000577249
0.000710028 0.000709337 0.000637661
0.000699164 0.000660179 0.000611993
0.000731312 0.000777412 0.000699391
0.000733766 0.000766219 0.000649661
0.000688338 0.000664732 0.000628419
0.000771939 0.000769765 0.000731406
0.000752523 0.000700758 0.000689823
0.000670671 0.000660151 0.00062707
0.000765986 0.000841117 0.000739456
0.000750899 0.000742406 0.000687403
0.000688759 0.00068054 0.000637533
0.000787006 0.000745149 0.000700356
0.000737937 0.000759437 0.000707804
0.000698726 0.000692976 0.000656212
0.000647928 0.000653686 0.000604382
0.000750531 0.000722274 0.000713432
0.000712311 0.000715503 0.000607982
0.000590141 0.000597682 0.000551703
0.000590236 0.000606236 0.000577393
0.000560097 0.000576874 0.000536183
0.000537696 0.000536004 0.000503524
0.000520455 0.000494181 0.000468881
0.000394315 0.000412029 0.000367441
0.000542634 0.000558915 0.000479161
0.000530343 0.000526776 0.000448245
0.000452414 0.000483375 0.000433807
0.000535247 0.000483553 0.000468191
0.000626798 0.000569903 0.000545957
0.000581563 0.000574807 0.000517039
0.000615961 0.000622399 0.000615751
0.00070574 0.000722236 0.000655487
0.000726686 0.000800603 0.000647724
0.000781648 0.000808928 0.000794849
0.000894854 0.000895147 0.000855623
0.00096104 0.000946119 0.000909054
0.00103153 0.00103132 0.00103806
0.00105701 0.00106257 0.0010405
0.00107226 0.00103901 0.00107639
0.00106305 0.00104341 0.00108396
0.00104026 0.00102245 0.00104292
0.000956937 0.00096333 0.000969754
0.00083921 0.000828834 0.000831516
0.000716458 0.000705512 0.000696322
0.000656794 0.000718912 0.000685139
0.00065902 0.000686503 0.000599062
0.000608593 0.000590921 0.000569782
0.000572112 0.000535973 0.000523894
0.000492243 0.00045493 0.000469642
0.000466142 0.000431567 0.000407096
0.000429452 0.000383312 0.000386554
0.000394589 0.000398728 0.000368805
0.000390921 0.000358115 0.000316323
0.000355179 0.000310609 0.00030432
0.000334533 0.000326272 0.00026244
0.00033982 0.000298822 0.000264517
0.000333202 0.000322684 0.000269043
0.000328481 0.000298574 0.000259643
0.000306709 0.000296522 0.000271081
0.000342999 0.000326695 0.000266225
0.000326376 0.000313902 0.000244433
0.000323992 0.00030643 0.000298077
0.000333996 0.000340133 0.000301818
0.00037962 0.000302125 0.000259688
0.000312964 0.000326599 0.000290611
0.00036313 0.000336867 0.000283734
0.000331291 0.000320379 0.000272456
0.000293581 0.000323641 0.000233033
0.000324158 0.00027985 0.000240082
0.000375125 0.000355489 0.00025514
0.00036647 0.000345086 0.000264975
0.000342201 0.000326717 0.000266297
0.000307228 0.000297668 0.00026396
0.00034555 0.000292834 0.000269013
0.000372546 0.000337386 0.000290051
0.000321006 0.000339573 0.000281918
0.000341183 0.000342295 0.000317568
0.000326272 0.000318935 0.000300071
0.000353747 0.000338271 0.000295617
0.000326444 0.000246738 0.00027805
0.000335661 0.000316043 0.00027074
0.000303007 0.000318728 0.000249301
0.000325614 0.000278101 0.000263809
0.000315121 0.00032239 0.000263102
0.000333387 0.000309555 0.000251312
0.000408743 0.000413737 0.000315254
0.000455355 0.000467469 0.000388936
0.000456458 0.000460231 0.000406216
0.000548624 0.00051346 0.000484181
0.000588701 0.00056531 0.000545751
0.000620029 0.000635226 0.000583452
0.000691027 0.000680656 0.000633957
0.000639172 0.00061595 0.0005709
0.000589783 0.000600369 0.00053679
0.000602919 0.0006544 0.000567017
0.000625433 0.000576129 0.000586849
0.0006502 0.000670294 0.000585322
0.000606668 0.000594382 0.000540526
0.000646623 0.000665036 0.000572242
0.000759054 0.000743561 0.000714979
0.000855512 0.000858612 0.000798692
0.00081722 0.000792092 0.000789972
0.000888096 0.000856258 0.000871924
0.000893787 0.000872414 0.000882359
0.00083754 0.00086891 0.000826297
0.000747139 0.000766351 0.000739491
0.000650556 0.000785323 0.000630345
0.000534461 0.000569849 0.000540605
0.000546418 0.000597957 0.000468439
0.000512947 0.000517175 0.000451798
0.000497811 0.000513897 0.000455573
0.000461727 0.000479029 0.000416771
0.000474102 0.000500262 0.00042309
0.00051024 0.000501265 0.000418202
0.000512779 0.000553687 0.000461622
0.000634855 0.000529745 0.000471873
0.000635198 0.000627818 0.000555015
0.000658843 0.000654167 0.000591545
0.000738771 0.000750552 0.000679902
0.000680338 0.000749959 0.000655416
0.000666408 0.000637682 0.000599397
0.000657087 0.000741387 0.000648301
0.000834582 0.000802224 0.000779848
0.000961891 0.000926057 0.000877899
0.000955916 0.000930223 0.000923302
0.000935335 0.00101429 0.000930343
0.000979383 0.000977121 0.00095264
0.00103917 0.00105894 0.00103737
0.00104172 0.00104591 0.00102806
0.0010521 0.00107572 0.00105075
0.00111582 0.00108903 0.00111524
0.00119835 0.00112276 0.00112782
0.00110568 0.00112251 0.00110142
0.00118604 0.00118992 0.00115464
0.00116475 0.00115981 0.00115315
0.00116495 0.00115472 0.00117006
0.00115829 0.00117929 0.00117377
0.0011673 0.00119675 0.00117422
0.00116957 0.00122035 0.00115572
0.00122423 0.00122842 0.00116127
0.00118336 0.00115577 0.0011266
0.00117194 0.00116082 0.00112771
0.00118066 0.00122838 0.00112898
0.0011813 0.00121098 0.00113045
0.0011734 0.00117878 0.00112124
0.00114518 0.00112406 0.00109922
0.00117663 0.00118788 0.00113193
0.00114403 0.0010999 0.0010569
0.00102815 0.00116257 0.000998219
0.00107426 0.00105581 0.000993928
0.0011163 0.00116266 0.00104097
0.00108972 0.00107966 0.00106106
0.00112636 0.00109783 0.00108927
0.00112573 0.00120865 0.00114431
0.00106548 0.00104509 0.00107495
0.00120569 0.00115304 0.00110393
0.00115532 0.0011768 0.00113912
0.00106821 0.00103549 0.000969699
0.00106594 0.00104016 0.000970884
0.00102948 0.00103315 0.000995309
0.000930156 0.000946856 0.0008662
0.000944048 0.000990186 0.000891663
0.000973827 0.000970163 0.000886198
0.00102277 0.0010329 0.000954657
0.000998892 0.00103943 0.000957946
0.000995794 0.0010275 0.000958296
0.00102918 0.000939588 0.000946939
0.0010433 0.000958332 0.000993352
0.00101241 0.00113104 0.000971229
0.000976213 0.00100956 0.000943538
0.00111097 0.00105243 0.00103005
0.00101431 0.00106001 0.000984683
0.00106391 0.00104667 0.00100562
0.00102121 0.000972011 0.000989811
0.000970811 0.000914358 0.000859363
0.000924147 0.0010455 0.000932064
0.000878159 0.000906943 0.000832228
0.000815575 0.000828611 0.00076771
0.000818858 0.000750997 0.000775657
0.00073793 0.000734512 0.000669794
0.000741234 0.00063697 0.000668727
0.000664557 0.000651729 0.000603247
0.000669749 0.000529496 0.000561465
0.000537425 0.000557242 0.00047358
0.000495384 0.000523841 0.000415512
0.000578891 0.000503455 0.000494135
0.00055385 0.000508314 0.000446237
0.000695826 0.000620929 0.000594499
0.000614785 0.000602163 0.000539222
