0.00231758107179 -nan -nan
0.00231758107179 0.00251960765431 -nan
0.00231758107179 0.00251960765431 0.0326206483069
0.0123090024047 0.00251960765431 0.0326206483069
0.0123090024047 0.0209103564681 0.0326206483069
0.0123090024047 0.0209103564681 0.0453350324973
0.0430060844567 0.0209103564681 0.0453350324973
0.0430060844567 0.0473476749206 0.0453350324973
0.0430060844567 0.0473476749206 0.0673382592385
0.0644806159282 0.0473476749206 0.0673382592385
0.0644806159282 0.0658826130614 0.0673382592385
0.0644806159282 0.0658826130614 0.0791888428997
0.0785384844738 0.0658826130614 0.0791888428997
0.0785384844738 0.0765401882385 0.0791888428997
0.0785384844738 0.0765401882385 0.0874196290793
0.0823501109008 0.0765401882385 0.0874196290793
0.0823501109008 0.0799388262232 0.0874196290793
0.0823501109008 0.0799388262232 0.0903156358455
0.0795791312642 0.0799388262232 0.0903156358455
0.0795791312642 0.0796570028661 0.0903156358455
0.0795791312642 0.0796570028661 0.0911292103321
0.0750450321789 0.0796570028661 0.0911292103321
0.0750450321789 0.0780367792384 0.0911292103321
0.0750450321789 0.0780367792384 0.0909054376145
0.0720405107606 0.0780367792384 0.0909054376145
0.0720405107606 0.0775209791595 0.0909054376145
0.0720405107606 0.0775209791595 0.0913260396076
0.0723152089005 0.0775209791595 0.0913260396076
0.0723152089005 0.0751596343737 0.0913260396076
0.0723152089005 0.0751596343737 0.0914790068997
0.0733332095176 0.0751596343737 0.0914790068997
0.0733332095176 0.0781407757431 0.0914790068997
0.0733332095176 0.0781407757431 0.0944645289591
0.0781014402137 0.0781407757431 0.0944645289591
0.0781014402137 0.0824135718828 0.0944645289591
0.0781014402137 0.0824135718828 0.099079824459
0.0845540003293 0.0824135718828 0.099079824459
0.0845540003293 0.0872292396692 0.099079824459
0.0845540003293 0.0872292396692 0.103752394903
0.0896328315371 0.0872292396692 0.103752394903
0.0896328315371 0.0942722494881 0.103752394903
0.0896328315371 0.0942722494881 0.110292177617
0.0967277372715 0.0942722494881 0.110292177617
0.0967277372715 0.102540681273 0.110292177617
0.0967277372715 0.102540681273 0.11767843707
0.102932512052 0.102540681273 0.11767843707
0.102932512052 0.110172901376 0.11767843707
0.102932512052 0.110172901376 0.124821904437
0.108836040436 0.110172901376 0.124821904437
0.108836040436 0.116656693832 0.124821904437
0.108836040436 0.116656693832 0.131602747306
0.114789691287 0.116656693832 0.131602747306
0.114789691287 0.123293201809 0.131602747306
0.114789691287 0.123293201809 0.138110910121
0.119794108253 0.123293201809 0.138110910121
0.119794108253 0.1286648166 0.138110910121
0.119794108253 0.1286648166 0.143972103078
0.125305598206 0.1286648166 0.143972103078
0.125305598206 0.134685933321 0.143972103078
0.125305598206 0.134685933321 0.149835643792
0.131811637928 0.134685933321 0.149835643792
0.131811637928 0.140855394095 0.149835643792
0.131811637928 0.140855394095 0.156095431124
0.137698359239 0.140855394095 0.156095431124
0.137698359239 0.147137662231 0.156095431124
0.137698359239 0.147137662231 0.162086499509
0.142009008998 0.147137662231 0.162086499509
0.142009008998 0.15160376162 0.162086499509
0.142009008998 0.15160376162 0.166835044706
0.146856859614 0.15160376162 0.166835044706
0.146856859614 0.154924726001 0.166835044706
0.146856859614 0.154924726001 0.170646711514
0.152494269991 0.154924726001 0.170646711514
0.152494269991 0.160129533727 0.170646711514
0.152494269991 0.160129533727 0.175106754292
0.15757230944 0.160129533727 0.175106754292
0.15757230944 0.165234719698 0.175106754292
0.15757230944 0.165234719698 0.179569655663
0.162463511249 0.165234719698 0.179569655663
0.162463511249 0.170681783929 0.179569655663
0.162463511249 0.170681783929 0.183194607951
0.167265534259 0.170681783929 0.183194607951
0.167265534259 0.174752980861 0.183194607951
0.167265534259 0.174752980861 0.186842173285
0.171332867394 0.174752980861 0.186842173285
0.171332867394 0.178474495712 0.186842173285
0.171332867394 0.178474495712 0.189974977412
0.175747753963 0.178474495712 0.189974977412
0.175747753963 0.181175768965 0.189974977412
0.175747753963 0.181175768965 0.192600821407
0.178946742833 0.181175768965 0.192600821407
0.178946742833 0.182390490506 0.192600821407
0.178946742833 0.182390490506 0.194538189638
0.181474252653 0.182390490506 0.194538189638
0.181474252653 0.184997897906 0.194538189638
0.181474252653 0.184997897906 0.196494888025
0.18442366684 0.184997897906 0.196494888025
0.18442366684 0.187667903779 0.196494888025
0.18442366684 0.187667903779 0.198520877537
0.187274302953 0.187667903779 0.198520877537
0.187274302953 0.190568939486 0.198520877537
0.187274302953 0.190568939486 0.200444384206
0.18956465088 0.190568939486 0.200444384206
0.18956465088 0.191599255659 0.200444384206
0.18956465088 0.191599255659 0.201806551725
0.191319238962 0.191599255659 0.201806551725
0.191319238962 0.193136529651 0.201806551725
0.191319238962 0.193136529651 0.202776977874
0.193560061003 0.193136529651 0.202776977874
0.193560061003 0.193624664802 0.202776977874
0.193560061003 0.193624664802 0.203632513493
0.194920318269 0.193624664802 0.203632513493
0.194920318269 0.194930678102 0.203632513493
0.194920318269 0.194930678102 0.203955915347
0.196617444793 0.194930678102 0.203955915347
0.196617444793 0.194912432285 0.203955915347
0.196617444793 0.194912432285 0.203394191816
0.197161077288 0.194912432285 0.203394191816
0.198402128023 0.194912432285 0.203394191816
0.200164338365 0.194912432285 0.203394191816
0.20203396959 0.194912432285 0.203394191816
0.203822408639 0.194912432285 0.203394191816
0.205736181053 0.194912432285 0.203394191816
0.207468728642 0.194912432285 0.203394191816
0.207941368158 0.194912432285 0.203394191816
0.209078983747 0.194912432285 0.203394191816
0.209564477178 0.194912432285 0.203394191816
0.209130744593 0.194912432285 0.203394191816
0.209130744593 0.194243564862 0.203394191816
0.207380488337 0.194243564862 0.203394191816
0.207380488337 0.194243564862 0.199990813318
0.205754120308 0.194243564862 0.199990813318
0.205754120308 0.19225090715 0.199990813318
0.205754120308 0.19225090715 0.196364942079
0.205754120308 0.19225090715 0.192782974546
0.204164533186 0.19225090715 0.192782974546
0.204164533186 0.190214493431 0.192782974546
0.204164533186 0.190214493431 0.189589427845
0.202511304574 0.190214493431 0.189589427845
0.202511304574 0.190214493431 0.186739963183
0.202511304574 0.1884201607 0.186739963183
0.201879370375 0.1884201607 0.186739963183
0.201879370375 0.1884201607 0.184442829693
0.200563609642 0.1884201607 0.184442829693
0.200563609642 0.188333929671 0.184442829693
0.200563609642 0.188333929671 0.182338576398
0.199248877183 0.188333929671 0.182338576398
0.199248877183 0.187451534043 0.182338576398
0.197603483568 0.187451534043 0.182338576398
0.197603483568 0.187451534043 0.179776435962
0.197603483568 0.185590039708 0.179776435962
0.196382249093 0.185590039708 0.179776435962
0.196382249093 0.185590039708 0.177635148574
0.196382249093 0.184012604924 0.177635148574
0.194919184763 0.184012604924 0.177635148574
0.194919184763 0.184012604924 0.175142313416
0.193462930531 0.184012604924 0.175142313416
0.193462930531 0.183003394531 0.175142313416
0.193462930531 0.183003394531 0.173303521338
0.191897555937 0.183003394531 0.173303521338
0.191897555937 0.181007400226 0.173303521338
0.190941519053 0.181007400226 0.173303521338
0.190941519053 0.181007400226 0.17121577963
0.190941519053 0.178803257725 0.17121577963
0.18973770582 0.178803257725 0.17121577963
0.18973770582 0.178803257725 0.169376798301
0.18973770582 0.177405615296 0.169376798301
0.188918571383 0.177405615296 0.169376798301
0.188918571383 0.177405615296 0.167773855037
0.187776649851 0.177405615296 0.167773855037
0.187776649851 0.176156003945 0.167773855037
0.186493200236 0.176156003945 0.167773855037
0.186493200236 0.176156003945 0.165763329822
0.186493200236 0.174650338633 0.165763329822
0.185109499913 0.174650338633 0.165763329822
0.185109499913 0.174650338633 0.163971039118
0.184150517819 0.174650338633 0.163971039118
0.184150517819 0.173834427905 0.163971039118
0.183487157061 0.173834427905 0.163971039118
0.183487157061 0.173834427905 0.162726235357
0.183487157061 0.172738852901 0.162726235357
0.182587139784 0.172738852901 0.162726235357
0.182587139784 0.172738852901 0.161405628183
0.182587139784 0.171334287229 0.161405628183
0.181623428646 0.171334287229 0.161405628183
0.180742516242 0.171334287229 0.161405628183
0.180742516242 0.171334287229 0.15987925888
0.180742516242 0.170038303769 0.15987925888
0.17981572763 0.170038303769 0.15987925888
0.17981572763 0.169169630277 0.15987925888
0.17981572763 0.169169630277 0.158417980472
0.178616153006 0.169169630277 0.158417980472
0.178616153006 0.168158549607 0.158417980472
0.178616153006 0.168158549607 0.156800301216
0.177701954605 0.168158549607 0.156800301216
0.17683438705 0.168158549607 0.156800301216
0.17683438705 0.166972212318 0.156800301216
0.17683438705 0.166972212318 0.155599758502
0.1760499079 0.166972212318 0.155599758502
0.1760499079 0.166199122945 0.155599758502
0.1760499079 0.166199122945 0.154260758354
0.175028378746 0.166199122945 0.154260758354
0.175028378746 0.165739164447 0.154260758354
0.174506567628 0.165739164447 0.154260758354
0.174506567628 0.165739164447 0.152899608521
0.174506567628 0.16447320602 0.152899608521
0.173667945117 0.16447320602 0.152899608521
0.173667945117 0.16447320602 0.15141813787
0.172936054832 0.16447320602 0.15141813787
0.172936054832 0.163762635095 0.15141813787
0.172444409086 0.163762635095 0.15141813787
0.172444409086 0.163762635095 0.150088525111
0.172444409086 0.16334906529 0.150088525111
0.17200770269 0.16334906529 0.150088525111
0.17200770269 0.162294352661 0.150088525111
0.17200770269 0.162294352661 0.14866289622
0.171023342245 0.162294352661 0.14866289622
0.169671298222 0.162294352661 0.14866289622
0.169671298222 0.16096073041 0.14866289622
0.169671298222 0.16096073041 0.147290856799
0.168063738506 0.16096073041 0.147290856799
0.168063738506 0.159368780167 0.147290856799
0.166555930506 0.159368780167 0.147290856799
0.166555930506 0.159368780167 0.145549919872
0.165635123417 0.159368780167 0.145549919872
0.165635123417 0.158094836923 0.145549919872
0.165635123417 0.158094836923 0.144466214085
0.164936118788 0.158094836923 0.144466214085
0.164936118788 0.157079726399 0.144466214085
0.164153269379 0.157079726399 0.144466214085
0.164153269379 0.157079726399 0.143006458033
0.164153269379 0.156041500233 0.143006458033
0.163479652376 0.156041500233 0.143006458033
0.163479652376 0.156041500233 0.141812739197
0.163479652376 0.155109788123 0.141812739197
0.162793266584 0.155109788123 0.141812739197
0.161635258117 0.155109788123 0.141812739197
0.161635258117 0.155109788123 0.140370712252
0.161635258117 0.153432053743 0.140370712252
0.160799861892 0.153432053743 0.140370712252
0.160799861892 0.152468519532 0.140370712252
0.160799861892 0.152468519532 0.139017255339
0.159496714757 0.152468519532 0.139017255339
0.159496714757 0.151405279642 0.139017255339
0.158553807692 0.151405279642 0.139017255339
0.158553807692 0.151405279642 0.137604167515
0.157365729054 0.151405279642 0.137604167515
0.157365729054 0.149730590296 0.137604167515
0.157365729054 0.149730590296 0.135995567542
0.15635664953 0.149730590296 0.135995567542
0.15635664953 0.14871484936 0.135995567542
0.15516662508 0.14871484936 0.135995567542
0.15516662508 0.14871484936 0.134592641129
0.15516662508 0.147339903697 0.134592641129
0.153984887254 0.147339903697 0.134592641129
0.153984887254 0.147339903697 0.133065153013
0.153984887254 0.145999914135 0.133065153013
0.15309408271 0.145999914135 0.133065153013
0.152420313157 0.145999914135 0.133065153013
0.152420313157 0.145988653021 0.133065153013
0.152420313157 0.145988653021 0.132039373978
0.152420313157 0.145288823378 0.132039373978
0.151706911305 0.145288823378 0.132039373978
0.151706911305 0.145288823378 0.131087339315
0.151437059188 0.145288823378 0.131087339315
0.151437059188 0.144031070085 0.131087339315
0.150748739484 0.144031070085 0.131087339315
0.150748739484 0.144031070085 0.130134218382
0.150748739484 0.143172248439 0.130134218382
0.150387240598 0.143172248439 0.130134218382
0.150387240598 0.143172248439 0.129276030413
0.149626293612 0.143172248439 0.129276030413
0.149626293612 0.142423624277 0.129276030413
0.149060290354 0.142423624277 0.129276030413
0.149060290354 0.141160644105 0.129276030413
0.149060290354 0.141160644105 0.128023624129
0.147887081038 0.141160644105 0.128023624129
0.147887081038 0.139925309999 0.128023624129
0.147887081038 0.139925309999 0.127074918578
0.147076281608 0.139925309999 0.127074918578
0.147076281608 0.13902197537 0.127074918578
0.146297093126 0.13902197537 0.127074918578
0.146297093126 0.13902197537 0.126140795163
0.145501854339 0.13902197537 0.126140795163
0.145501854339 0.138389130728 0.126140795163
0.144895546925 0.138389130728 0.126140795163
0.144895546925 0.138389130728 0.125436809956
0.144895546925 0.137205412645 0.125436809956
0.144125653059 0.137205412645 0.125436809956
0.144125653059 0.137205412645 0.124587693952
0.144125653059 0.136709528442 0.124587693952
0.143742570678 0.136709528442 0.124587693952
0.143742570678 0.135983550769 0.124587693952
0.143088136174 0.135983550769 0.124587693952
0.143088136174 0.135983550769 0.123816681453
0.142580603919 0.135983550769 0.123816681453
0.142580603919 0.135275794972 0.123816681453
0.142580603919 0.135275794972 0.12303880619
0.141879205629 0.135275794972 0.12303880619
0.141879205629 0.134713630925 0.12303880619
0.141312408579 0.134713630925 0.12303880619
0.141312408579 0.134713630925 0.122332313931
0.141312408579 0.133686976525 0.122332313931
0.140672139849 0.133686976525 0.122332313931
0.140672139849 0.133686976525 0.121581311665
0.140175323146 0.133686976525 0.121581311665
0.140175323146 0.132789534904 0.121581311665
0.13925323927 0.132789534904 0.121581311665
0.13925323927 0.132789534904 0.120678626992
0.13925323927 0.131899862658 0.120678626992
0.138562505681 0.131899862658 0.120678626992
0.138562505681 0.131899862658 0.119844206942
0.138562505681 0.130835620546 0.119844206942
0.137847752649 0.130835620546 0.119844206942
0.137847752649 0.130070537518 0.119844206942
0.13722796127 0.130070537518 0.119844206942
0.13722796127 0.130070537518 0.119030943266
0.136446427639 0.130070537518 0.119030943266
0.136446427639 0.128840044185 0.119030943266
0.136446427639 0.128840044185 0.117997811894
0.135736342083 0.128840044185 0.117997811894
0.135736342083 0.127959307088 0.117997811894
0.135076821794 0.127959307088 0.117997811894
0.135076821794 0.127959307088 0.117135187311
0.135076821794 0.127130981116 0.117135187311
0.134283042571 0.127130981116 0.117135187311
0.134283042571 0.127130981116 0.116302530552
0.133481797562 0.127130981116 0.116302530552
0.133481797562 0.126198154426 0.116302530552
0.132605228438 0.126198154426 0.116302530552
0.132605228438 0.126198154426 0.115408252492
0.132605228438 0.125358048161 0.115408252492
0.13191255608 0.125358048161 0.115408252492
0.13191255608 0.124525755897 0.115408252492
0.13191255608 0.124525755897 0.114674509348
0.131424465736 0.124525755897 0.114674509348
0.131424465736 0.123502364829 0.114674509348
0.130679212286 0.123502364829 0.114674509348
0.130679212286 0.123502364829 0.113844720601
0.129947822236 0.123502364829 0.113844720601
0.129947822236 0.122605776023 0.113844720601
0.129947822236 0.122605776023 0.113036261402
0.129395067662 0.122605776023 0.113036261402
0.129395067662 0.121601923702 0.113036261402
0.12863114231 0.121601923702 0.113036261402
0.12863114231 0.121601923702 0.112208079009
0.12863114231 0.120547046935 0.112208079009
0.128043942803 0.120547046935 0.112208079009
0.128043942803 0.120547046935 0.111500386818
0.128043942803 0.119762401854 0.111500386818
0.127766373532 0.119762401854 0.111500386818
0.127241333128 0.119762401854 0.111500386818
0.127241333128 0.119762401854 0.110815150802
0.127241333128 0.119003743642 0.110815150802
0.126601698054 0.119003743642 0.110815150802
0.126601698054 0.118149942943 0.110815150802
0.126601698054 0.118149942943 0.110094047504
0.125901438499 0.118149942943 0.110094047504
0.125286645636 0.118149942943 0.110094047504
0.125286645636 0.117271272599 0.110094047504
0.125286645636 0.117271272599 0.109377384198
0.124708479211 0.117271272599 0.109377384198
0.124708479211 0.116639121583 0.109377384198
0.124708479211 0.116639121583 0.108623640549
0.124195205936 0.116639121583 0.108623640549
0.124195205936 0.115944290016 0.108623640549
0.12352342922 0.115944290016 0.108623640549
0.12352342922 0.115944290016 0.107850459521
0.12352342922 0.115212886473 0.107850459521
0.122774419256 0.115212886473 0.107850459521
0.122774419256 0.115212886473 0.107302364192
0.122285794723 0.115212886473 0.107302364192
0.122285794723 0.114636050015 0.107302364192
0.121881490257 0.114636050015 0.107302364192
0.121881490257 0.114636050015 0.106505653679
0.121881490257 0.113843799823 0.106505653679
0.121231355831 0.113843799823 0.106505653679
0.121231355831 0.113843799823 0.105762018892
0.121231355831 0.113004245993 0.105762018892
0.120599509976 0.113004245993 0.105762018892
0.119984780618 0.113004245993 0.105762018892
0.119984780618 0.112202548249 0.105762018892
0.119984780618 0.112202548249 0.104859553221
0.11939811528 0.112202548249 0.104859553221
0.11939811528 0.111453613327 0.104859553221
0.11939811528 0.111453613327 0.103997257401
0.118815191968 0.111453613327 0.103997257401
0.118815191968 0.110666270393 0.103997257401
0.11820574044 0.110666270393 0.103997257401
0.11820574044 0.110666270393 0.103157768457
0.117741391575 0.110666270393 0.103157768457
0.117741391575 0.109938863422 0.103157768457
0.117741391575 0.109938863422 0.102318287571
0.117297032617 0.109938863422 0.102318287571
0.117297032617 0.109172390928 0.102318287571
0.116949203588 0.109172390928 0.102318287571
0.116949203588 0.109172390928 0.101618467387
0.116949203588 0.108442935511 0.101618467387
0.116355808213 0.108442935511 0.101618467387
0.116355808213 0.108442935511 0.100831292823
0.115966175007 0.108442935511 0.100831292823
0.115966175007 0.107802614096 0.100831292823
0.115700944751 0.107802614096 0.100831292823
0.115700944751 0.107802614096 0.100126197945
0.115700944751 0.107365377629 0.100126197945
0.115291040505 0.107365377629 0.100126197945
0.115291040505 0.10680442556 0.100126197945
0.115005938024 0.10680442556 0.100126197945
0.115005938024 0.10680442556 0.0995026995663
0.114537923083 0.10680442556 0.0995026995663
0.114537923083 0.106237729937 0.0995026995663
0.114537923083 0.106237729937 0.0988277523037
0.11411914665 0.106237729937 0.0988277523037
0.11411914665 0.105465687706 0.0988277523037
0.113536745597 0.105465687706 0.0988277523037
0.113536745597 0.105465687706 0.0981514847543
0.113103533801 0.105465687706 0.0981514847543
0.113103533801 0.104734839966 0.0981514847543
0.113103533801 0.104734839966 0.0974536716762
0.1125721164 0.104734839966 0.0974536716762
0.1125721164 0.104316730718 0.0974536716762
0.112037677815 0.104316730718 0.0974536716762
0.112037677815 0.104316730718 0.0968267689846
0.112037677815 0.103929981857 0.0968267689846
0.111536655925 0.103929981857 0.0968267689846
0.111536655925 0.103929981857 0.0961755725756
0.111536655925 0.103125119963 0.0961755725756
0.11094456602 0.103125119963 0.0961755725756
0.110391425717 0.103125119963 0.0961755725756
0.110391425717 0.102460770889 0.0961755725756
0.110391425717 0.102460770889 0.0955766635774
0.109910151527 0.102460770889 0.0955766635774
0.109910151527 0.10172218833 0.0955766635774
0.109910151527 0.10172218833 0.0948740976528
0.109266940089 0.10172218833 0.0948740976528
0.109266940089 0.101005589361 0.0948740976528
0.108730257075 0.101005589361 0.0948740976528
0.108730257075 0.101005589361 0.0942481387812
0.108184271973 0.101005589361 0.0942481387812
0.108184271973 0.100400757543 0.0942481387812
0.108184271973 0.100400757543 0.0936251559022
0.107616253762 0.100400757543 0.0936251559022
0.107616253762 0.0997039029748 0.0936251559022
0.10717150589 0.0997039029748 0.0936251559022
0.10717150589 0.0997039029748 0.0930721597527
0.10717150589 0.0992633589622 0.0930721597527
0.106756630504 0.0992633589622 0.0930721597527
0.106756630504 0.0992633589622 0.092510274593
0.106756630504 0.0985716233298 0.092510274593
0.106248051628 0.0985716233298 0.092510274593
0.105769692891 0.0985716233298 0.092510274593
0.105769692891 0.0985716233298 0.0919579763
0.105769692891 0.0978673473415 0.0919579763
0.1052486076 0.0978673473415 0.0919579763
0.1052486076 0.0978673473415 0.0913345737907
0.1052486076 0.097134191113 0.0913345737907
0.10475023942 0.097134191113 0.0913345737907
0.10475023942 0.0963844727564 0.0913345737907
0.10475023942 0.0963844727564 0.0907051704659
0.104317778461 0.0963844727564 0.0907051704659
0.103799501161 0.0963844727564 0.0907051704659
0.103799501161 0.0958203209542 0.0907051704659
0.103799501161 0.0958203209542 0.0900991350322
0.103315339103 0.0958203209542 0.0900991350322
0.103315339103 0.0952719415535 0.0900991350322
0.103315339103 0.0952719415535 0.0895608586205
0.102820796529 0.0952719415535 0.0895608586205
0.102820796529 0.0948377303947 0.0895608586205
0.102357014107 0.0948377303947 0.0895608586205
0.102357014107 0.0948377303947 0.0890103302407
0.101920135449 0.0948377303947 0.0890103302407
0.101920135449 0.0943469590616 0.0890103302407
0.101920135449 0.0943469590616 0.088453196543
0.101563827662 0.0943469590616 0.088453196543
0.101563827662 0.0939391040257 0.088453196543
0.101163511327 0.0939391040257 0.088453196543
0.101163511327 0.0939391040257 0.0879683207014
0.101163511327 0.0934309053542 0.0879683207014
0.100829731393 0.0934309053542 0.0879683207014
0.100829731393 0.0934309053542 0.0874226732295
0.100829731393 0.092922636424 0.0874226732295
0.100436166641 0.092922636424 0.0874226732295
0.10024267416 0.092922636424 0.0874226732295
0.10024267416 0.092431589738 0.0874226732295
0.10024267416 0.092431589738 0.0866887233005
0.0998755523712 0.092431589738 0.0866887233005
0.0998755523712 0.0918915255106 0.0866887233005
0.0994703881775 0.0918915255106 0.0866887233005
0.0994703881775 0.0918915255106 0.086156922395
0.0989304338356 0.0918915255106 0.086156922395
0.0989304338356 0.0910996775398 0.086156922395
0.0989304338356 0.0910996775398 0.0855608720826
0.0985214419104 0.0910996775398 0.0855608720826
0.0985214419104 0.0906827501587 0.0855608720826
0.0980469885377 0.0906827501587 0.0855608720826
0.0980469885377 0.0906827501587 0.085015636688
0.0980469885377 0.090111042465 0.085015636688
0.0976179423502 0.090111042465 0.085015636688
0.0976179423502 0.090111042465 0.0845176791184
0.0972692906144 0.090111042465 0.0845176791184
0.0972692906144 0.0896238597743 0.0845176791184
0.0969825294535 0.0896238597743 0.0845176791184
0.0969825294535 0.0896238597743 0.0840990372592
0.0969825294535 0.0889907400386 0.0840990372592
0.096456273341 0.0889907400386 0.0840990372592
0.096456273341 0.0889907400386 0.0835479195745
0.096456273341 0.0883898138894 0.0835479195745
0.0960111497347 0.0883898138894 0.0835479195745
0.0960111497347 0.0883898138894 0.0830438973785
0.0957551456953 0.0883898138894 0.0830438973785
0.0957551456953 0.0878170224441 0.0830438973785
0.0953136676583 0.0878170224441 0.0830438973785
0.0953136676583 0.0878170224441 0.0825277199808
0.0953136676583 0.0873849163876 0.0825277199808
0.0950574631049 0.0873849163876 0.0825277199808
0.0950574631049 0.086904179523 0.0825277199808
0.0946496575081 0.086904179523 0.0825277199808
0.0946496575081 0.086904179523 0.0820412723622
0.0942159176989 0.086904179523 0.0820412723622
0.0942159176989 0.0863973656746 0.0820412723622
0.0942159176989 0.0863973656746 0.0815239737565
0.0938914831845 0.0863973656746 0.0815239737565
0.0938914831845 0.0860143862308 0.0815239737565
0.0934911427981 0.0860143862308 0.0815239737565
0.0934911427981 0.0860143862308 0.0810767713221
0.0934911427981 0.0854543228038 0.0810767713221
0.0930328843854 0.0854543228038 0.0810767713221
0.0930328843854 0.0854543228038 0.0805651011656
0.0926104663079 0.0854543228038 0.0805651011656
0.0926104663079 0.0849533485971 0.0805651011656
0.0926104663079 0.0849533485971 0.0800893308942
0.0921799307966 0.0849533485971 0.0800893308942
0.0921799307966 0.0844579847415 0.0800893308942
0.0919298574033 0.0844579847415 0.0800893308942
0.0919298574033 0.0844579847415 0.079633050981
0.0919298574033 0.083995484649 0.079633050981
0.0915716147836 0.083995484649 0.079633050981
0.0915716147836 0.083995484649 0.0791825662028
0.0912981258772 0.083995484649 0.0791825662028
0.0912981258772 0.083783356189 0.0791825662028
0.0908361625802 0.083783356189 0.0791825662028
0.0908361625802 0.083182876448 0.0791825662028
0.0908361625802 0.083182876448 0.0787187449071
0.0906074388554 0.083182876448 0.0787187449071
0.0906074388554 0.0829091016574 0.0787187449071
0.0901738609435 0.0829091016574 0.0787187449071
0.0901738609435 0.0829091016574 0.0782182990776
0.0898195277868 0.0829091016574 0.0782182990776
0.0898195277868 0.0825004730821 0.0782182990776
0.0898195277868 0.0825004730821 0.0777743185788
0.0895514484544 0.0825004730821 0.0777743185788
0.0895514484544 0.0821104294513 0.0777743185788
0.0892945336159 0.0821104294513 0.0777743185788
0.0892945336159 0.0821104294513 0.0773807505882
0.0892945336159 0.081723925988 0.0773807505882
0.088949326791 0.081723925988 0.0773807505882
0.088949326791 0.081723925988 0.0769673161702
0.0885923851786 0.081723925988 0.0769673161702
0.0885923851786 0.0813499941554 0.0769673161702
0.0882781837034 0.0813499941554 0.0769673161702
0.0882781837034 0.0813499941554 0.0765446781806
0.0882781837034 0.0809560046585 0.0765446781806
0.0879076065516 0.0809560046585 0.0765446781806
0.0879076065516 0.0809560046585 0.0761105029833
0.0879076065516 0.0805633408767 0.0761105029833
0.0876093787293 0.0805633408767 0.0761105029833
0.0876093787293 0.0802240347815 0.0761105029833
0.0872179128482 0.0802240347815 0.0761105029833
0.0872179128482 0.0802240347815 0.0756509197527
0.0869558058165 0.0802240347815 0.0756509197527
0.0869558058165 0.0798897153778 0.0756509197527
0.0869558058165 0.0798897153778 0.0752412731578
0.0865518051458 0.0798897153778 0.0752412731578
0.0865518051458 0.0793136080731 0.0752412731578
0.0865518051458 0.0793136080731 0.0747428439526
0.0861773237526 0.0793136080731 0.0747428439526
0.0861773237526 0.0789966964826 0.0747428439526
0.0859172810309 0.0789966964826 0.0747428439526
0.0859172810309 0.0789966964826 0.0743663776101
0.0855895984275 0.0789966964826 0.0743663776101
0.0855895984275 0.078527929664 0.0743663776101
0.0855895984275 0.078527929664 0.0739291661638
0.0852293841325 0.078527929664 0.0739291661638
0.0852293841325 0.0781364910796 0.0739291661638
0.08492907221 0.0781364910796 0.0739291661638
0.08492907221 0.0781364910796 0.07354785814
0.08492907221 0.0777412612443 0.07354785814
0.084557072592 0.0777412612443 0.07354785814
0.084557072592 0.0777412612443 0.0731594251622
0.0842100216333 0.0777412612443 0.0731594251622
0.0842100216333 0.0773972552933 0.0731594251622
0.0839769705998 0.0773972552933 0.0731594251622
0.0839769705998 0.0773972552933 0.0728146458415
0.0839769705998 0.0769486400782 0.0728146458415
0.083616922167 0.0769486400782 0.0728146458415
0.083616922167 0.0766117168132 0.0728146458415
0.083616922167 0.0766117168132 0.0724451355951
0.0833265504835 0.0766117168132 0.0724451355951
0.083013883228 0.0766117168132 0.0724451355951
0.083013883228 0.0762180726675 0.0724451355951
0.083013883228 0.0762180726675 0.0720512805499
