1.08199 1.08608 1.08549
1.07657 1.07682 1.08038
1.07697 1.0755 1.07744
1.07423 1.07411 1.07625
1.07259 1.071 1.06535
1.07396 1.08011 1.07405
1.07178 1.07937 1.07386
1.08187 1.0684 1.06659
1.06769 1.07304 1.07677
1.07716 1.07104 1.07535
1.0758 1.08054 1.08742
1.0856 1.07296 1.07931
1.08357 1.07493 1.08337
1.08303 1.07883 1.08246
1.08688 1.08275 1.08113
1.07997 1.08327 1.08054
1.08382 1.08394 1.08573
1.08596 1.08576 1.08602
1.09569 1.08014 1.08361
1.10551 1.09197 1.09512
1.09662 1.08581 1.08511
1.07949 1.08226 1.08083
1.06917 1.07105 1.07316
1.06904 1.06508 1.06509
1.05699 1.05981 1.06075
1.06034 1.05808 1.05904
1.05344 1.06116 1.05897
1.05127 1.06112 1.06053
1.0563 1.05329 1.04989
1.05543 1.06403 1.06031
1.0661 1.064 1.06173
1.05827 1.06779 1.06623
1.06466 1.07814 1.07451
1.0677 1.07945 1.07761
1.05351 1.06921 1.0674
1.08631 1.07623 1.07591
1.07894 1.09465 1.0804
1.07092 1.09242 1.09481
1.09827 1.08705 1.08782
1.08069 1.09735 1.09143
1.0781 1.08787 1.08171
1.10158 1.09942 1.09642
1.09001 1.09182 1.09076
1.0772 1.08468 1.08563
1.08249 1.08793 1.08665
1.09786 1.12007 1.10393
1.11526 1.10805 1.10681
1.08247 1.09949 1.09853
1.10007 1.10602 1.1026
1.092 1.10948 1.10325
1.10772 1.12696 1.12127
1.10947 1.13053 1.13043
1.08308 1.10523 1.10095
1.08313 1.09962 1.10386
1.128 1.11326 1.10519
1.15803 1.14407 1.13984
1.13708 1.15227 1.15202
1.1392 1.16679 1.15569
1.10807 1.13377 1.12853
1.11798 1.1325 1.13059
1.12548 1.14062 1.13274
1.12833 1.12633 1.12231
1.13809 1.12714 1.12711
1.11067 1.13335 1.12949
1.07815 1.10784 1.10189
1.09156 1.10974 1.10744
1.12188 1.11408 1.11139
1.14923 1.12081 1.12887
1.09475 1.11788 1.11703
1.10349 1.13285 1.12032
1.11518 1.1142 1.10075
1.10729 1.1254 1.12259
1.1137 1.11818 1.12139
1.09009 1.11166 1.1067
1.09358 1.1123 1.10872
1.09427 1.11661 1.11107
1.07008 1.09295 1.09112
1.07635 1.10804 1.09422
1.10873 1.10281 1.09919
1.09939 1.13062 1.11541
1.12244 1.14054 1.13655
1.16188 1.13124 1.13862
1.19053 1.17042 1.1734
1.14622 1.17064 1.16347
1.17992 1.1611 1.16477
1.17642 1.18833 1.18961
1.17459 1.19819 1.19262
1.21417 1.19916 1.20085
1.21207 1.23416 1.2281
1.25977 1.24819 1.24522
1.23141 1.25819 1.25313
1.22064 1.22447 1.22234
1.23676 1.22841 1.2265
1.21341 1.24462 1.2331
1.19397 1.22359 1.20891
1.21659 1.23224 1.23521
1.2307 1.24299 1.24141
1.20618 1.23212 1.22725
1.24513 1.23456 1.23432
1.2234 1.24204 1.2375
1.22437 1.223 1.21712
1.21043 1.23607 1.22625
1.2229 1.22932 1.23109
1.21666 1.22083 1.22175
1.20438 1.22641 1.22262
1.21373 1.22696 1.22724
1.22155 1.21397 1.21026
1.21356 1.2286 1.21631
1.2201 1.21539 1.21636
1.22906 1.22164 1.21841
1.19914 1.22047 1.21878
1.19546 1.20556 1.21541
1.16426 1.19406 1.1838
1.20455 1.20651 1.19694
1.18549 1.21249 1.19734
1.21418 1.21865 1.2176
1.19585 1.20166 1.21101
1.19022 1.21373 1.20825
1.19675 1.22327 1.21501
1.21197 1.22842 1.22826
1.20759 1.22793 1.22709
1.21522 1.22117 1.22891
1.20615 1.21974 1.22362
1.21006 1.23428 1.22719
1.22887 1.24865 1.24616
1.23917 1.26588 1.2653
1.2524 1.28283 1.27904
1.27585 1.30258 1.29484
1.29647 1.32922 1.31638
1.32722 1.35473 1.3505
1.35129 1.35118 1.37275
1.32947 1.36484 1.35474
1.34189 1.34772 1.36853
1.34513 1.35868 1.35572
1.34808 1.36165 1.37985
1.34308 1.35077 1.37201
1.32837 1.35231 1.35404
1.34195 1.34518 1.36324
1.32278 1.35162 1.34758
1.33801 1.34426 1.3591
1.3226 1.35365 1.34589
1.34313 1.34877 1.36275
1.35895 1.34849 1.34864
1.32926 1.33596 1.3532
1.31521 1.34576 1.33546
1.31595 1.35199 1.34305
1.32694 1.36528 1.35283
1.35641 1.36158 1.37832
1.3686 1.37079 1.3855
1.34452 1.35374 1.36786
1.3332 1.33779 1.35564
1.32022 1.34799 1.34049
1.3291 1.35087 1.3501
1.33615 1.34148 1.35662
1.3331 1.35416 1.34933
1.34493 1.35432 1.36835
1.36395 1.36619 1.38167
1.34818 1.35519 1.36776
1.35468 1.35758 1.37361
1.33528 1.34213 1.35735
1.34317 1.34945 1.36319
1.33158 1.36007 1.352
1.34213 1.33672 1.35927
1.33259 1.3435 1.33371
1.32502 1.35134 1.33877
1.34287 1.34792 1.3659
1.35708 1.36026 1.37481
1.33763 1.34629 1.3594
1.34624 1.35621 1.345
1.35076 1.3422 1.35476
1.34689 1.34391 1.36104
1.34801 1.33876 1.34128
1.34458 1.35013 1.34855
1.34485 1.34596 1.35727
1.35049 1.35037 1.36216
1.36137 1.36636 1.34769
1.35938 1.36812 1.38185
1.36894 1.36253 1.38639
1.34004 1.33732 1.35373
1.34312 1.34749 1.35862
1.36259 1.36168 1.34532
1.36545 1.36027 1.35114
1.35215 1.35789 1.37036
1.35577 1.35848 1.374
1.36156 1.36623 1.37887
1.35246 1.35353 1.36305
1.36434 1.35758 1.34927
1.36636 1.36456 1.3509
1.36698 1.36776 1.37772
1.36802 1.36832 1.38021
1.35081 1.35075 1.36547
1.35191 1.35648 1.34551
1.34986 1.36042 1.34917
1.35292 1.35504 1.3697
1.34637 1.36603 1.35275
1.34432 1.34386 1.35741
1.3523 1.34686 1.34018
1.34921 1.35185 1.34313
1.34725 1.34536 1.35849
1.34657 1.34886 1.36157
1.35453 1.36083 1.34598
1.35931 1.34957 1.37148
1.3603 1.35978 1.3736
1.35238 1.35238 1.35463
1.35524 1.35524 1.35696
1.35535 1.35535 1.35717
1.34727 1.35808 1.35967
1.35012 1.35788 1.35936
1.34736 1.36068 1.36252
1.36107 1.35034 1.36248
1.35312 1.35259 1.36505
1.36049 1.35818 1.34757
1.34957 1.35035 1.36532
1.35534 1.35591 1.36758
1.35384 1.36878 1.35205
1.34088 1.34247 1.35479
1.35294 1.34464 1.33555
1.35435 1.34545 1.3512
1.3412 1.33915 1.35503
1.34188 1.34667 1.33147
1.3425 1.34044 1.33471
1.34766 1.35942 1.34914
1.35569 1.35373 1.36892
1.35841 1.35908 1.37189
1.35184 1.35184 1.35332
1.35327 1.35327 1.3547
1.35314 1.34225 1.35458
1.35557 1.35557 1.35739
1.35614 1.35614 1.35745
1.3485 1.34924 1.36085
1.35555 1.35262 1.34379
1.35517 1.35661 1.34564
1.35405 1.35338 1.36713
1.35993 1.35935 1.34734
1.36152 1.3635 1.3496
1.36364 1.35813 1.37427
1.36585 1.36468 1.37779
1.35765 1.34824 1.35953
1.3488 1.34914 1.36095
1.36394 1.35526 1.34423
1.36546 1.36205 1.34568
1.35733 1.359 1.37494
1.35095 1.35095 1.35253
1.35855 1.36894 1.35376
1.36374 1.3654 1.38101
1.35456 1.34446 1.3561
1.35594 1.35594 1.3576
1.35648 1.35648 1.35795
1.35887 1.34867 1.3604
1.35615 1.35396 1.34304
1.35671 1.35935 1.34459
1.35819 1.35758 1.37122
1.36372 1.35804 1.37594
1.36441 1.35624 1.35062
1.35938 1.34734 1.36118
1.36283 1.36283 1.36483
1.36258 1.36258 1.36426
1.35723 1.35752 1.36779
1.35021 1.35021 1.35171
1.36414 1.36443 1.35294
1.36343 1.36163 1.37419
1.36541 1.36856 1.37866
1.36258 1.36258 1.36445
1.36374 1.36374 1.36505
1.36309 1.36309 1.36455
1.36382 1.36382 1.36507
1.36668 1.36668 1.36823
1.36723 1.36723 1.36837
1.36963 1.36963 1.37125
1.36974 1.36974 1.37137
1.37253 1.37253 1.37414
1.37256 1.37256 1.37419
1.36711 1.37576 1.37727
1.37599 1.37599 1.37757
1.36819 1.37658 1.37793
1.37906 1.37906 1.38032
1.37906 1.37906 1.38057
1.38226 1.38226 1.38339
1.38207 1.38207 1.38347
1.38229 1.38229 1.38363
1.38422 1.38422 1.38527
1.38449 1.38449 1.38555
1.38485 1.38485 1.38611
1.38675 1.38675 1.38749
1.38681 1.38681 1.3877
1.38845 1.38845 1.38973
1.389 1.389 1.39007
1.38248 1.38193 1.39203
1.37715 1.37715 1.37787
1.37748 1.37748 1.37811
1.37016 1.36847 1.38083
1.36464 1.36464 1.36561
1.36404 1.36404 1.36515
1.36619 1.36619 1.36721
1.36689 1.36689 1.36794
1.36876 1.36876 1.36972
1.36914 1.36914 1.37009
1.36933 1.36933 1.37008
1.37075 1.37075 1.37227
1.36979 1.36979 1.37064
1.37124 1.37124 1.37232
1.37163 1.37163 1.37273
1.3722 1.3722 1.37318
1.37461 1.37461 1.37591
1.37604 1.37604 1.3771
1.37904 1.37904 1.38018
1.37952 1.37952 1.3806
1.38153 1.38153 1.38274
1.38119 1.38119 1.3824
1.38108 1.38108 1.38228
1.38375 1.38375 1.38476
1.38432 1.38432 1.38526
1.38427 1.38427 1.38545
1.38658 1.38658 1.38746
1.38708 1.38708 1.38797
1.38918 1.38918 1.39008
1.38952 1.38952 1.39043
1.38961 1.38961 1.39049
1.39186 1.39186 1.39294
1.3921 1.3921 1.39321
1.39415 1.39415 1.39532
1.39472 1.39472 1.39581
1.39646 1.39646 1.39753
1.39668 1.39668 1.39783
1.39685 1.39685 1.39797
1.39903 1.39903 1.39939
1.39931 1.39931 1.39925
1.4005 1.4005 1.40135
1.4008 1.4008 1.40177
1.4011 1.4011 1.40208
1.40366 1.40366 1.40417
1.4037 1.4037 1.40426
1.40529 1.40529 1.40592
1.40541 1.40541 1.40621
1.40706 1.40706 1.40772
1.40721 1.40721 1.40802
1.40722 1.40722 1.40806
1.40717 1.40717 1.40795
1.40863 1.40863 1.40939
1.40875 1.40875 1.4096
1.41083 1.41083 1.41119
1.41147 1.41147 1.41155
1.41207 1.41207 1.41238
1.41341 1.41341 1.41384
1.41549 1.41549 1.41584
1.41705 1.41705 1.41755
1.41988 1.41988 1.42012
1.42098 1.42098 1.42138
1.42336 1.42336 1.42376
1.42441 1.42441 1.42488
1.4248 1.4248 1.42535
