60.3121833324
60.3121833324
60.3121833324
60.3121833324
60.3121833324
60.3121833324
60.3121833324
59.1115767002
58.7915766731
58.2607224494
57.9990146875
57.7373065948
57.7373065948
57.3664526731
57.1121830463
57.1121830463
57.1121830463
57.2647448778
57.1121830463
57.2647448778
57.5144209623
57.5298410654
57.5298410654
57.5298410654
57.5806949615
57.6778092146
57.6778092146
57.6778092146
57.4281331301
56.7115762964
56.3841381714
55.5184078977
55.114964664
54.9778229117
54.9778229117
54.9778229117
55.0286768079
54.8492068291
54.8492068291
54.9154809475
54.8452744126
54.7750678778
54.7750678778
54.7750678778
54.7750678778
54.7750678778
54.7750678778
54.7750678778
53.9293513432
53.8276434079
53.8939175263
53.7218861461
53.0515895724
52.6688208953
52.4699983254
52.6379804626
52.4699983254
52.4540341735
52.3911487341
52.3911487341
52.3911487341
52.3911487341
52.3911487341
52.3911487341
52.164874351
51.9580698013
51.1860652924
50.8465959325
50.8425464883
50.8465959325
50.8465959325
50.8425464883
50.893400456
50.1412924737
49.9453148127
49.9453148127
49.2978770912
49.6372300938
49.6149153009
49.3445642561
48.7251217246
48.2176704526
48.2176704526
47.8542545676
47.8542545676
47.9051086068
47.5297787011
46.6217200428
46.0874775708
46.0874775708
46.0874775708
45.6698190123
45.6698190123
45.6698190123
44.8049312472
44.376745519
44.376745519
44.1052525342
44.1052525342
44.1052525342
44.2069602042
43.2434545338
43.2434545338
42.8920702159
42.5406857818
42.591539678
42.3881239802
42.3881239802
41.3155893952
41.3155893952
40.7282464683
40.8453744859
40.4853505671
40.4853505671
40.4853505671
39.5492967039
39.5492967039
39.2389780194
39.2389780194
39.0047220051
39.1727042049
39.1727042049
38.2464783937
38.2464783937
38.1698323697
37.6743302613
37.4195670038
37.2631500512
37.2631500512
37.2631500512
36.9031258643
36.9031258643
35.8201849014
35.8201849014
35.8809484601
35.2862441272
35.2862441272
35.2862441272
34.0680990696
34.0490288228
33.8207883149
33.8207883149
33.2369917333
33.5100994706
33.5100994706
33.5218151867
33.5218151867
33.6970839947
33.6970839947
33.6970839947
33.6970839947
33.6970839947
33.6980137587
32.3737609357
32.3698378354
32.3698378354
32.3737609357
31.9958145827
31.9112494648
31.5861101717
31.5670399427
