0.00302534 0.00354888 0.00326095
0.00232106 0.00210237 0.00183466
0.00452596 0.00353686 0.00287564
0.00359659 0.00427138 0.00371432
0.00427849 0.00400562 0.00365743
0.00451241 0.00331744 0.00292085
0.00309486 0.00250082 0.00199001
0.00414669 0.00263225 0.0023682
0.00323838 0.00230111 0.00171461
0.00164588 0.00208407 0.00165542
0.00211959 0.00239948 0.00175542
0.00370078 0.00252005 0.00226487
0.00201668 0.00211468 0.00205175
0.00303924 0.00161779 0.00128322
0.00204717 0.00148635 0.00128683
0.00235913 0.00150498 0.0012488
0.0017156 0.001918 0.00160637
0.00287424 0.00153385 0.00123893
0.00195864 0.00161801 0.00126749
0.00330147 0.00171037 0.00138927
0.00174204 0.00188827 0.00150302
0.00262179 0.00172255 0.00131137
0.00166847 0.0021814 0.00174565
0.00150158 0.00156683 0.00119044
0.00140966 0.0015422 0.00127226
0.00187857 0.00154682 0.00133559
0.00218617 0.00155654 0.00132004
0.00196138 0.0016347 0.00143166
0.00240731 0.0019289 0.00164733
0.0025154 0.00199371 0.00191317
0.0017263 0.00224302 0.0020834
0.00288429 0.00149555 0.00153779
0.00154987 0.0016018 0.00148306
0.0026455 0.0020195 0.00178625
0.00328667 0.00321642 0.00263385
0.00215509 0.00256561 0.002414
0.00205496 0.00183029 0.00153508
0.00209409 0.00168614 0.00128362
0.00243462 0.00192648 0.00161323
0.00178798 0.0020665 0.00185339
0.00184785 0.00203388 0.00152025
0.00199039 0.00205238 0.00172207
0.00233001 0.0019093 0.0018826
0.00191927 0.00180828 0.00159673
0.00227931 0.00203124 0.00189691
0.00250634 0.00186531 0.00181366
0.00271917 0.00177722 0.00167223
0.00322028 0.00234851 0.00224331
0.00319506 0.00245801 0.00231445
0.00138948 0.00123386 0.000947964
0.00171744 0.00160806 0.00144389
0.0021461 0.00222468 0.00200243
0.00217001 0.00235166 0.00215683
0.00152067 0.00231147 0.00194609
0.0019887 0.0024138 0.00200524
0.00197487 0.0024399 0.00192651
0.00181402 0.0022967 0.00184395
0.00167984 0.0023568 0.00185705
0.00207185 0.00189079 0.00160103
0.00139829 0.00193659 0.00130258
0.00234129 0.00251592 0.00226438
0.00212599 0.00268209 0.00237414
0.00234559 0.00239799 0.00234456
0.00220462 0.00276299 0.0021976
0.00167108 0.0028453 0.00230552
0.00251226 0.00273246 0.00254811
0.00287037 0.00337616 0.00282976
0.00265842 0.0035853 0.0031226
0.00277674 0.00307911 0.00281885
0.00260379 0.00273784 0.00248784
0.00226895 0.00316219 0.00277319
0.00215606 0.00287627 0.00274589
0.00189811 0.0030712 0.0027813
0.00246346 0.00290917 0.00267046
0.0022429 0.00284995 0.00216733
0.0023202 0.0023893 0.00231057
0.002714 0.00264892 0.00263783
0.0017653 0.00250195 0.00279349
0.00213857 0.00294312 0.0026136
0.00189433 0.00293281 0.00279623
0.0018935 0.00228803 0.00259986
0.00215548 0.00236887 0.00231168
0.00199469 0.00185087 0.00195326
0.00215631 0.00214442 0.00200503
0.00262547 0.00280118 0.00260537
0.00196841 0.00283065 0.0027696
0.00175826 0.00294044 0.00276381
0.00168084 0.0031786 0.00287378
0.00208042 0.0028556 0.00247291
0.00207036 0.00284583 0.00255535
0.00166477 0.00306648 0.00260051
0.00234145 0.00260951 0.0025488
0.00233501 0.0029399 0.00238821
0.00175853 0.00314746 0.00269853
0.00160427 0.00295923 0.00246003
0.00194133 0.00330321 0.002651
0.00272248 0.00327995 0.00285047
0.00286848 0.00351208 0.00332803
0.00224594 0.00369865 0.00373769
0.00341207 0.00399446 0.00399921
0.0027285 0.00436589 0.00420077
0.00246026 0.00451654 0.00448121
0.00276995 0.00473848 0.00483566
0.00256777 0.00438001 0.00407643
0.00307281 0.00481585 0.00463927
0.0041005 0.00450858 0.00467775
0.00305601 0.00510606 0.00487548
0.00428426 0.00506557 0.00484973
0.00346533 0.00509425 0.0049166
0.00316893 0.00522701 0.00486015
0.00320495 0.0047683 0.00474354
0.00327871 0.00446087 0.00493761
0.00334267 0.0050132 0.00455754
0.00321347 0.0048578 0.00440769
0.00293128 0.00452416 0.00431644
0.00271819 0.00455231 0.00440188
0.00269958 0.00411094 0.00416525
0.00321848 0.00429903 0.00426192
0.00221989 0.00355926 0.00356898
0.00240479 0.0038051 0.00358345
0.00332022 0.00426486 0.00466103
0.0033751 0.00448087 0.0052107
0.0031105 0.0051853 0.00490012
0.00360562 0.00450643 0.00515542
0.00346373 0.00514417 0.00510658
0.00350385 0.00387738 0.00542412
0.00337187 0.00370274 0.00527515
0.00359103 0.00516176 0.00523165
0.00365324 0.00466161 0.00534186
0.00318733 0.0052635 0.00517672
0.0038016 0.00511611 0.0056635
0.0038076 0.00544595 0.00547178
0.0040992 0.00501558 0.00566592
0.0032681 0.00532046 0.00529518
0.0038839 0.00489939 0.00587347
0.00376659 0.00539407 0.00594982
0.00393818 0.00508551 0.00587781
0.00338808 0.00584926 0.00575833
0.00390266 0.00561552 0.00602138
0.00389915 0.00555659 0.00606774
0.00411934 0.00593178 0.00605235
0.00412756 0.00609373 0.0059815
0.00420551 0.0045093 0.0060224
0.00378316 0.00626968 0.00610651
0.0044104 0.00471829 0.00621425
0.00387673 0.00528565 0.00601046
0.00395156 0.00570726 0.00580435
0.0042139 0.00491299 0.00580478
0.00421584 0.00429516 0.00582318
0.00383028 0.00566763 0.00569409
0.00401796 0.00474737 0.00574659
0.00368602 0.00540796 0.00546307
0.00426308 0.00457315 0.005732
0.0034506 0.00547691 0.00526389
0.00381637 0.00491877 0.00534229
0.00332409 0.00528888 0.00513465
0.0027469 0.0037187 0.004569
0.00281241 0.00403772 0.00394429
0.00358333 0.00421191 0.00484546
0.00380986 0.00534753 0.00488794
0.00352542 0.00455085 0.00532841
0.00375927 0.0046352 0.0053784
0.00350362 0.00342264 0.00515219
0.00387596 0.00382654 0.00564592
0.00334211 0.00345589 0.00488797
0.00373341 0.00500675 0.00496666
0.00401409 0.00509667 0.00515466
0.00369555 0.00400666 0.00524376
0.00369647 0.00455501 0.00544264
0.00331529 0.00355835 0.00486461
0.00349872 0.00537744 0.00489876
0.00425077 0.00558227 0.00541162
0.00367105 0.00381084 0.00503783
0.00302331 0.00361265 0.00461377
0.00349228 0.00374813 0.00469148
0.00368009 0.00372446 0.0049098
0.00307887 0.00351428 0.0041369
0.0034501 0.0038279 0.00459232
0.00326218 0.00355489 0.00412794
0.00328292 0.00323315 0.00445824
0.00335927 0.0035363 0.00380936
0.00373782 0.00354606 0.00377883
0.00396421 0.0036779 0.00384315
0.00334788 0.00395659 0.00373147
0.00337678 0.00297813 0.00387069
0.00327716 0.00437156 0.00392912
0.00319426 0.00434865 0.00434046
0.00344326 0.00367219 0.00445392
0.00280387 0.00333688 0.00445431
0.00310819 0.0032226 0.00423208
0.00321684 0.0035867 0.0045825
0.00421487 0.00411482 0.0040054
0.00333375 0.00423754 0.00445843
0.00290231 0.00338094 0.00452007
0.0029562 0.00301034 0.00452202
0.00289529 0.00410104 0.00411983
0.00365246 0.00444538 0.00446714
0.00361584 0.00396722 0.00434514
0.00444018 0.00459493 0.00383895
0.00360006 0.00441567 0.00395942
0.00410321 0.00450603 0.00360456
0.00415011 0.00442744 0.003779
0.00407872 0.0044544 0.00375475
0.00313313 0.0030915 0.00412641
0.00393024 0.00462446 0.00372677
0.0033622 0.00433825 0.0042431
0.00307489 0.00417517 0.00423626
0.00291282 0.00242103 0.00379858
0.00307532 0.00267212 0.00400619
0.00252928 0.00242089 0.00384135
0.00410412 0.0047509 0.00386494
0.0042281 0.00470223 0.00395149
0.00328066 0.003632 0.0040435
0.00349237 0.00349741 0.00393822
0.00255577 0.00259876 0.0035214
0.00408761 0.00425441 0.00377873
0.00296176 0.00380908 0.00382899
0.0024716 0.00369206 0.00383504
0.00384942 0.00463058 0.00335138
0.00286529 0.00361082 0.00365035
0.00315278 0.00368366 0.00364603
0.0031837 0.00323814 0.00364413
0.00282648 0.00330925 0.00362773
0.00244922 0.00276146 0.00348998
0.00307838 0.00351774 0.00322502
0.00289372 0.00340763 0.0032787
0.00281248 0.00333286 0.00306427
0.00240501 0.00361801 0.00308497
0.00226996 0.00306575 0.00316646
0.00323603 0.00382623 0.00301214
0.00308927 0.00314217 0.00294254
0.00338637 0.0035339 0.00274205
0.00312203 0.00333716 0.00289122
0.00291942 0.00261145 0.00292882
0.00313978 0.00304931 0.0026922
0.00324139 0.00328657 0.00296994
0.00287593 0.00222687 0.00300348
0.00332892 0.00344334 0.00272803
0.00310896 0.00355557 0.0029247
0.00259344 0.00290917 0.00293562
0.00359169 0.00370562 0.00299906
0.00217693 0.00252889 0.00308673
0.00334953 0.00316559 0.00287651
0.00333975 0.00305187 0.00295861
0.00273269 0.003039 0.00290774
0.00346541 0.00298719 0.00291958
0.00316159 0.00283443 0.00300501
0.00296699 0.00289911 0.00295594
0.00279694 0.00269796 0.00279163
0.00276417 0.00258226 0.00301542
0.00248947 0.00311813 0.00274089
0.0029352 0.00224208 0.00303558
0.00227608 0.0019321 0.00307271
0.00298622 0.00314496 0.00259941
0.00233854 0.0025613 0.00306804
0.00234276 0.00304073 0.00309454
0.00226455 0.002425 0.00298443
0.00228828 0.0024806 0.00319923
0.00295023 0.0026684 0.00287074
0.00309299 0.00324832 0.00286136
0.00313971 0.00232639 0.00292232
0.00290448 0.0027035 0.00266977
0.00338835 0.00264275 0.00288137
0.00246939 0.004045 0.0029273
0.00258816 0.00267717 0.00298587
0.0025642 0.00241186 0.00298085
0.00303974 0.00302288 0.00294105
0.00310587 0.0038049 0.00330849
0.00271146 0.00273547 0.00310187
0.00319017 0.00322813 0.00316624
0.00255033 0.0032792 0.00281966
0.00330402 0.00308249 0.00304208
0.00321508 0.00295248 0.00305416
0.00261412 0.00279848 0.00265963
0.00281798 0.00295663 0.0031319
0.00255224 0.0027492 0.0030959
0.00303665 0.00320372 0.00274316
0.00238952 0.0022542 0.00306451
0.00286359 0.0030781 0.0029129
0.00334847 0.00283693 0.0029814
0.00286053 0.00277114 0.003065
0.00281982 0.00298119 0.00309851
0.00303663 0.00245027 0.00271623
0.00319022 0.00330768 0.00301886
0.00296775 0.00291625 0.00303315
0.00271745 0.0029389 0.00271782
0.00308619 0.00312169 0.00312289
0.00293322 0.00286165 0.00313165
0.00285775 0.00317232 0.00301676
0.00282779 0.00317137 0.00301521
0.00307408 0.00349308 0.00305036
0.00274012 0.0028189 0.00298395
0.00311474 0.00314086 0.00289424
0.00313249 0.00235008 0.00302396
0.00285518 0.00320141 0.00291849
0.00339213 0.0031758 0.00321631
0.00314664 0.00317039 0.00295511
0.00269628 0.00272295 0.0029792
0.00295197 0.00302703 0.00309913
0.00326252 0.0030703 0.0031497
0.00286564 0.00308256 0.00317749
0.00282884 0.00286235 0.00305126
0.0026429 0.00273887 0.00315309
0.00292936 0.00376888 0.00302113
0.00275784 0.00251261 0.00320908
0.002879 0.00261623 0.00279201
0.00305863 0.00293898 0.00316017
0.00323422 0.00353228 0.0030836
0.00327413 0.00300523 0.00303732
0.0028783 0.00289054 0.00297008
0.00277661 0.00315647 0.00309939
0.00267172 0.00253347 0.00314672
0.00278129 0.00359603 0.00294308
0.00337279 0.00323654 0.00312812
0.00317841 0.0034388 0.00309553
0.00296933 0.00283205 0.00312023
0.0027492 0.00330944 0.00304441
0.00270271 0.00323638 0.00311584
0.002849 0.00302938 0.00311266
0.00324201 0.00316822 0.00327711
0.00304431 0.00339723 0.00327175
0.00240507 0.00324593 0.00315024
0.00308747 0.00283206 0.00332594
0.00278305 0.00273164 0.00338545
0.00340611 0.00329164 0.0030927
0.00328646 0.00286663 0.00319667
0.00301329 0.00305714 0.00289227
0.00315877 0.00330872 0.00322446
0.00272033 0.00232196 0.00321931
0.00357754 0.00334574 0.00284313
0.00330637 0.00331781 0.00312119
0.00299614 0.00307306 0.00315093
0.00273196 0.00261561 0.00326292
0.00326487 0.00323486 0.00298422
0.00340967 0.00336869 0.00310495
0.00257583 0.002585 0.0032254
0.00359563 0.00336254 0.00299546
0.0032653 0.00351271 0.00321072
0.00243956 0.00282805 0.00325962
0.0023359 0.00291835 0.00340154
0.00289774 0.00282786 0.00333543
0.00315136 0.00368164 0.00330742
0.00362745 0.00352125 0.00317357
0.00268898 0.00317814 0.00327089
0.00271228 0.00299621 0.00346607
0.00304164 0.00353902 0.00326228
0.00267371 0.0026612 0.00334508
0.00259164 0.0026888 0.00337191
0.00296944 0.00357335 0.00326731
0.00324693 0.00325859 0.00341311
0.0027463 0.00263683 0.0032112
