17.2283269227
17.2283269227
17.2283269227
17.2283269227
17.2283269227
17.1576162457
17.1417243838
17.1417243838
17.1417243838
17.1258325219
17.1258325219
17.1258325219
17.1258325219
17.1258325219
17.1258325219
17.1258325219
17.20994066
17.1892299831
17.1892299831
17.1892299831
17.1892299831
17.1892299831
17.1733381212
17.1574462593
17.0367355824
17.0367355824
16.9660249054
16.9160249054
16.8453142285
16.8294223666
16.7794223666
16.7794223666
16.7135305047
16.6928198278
16.6269279659
16.5769279659
16.5769279659
16.4769279659
16.4355066121
16.4355066121
16.4147959352
16.3989040732
16.2915908575
16.2708801806
16.2294588268
16.2087481499
16.2087481499
16.172145611
16.172145611
16.1307242572
16.1100135803
16.0600135803
16.0393029034
16.0185922265
16.0027003646
15.9660978258
15.9502059639
15.9294952869
15.863603425
15.863603425
15.813603425
15.763603425
15.7428927481
15.6770008862
15.6770008862
15.6770008862
15.6770008862
15.6452171624
15.5427227616
15.4561202228
15.4561202228
15.4402283609
15.4402283609
15.3902283609
15.374336499
15.3536258221
15.3036258221
15.2329151452
15.1622044683
15.1463126063
15.1463126063
15.0645288825
15.0486370206
14.9986370206
14.9279263437
14.8413238049
14.7913238049
14.654721266
14.5340105891
14.5340105891
14.4974080503
14.4815161884
14.4315161884
14.4315161884
14.4315161884
14.4108055115
14.3949136496
14.3583111107
14.3583111107
14.3583111107
14.3583111107
14.2924192488
14.1717085719
14.1876004338
14.09617908
13.9754684031
13.9547577262
13.8974445105
13.8767338336
13.8767338336
13.8608419716
13.8401312947
13.8401312947
13.8401312947
13.7694206178
13.7535287559
13.7535287559
13.7535287559
13.687636894
13.6669262171
13.6169262171
13.4510343552
13.3803236783
13.3096130013
13.2596130013
13.2389023244
13.1522997856
13.0608784318
13.0608784318
12.974275893
12.924275893
12.8328545392
12.8328545392
12.8328545392
12.8169626772
12.8169626772
12.8169626772
12.7669626772
12.7144682765
12.6644682765
12.5985764146
12.5778657377
12.4619738758
12.4619738758
12.4119738758
12.3619738758
12.3412631989
12.2912631989
12.2339499831
12.1839499831
12.1180581212
12.1180581212
12.0973474443
12.0266367674
11.9766367674
11.9559260905
11.9241423666
11.9034316897
11.9034316897
11.8375398278
11.8375398278
11.8375398278
11.8375398278
11.6716479659
11.650937289
11.500937289
11.4802266121
11.4595159352
11.4595159352
11.2595159352
11.0888052583
11.0729133964
11.0729133964
11.0022027194
10.9814920425
10.9814920425
10.9156001806
10.8656001806
10.8497083187
10.7997083187
10.7789976418
10.7289976418
10.6789976418
10.6082869649
10.5216844261
10.4216844261
10.3009737492
10.2009737492
10.1802630723
10.1595523953
10.1595523953
10.1388417184
10.1388417184
10.0181310415
9.96813104153
9.86813104153
9.80223917961
9.75223917961
9.6815285027
9.61081782579
9.54010714889
9.49749796919
9.41777045163
9.34426673943
9.29161287916
9.18907708112
9.16581239694
9.11331252929
8.94020201023
8.8378070835
8.834803947
8.78112989111
8.77764153436
8.72434520764
8.6126820862
8.540713332
8.51881686032
8.46768233375
8.45086706848
8.45002871058
8.39932538643
8.37810454524
8.35703770778
8.21523223321
8.16493277673
8.16481567649
8.14887835305
8.14887143715
8.14886212188
8.10745532989
8.13496199795
8.11436897629
8.11448966977
8.01380754028
7.96264643244
7.96188233184
7.96056979157
7.96111759148
7.96133425461
7.94613192278
7.94640610543
7.89585944269
7.94170705271
7.89364239531
7.85687055035
7.85565430979
7.84138821537
7.79311694446
7.77741016483
7.778204209
7.77744479857
7.79424979177
7.81022548971
7.81146533215
7.81192545737
7.74066464352
7.71817229629
7.70229611298
7.65111697142
7.53335377253
7.53043530981
7.52826382968
7.52671149959
7.38876608869
7.32267619005
7.32565786406
7.31189696971
7.31426496582
7.31545237063
7.31435000914
7.29867472988
7.29780169267
7.2980019669
7.22840508876
7.22924887544
7.2286487145
7.22902818246
7.22823138936
7.22717516096
7.22860942772
7.22700272901
7.21149851184
7.20985185338
7.21087760377
7.2109379737
7.16230178004
7.16365006289
7.16293928363
7.11030877046
7.11127641151
7.11025862318
7.06083158709
7.01004289375
7.01048977243
7.00845740442
6.9563418917
6.95395532998
6.95441842056
6.90281904333
6.75182771389
6.65074558811
6.6490570679
6.59762462506
6.52944943438
6.47705115328
6.47465387572
6.47223486946
6.44860512204
6.3955157121
6.39205760602
6.39114432982
6.34866921249
6.29560871285
6.29337933168
6.29057207658
6.23880960621
6.23687712285
6.23319996121
6.17999020482
6.12471389055
6.06463375294
6.06154615193
6.00703366434
6.00312046862
5.94919668685
5.9471735138
5.89426302223
5.89173985613
5.89062207072
5.8376985691
5.83354082885
5.83156230597
5.82672801269
5.82440742552
5.82225768352
5.86782310788
5.81581180661
5.76207825721
5.76049790899
5.73822211868
5.73687853567
5.73373218449
5.61163457685
5.60961116953
5.60722233264
5.60613840482
5.58896903042
5.57465312997
5.55639793173
5.43665666744
5.4508893319
5.38775818932
5.38718390383
5.38655159675
5.38636253127
5.38518678891
5.33985146154
5.33861835027
5.33659970293
5.33458185904
5.33234465567
5.33114014439
5.32976397277
5.32811699609
5.32699911069
5.29081933474
5.23904000828
5.2383037087
5.22205352528
5.22012553669
5.21882707231
5.21820462103
5.18545770299
5.18072573261
5.16479017561
5.17898261868
5.15676775073
5.15566062357
4.98872714472
4.98701420573
4.98482710035
4.98154234115
4.95899425595
4.95718767936
4.90447403742
4.85271330019
4.85124350218
4.80195526857
4.8215081923
4.74008621758
4.73922903725
4.72262982865
4.72279182594
4.720814619
4.68218556917
4.68205309355
4.68157282206
4.61078688776
4.55977347754
4.60112554694
4.55002820681
4.54942800206
4.52834616854
4.52786071191
4.52812082245
4.5270457161
4.52592066936
4.52633219029
4.51019389394
4.43586958409
4.42991617954
4.4277206933
4.42775688024
4.37543504085
4.32148179359
4.28136991765
4.25780896898
4.20703516226
4.19138272406
4.19081934694
4.21252616566
4.25912557953
4.257443357
4.25555788705
4.25703968812
4.20792407359
4.21084192047
4.16046169802
4.1043692076
4.10193229188
4.04727671595
4.04368265067
4.01551016387
3.99632485105
3.9423267309
3.889265339
3.83851340691
3.83601638251
3.83386455478
3.83217011849
3.77932633934
3.70542035983
3.65018554169
3.6474369235
3.59442982623
3.5910855254
3.58462155615
3.58007896075
3.52374257645
3.52209922951
3.50364521715
3.4741354325
3.47082829851
3.41858455918
3.36710675606
3.36528512635
3.36366241602
3.36217727538
3.24484728354
3.2424231346
3.19034176538
3.13811291007
3.1154399766
3.08394760704
3.08158462136
3.0310102384
3.02843838922
2.9266305481
2.82441119719
2.82177587165
2.76894850361
2.76598079882
2.76316084328
2.71023912947
2.7070215827
2.6839844585
2.68134909074
2.67926440404
2.67358149368
2.67189924365
2.67096480406
2.67007536507
2.5657520074
2.56458859479
2.56178655966
2.55893977348
2.53682776632
2.53615462466
2.48459693714
2.44133739638
2.44187538625
2.44169855329
2.46087132174
2.4606199427
2.43950151069
2.40916687201
2.40803581574
2.40711565633
2.40562623101
2.40412401361
2.402134611
2.38449045388
2.38378911113
2.38216032758
2.3604287338
2.33058024104
2.33039949647
2.33182702083
2.31122147298
2.31057601014
2.25604110639
2.22268608837
2.22145763431
2.23987380826
2.23786339573
2.25601566203
2.20385240316
2.18107575384
2.17729897774
2.17480085196
2.12320795366
2.12338167447
2.1225403045
2.1227177702
2.16339847284
2.16111989348
2.07930936706
2.07743758259
2.07572577192
2.07385475796
2.02140309928
1.96817252741
1.94572919785
1.96517948319
1.96386125865
1.96228651915
1.93099743819
1.9282023476
1.82303769776
1.84123741275
1.81773625448
1.81515917785
1.71276203679
1.71061052512
1.70867788757
1.70697030978
1.60597894085
1.60548640816
1.64648897333
1.59601861755
1.54480884361
1.47178612303
1.42097028671
1.33767512646
1.2429842945
1.15072814004
1.14764254349
1.18356160092
1.2374665045
1.29352230986
1.29046616486
1.28399455516
1.24557086137
1.258883081
1.33774839177
1.29493048876
1.2844144792
1.27541957084
1.30664625265
1.35619870692
1.34655910931
1.28542413699
1.27783633465
1.27189435867
1.17366217582
1.16650872652
1.10907658996
1.10288488475
1.09709945856
1.09081843163
1.0854267808
1.07934201476
1.07431143338
1.06677942354
1.17007093957
1.05888031412
1.04906556506
1.03867096195
0.972621120291
0.960752225246
0.847878515239
0.838543455554
0.830140383256
0.76724091193
0.766475029853
0.761108663519
0.759491361453
0.75697530356
0.810614229942
0.80897462338
0.752941985537
0.753147489494
0.810947586941
0.760271131164
0.707490544612
0.710784696392
0.71446221468
0.823374422051
0.935761118553
0.887955637823
0.78744525762
0.841883524582
0.845912044148
0.850938209795
0.799338519473
0.859387120757
0.917570164836
0.918964660258
0.918964411679
0.973479481589
0.970472389126
0.910885240282
0.9669761594
0.961240938689
0.955459858006
0.894927098687
0.834402715234
0.768397443285
0.706005495947
0.699065965887
0.5913499354
0.477772218828
0.585913522328
0.584061972792
0.528410992396
0.474809479209
0.586493135476
0.588390629407
0.589932997729
0.638470698308
0.643643399868
0.647332531381
0.706232570211
0.657395211658
0.66037596143
0.718037437808
0.770419600239
0.772480198814
0.775017688038
0.826734545767
0.774880913585
