0.00325736 0.00261713 0.00187171
0.00327805 0.00335099 0.00254835
0.00440769 0.00303114 0.00185265
0.00377682 0.00302391 0.00193884
0.00343687 0.00433025 0.00358564
0.00318977 0.00405115 0.00298438
0.0026178 0.00325354 0.00221769
0.00275753 0.00244024 0.00133422
0.00306041 0.00301716 0.00196188
0.00395845 0.00299819 0.00185767
0.00230872 0.00274229 0.00194669
0.00205388 0.00257184 0.00182874
0.00335624 0.00274441 0.00190782
0.00379748 0.00350433 0.00261531
0.00292652 0.00305475 0.00212114
0.00430472 0.00270625 0.00206687
0.00268955 0.0032038 0.00371495
0.00307657 0.00205777 0.00136596
0.00239616 0.00244104 0.00193023
0.00500993 0.0020674 0.00135172
0.00429756 0.00189409 0.00127206
0.00503991 0.00180699 0.00130077
0.00387168 0.00211277 0.00148679
0.00332663 0.00198104 0.000881451
0.00245801 0.00232869 0.00127315
0.00234748 0.00208027 0.00091374
0.00280116 0.0026161 0.00101142
0.00295558 0.00251106 0.00111304
0.00209837 0.00207961 0.00125734
0.00297302 0.00187211 0.0012503
0.0025799 0.00186405 0.00124718
0.00247349 0.00162376 0.000915251
0.00186381 0.00207676 0.000928222
0.00213902 0.00218018 0.00113744
0.00270198 0.00244836 0.00140208
0.0029095 0.00246833 0.00146955
0.00247128 0.00251561 0.00143346
0.0026366 0.00283713 0.00157666
0.00250855 0.00263177 0.00164403
0.00261385 0.00254224 0.00166779
0.00173654 0.00273398 0.00193388
0.00314039 0.0028322 0.00207904
0.00225099 0.0032411 0.00201522
0.00280845 0.00271947 0.00187717
0.00297372 0.00266662 0.00219263
0.00317728 0.00265245 0.00203987
0.00251603 0.00323985 0.00258875
0.00313108 0.00304443 0.00291131
0.00227482 0.00314071 0.00306158
0.00348553 0.00329545 0.0025043
0.0021285 0.00366373 0.00271788
0.00182118 0.00326399 0.00281449
0.00129178 0.00325946 0.00247339
0.0016089 0.00331739 0.00251857
0.00314035 0.00357127 0.00262454
0.00178602 0.0039981 0.00288894
0.00189194 0.00299368 0.00359016
0.00252458 0.00351465 0.00384169
0.00241926 0.00473255 0.00333841
0.00212172 0.00323946 0.00381918
0.00232243 0.00383205 0.00390859
0.00515202 0.00471648 0.00366405
0.0027649 0.00316531 0.003632
0.00264845 0.00312462 0.00356767
0.00165434 0.00309042 0.0035527
0.00197401 0.0025911 0.00330374
0.00222166 0.00282558 0.00341919
0.00450287 0.00448633 0.00347923
0.00181373 0.00286841 0.00355544
0.00222986 0.0030963 0.00360895
0.00198471 0.00306401 0.00359337
0.00240399 0.00287794 0.00356014
0.00269003 0.00301504 0.00373674
0.00293468 0.00295867 0.0036495
0.00231818 0.00256483 0.00309719
0.00273949 0.00263135 0.00329708
0.00276063 0.004245 0.00366889
0.00284954 0.00358011 0.00391848
0.00306218 0.00365123 0.00402926
0.00271535 0.00296879 0.00322918
0.00286614 0.00296898 0.00334066
0.00207404 0.00255737 0.00267769
0.00286644 0.00354672 0.00324031
0.00234958 0.00275173 0.00302717
0.00260196 0.00297314 0.00307178
0.0029615 0.00310932 0.00325185
0.0031402 0.00333145 0.00338504
0.00305714 0.00354278 0.00334677
0.00333371 0.00343947 0.00335505
0.00480363 0.00468244 0.00500677
0.00318038 0.00313842 0.00365471
0.00293021 0.00300007 0.00348829
0.00305828 0.00310647 0.00350755
0.00283102 0.00307302 0.00354688
0.00295746 0.00304885 0.00364095
0.00281537 0.00296715 0.00353617
0.00297171 0.00307915 0.00375734
0.00306746 0.00317643 0.00369985
0.00387111 0.00420313 0.00444325
0.00394047 0.00422058 0.00431082
0.00357885 0.00376264 0.00406191
0.00315629 0.00370704 0.00367172
0.00464203 0.00486993 0.00460727
0.00459498 0.00434359 0.00491467
0.00378553 0.00372585 0.00416259
0.00366949 0.00357017 0.00438036
0.00388194 0.003622 0.00428302
0.00370151 0.00373763 0.00442391
0.00394233 0.00374755 0.00456504
0.00274203 0.00321461 0.00383949
0.00362693 0.00419211 0.00464868
0.00412796 0.0043551 0.00490226
0.00396152 0.00453255 0.00492113
0.00401702 0.00444084 0.00496852
0.00403281 0.00480408 0.00513368
0.00425845 0.00477851 0.00509852
0.00443361 0.00579322 0.00624455
0.00472602 0.00648233 0.00651258
0.0046799 0.0051047 0.00544863
0.00406133 0.00431463 0.00521139
0.00401214 0.00407364 0.00497346
0.0043462 0.00434911 0.00506255
0.00440971 0.00444947 0.00541268
0.00420062 0.00447071 0.00544566
0.00477738 0.00480583 0.00575686
0.00497051 0.00490007 0.005832
0.00476084 0.00484944 0.00582067
0.00482803 0.00491815 0.00596479
0.00543312 0.0054327 0.00614727
0.0051838 0.00530759 0.00608964
0.00491658 0.00486791 0.00592006
0.00537547 0.00554355 0.00619252
0.00550114 0.00545861 0.00629457
0.00436952 0.00530569 0.0065415
0.00474557 0.00562358 0.00680853
0.00535043 0.00614854 0.0070545
0.00469937 0.00542219 0.0063096
0.00577474 0.00585377 0.00677804
0.00604031 0.00591167 0.00695412
0.00658226 0.00638813 0.007115
0.00600291 0.00605921 0.0071027
0.00644097 0.00597884 0.0071287
0.00593024 0.00592812 0.00718667
0.00618029 0.00666134 0.00819772
0.00653427 0.0067912 0.00828855
0.00629668 0.00721358 0.00828256
0.00643211 0.00653399 0.00744792
0.00625288 0.00613476 0.00700161
0.00627574 0.00602928 0.00702104
0.00648709 0.00626182 0.00718611
0.00607701 0.00625491 0.00719594
0.00789649 0.00786389 0.0085554
0.00745964 0.00746748 0.00788639
0.00701305 0.00732675 0.0077796
0.00699847 0.00717652 0.00781769
0.00717873 0.00736638 0.00799723
0.00932922 0.00915684 0.00994788
0.00878223 0.00881488 0.00937983
0.00779439 0.00776712 0.00856628
0.00849256 0.00874328 0.00916007
0.00737298 0.00788327 0.0082988
