1.07463 1.07178 1.07262
1.08165 1.07996 1.08044
1.07597 1.07337 1.07477
1.07723 1.07435 1.07576
1.07614 1.0757 1.07631
1.07461 1.07349 1.0747
1.07414 1.07425 1.0753
1.07376 1.07196 1.07371
1.07274 1.07061 1.0714
1.07217 1.07186 1.07292
1.0769 1.07582 1.07613
1.07277 1.07372 1.07429
1.07505 1.07543 1.07596
1.07621 1.07543 1.07633
1.0742 1.07332 1.07403
1.07562 1.07458 1.07483
1.0748 1.07532 1.07651
1.07408 1.07292 1.07353
1.07352 1.07339 1.07418
1.07359 1.07167 1.07232
1.07422 1.073 1.07349
1.07276 1.07173 1.07241
1.07489 1.07375 1.07454
1.07687 1.07289 1.07439
1.07397 1.07152 1.07353
1.07066 1.07149 1.07289
1.07477 1.0714 1.07406
1.07761 1.07271 1.07449
1.07441 1.07457 1.07684
1.07139 1.07292 1.07367
1.07665 1.0717 1.07346
1.07466 1.07575 1.07642
1.07585 1.0745 1.07601
1.07432 1.07367 1.07578
1.07313 1.07254 1.07421
1.08373 1.07468 1.07491
1.08164 1.07416 1.07489
1.1103 1.10116 1.09389
1.12469 1.11264 1.10865
1.12861 1.11149 1.1108
1.12997 1.14308 1.14189
1.16413 1.14509 1.14619
1.13805 1.15403 1.14924
1.14777 1.13197 1.13166
1.14954 1.13591 1.13466
1.15313 1.13735 1.13792
1.16206 1.16554 1.16672
1.17342 1.16539 1.16748
1.16142 1.16762 1.17253
1.16946 1.15851 1.15481
1.15618 1.1702 1.16523
1.15761 1.16896 1.16993
1.13341 1.14827 1.14613
1.15456 1.16066 1.15769
1.16848 1.16587 1.16306
1.17383 1.18435 1.17901
1.1876 1.19166 1.19498
1.1909 1.19344 1.19601
1.17814 1.18331 1.18123
1.19054 1.1938 1.19558
1.19655 1.19826 1.20052
1.19555 1.18989 1.18961
1.1972 1.19822 1.20225
1.20871 1.20877 1.21244
1.19541 1.19577 1.20042
1.18777 1.18822 1.19279
1.19581 1.19878 1.20144
1.19332 1.19006 1.18926
1.19864 1.20183 1.20544
1.20658 1.20906 1.2121
1.18965 1.19023 1.19502
1.18758 1.18788 1.19182
1.19908 1.19857 1.20153
1.18986 1.19189 1.19512
1.18003 1.18383 1.18467
1.18649 1.18782 1.19131
1.17995 1.1869 1.18478
1.1907 1.18959 1.19295
1.19189 1.19178 1.19515
1.19804 1.19408 1.19412
1.18784 1.18741 1.18547
1.19215 1.18985 1.19033
1.18415 1.18353 1.1834
1.1894 1.18711 1.1877
1.19117 1.19309 1.19425
1.1928 1.19315 1.19166
1.18621 1.1852 1.1883
1.1898 1.19035 1.19284
1.19422 1.19432 1.19641
1.19762 1.19765 1.19996
1.20687 1.20602 1.20761
1.21249 1.21297 1.21288
1.20827 1.20865 1.20917
1.21545 1.2149 1.21695
1.21526 1.21362 1.2165
1.21258 1.21187 1.213
1.21547 1.21585 1.21634
1.21542 1.21567 1.21868
1.21571 1.21574 1.21683
1.21886 1.21997 1.22262
1.22644 1.22229 1.22655
1.2209 1.21871 1.22524
1.22543 1.22431 1.22474
1.22489 1.2267 1.22598
1.22466 1.22547 1.22684
1.22953 1.23086 1.22886
1.22114 1.22178 1.22407
1.22058 1.21891 1.21981
1.22775 1.22692 1.22554
1.23103 1.22971 1.23046
1.23225 1.23299 1.23218
1.23656 1.23879 1.23819
1.23807 1.2386 1.23852
1.24166 1.24155 1.24135
1.24842 1.24713 1.24552
1.25631 1.25326 1.25458
1.25526 1.25478 1.25283
1.26932 1.26487 1.26495
1.26836 1.26497 1.26413
1.27397 1.27081 1.26995
1.28203 1.28026 1.27951
1.29533 1.29449 1.29333
1.30321 1.3025 1.30121
1.30997 1.30739 1.30742
1.3165 1.31584 1.31392
1.32073 1.32125 1.31959
1.32998 1.32928 1.3276
1.33423 1.33312 1.33104
1.33769 1.33535 1.33678
1.34337 1.34198 1.34207
1.34741 1.34795 1.34612
1.35045 1.35071 1.35065
1.35132 1.35235 1.35065
1.35911 1.35703 1.35534
1.36778 1.36286 1.36146
1.3726 1.36981 1.36826
1.37285 1.37176 1.36953
1.37674 1.37594 1.37394
1.3862 1.38451 1.38099
1.3918 1.39233 1.38953
1.40208 1.40163 1.39915
1.40446 1.40365 1.40017
1.41085 1.4094 1.40538
1.4158 1.41344 1.41031
1.4177 1.41758 1.4138
1.4213 1.41982 1.41717
1.42303 1.42117 1.421
1.42432 1.42463 1.42275
1.42504 1.42542 1.42416
1.42744 1.4279 1.42643
1.43007 1.42968 1.42889
1.43219 1.43477 1.43157
1.43848 1.43766 1.43769
1.43895 1.43787 1.43653
1.44085 1.44067 1.43844
1.4447 1.44381 1.44125
1.44686 1.44554 1.44506
1.44632 1.44702 1.44532
1.44926 1.45024 1.44775
1.45166 1.45071 1.44825
1.45373 1.45323 1.45003
