1.08183 1.08534 1.08549
1.08392 1.08653 1.08833
1.08091 1.08268 1.08352
1.08119 1.07863 1.08067
1.08247 1.07093 1.07007
1.07433 1.06886 1.07757
1.07414 1.06882 1.07557
1.0756 1.06815 1.0732
1.07042 1.06874 1.06965
1.07871 1.06974 1.07845
1.07627 1.07734 1.08555
1.07576 1.07142 1.07072
1.08419 1.07396 1.07622
1.08463 1.08731 1.08431
1.09777 1.08618 1.087
1.09459 1.08309 1.08391
1.0906 1.08822 1.09319
1.08348 1.0853 1.0841
1.08081 1.08297 1.08369
1.07923 1.07436 1.07221
1.07261 1.07212 1.07209
1.06634 1.06586 1.06695
1.0637 1.06475 1.06622
1.06113 1.05903 1.06171
1.06468 1.0622 1.06265
1.06019 1.06011 1.058
1.0603 1.06212 1.07001
1.0603 1.06081 1.06707
1.06921 1.05899 1.05662
1.05128 1.06101 1.05819
1.05411 1.05986 1.06113
1.05745 1.05052 1.05055
1.06493 1.0597 1.05687
1.07771 1.06225 1.06381
1.08087 1.08444 1.08113
1.08077 1.09022 1.09078
1.0656 1.08632 1.08898
1.05764 1.07798 1.07591
1.08571 1.08738 1.0832
1.09158 1.09992 1.09623
1.08614 1.09129 1.08506
1.10332 1.10532 1.10163
1.08716 1.10006 1.09923
1.08544 1.08679 1.08348
1.08306 1.09407 1.09394
1.07787 1.09515 1.09174
1.07917 1.07648 1.07493
1.0694 1.09773 1.09271
1.09578 1.10259 1.10237
1.08951 1.13497 1.10709
1.0928 1.11605 1.11358
1.13108 1.14425 1.14117
1.09235 1.09449 1.08914
1.08902 1.10365 1.09803
1.0853 1.09563 1.08946
1.07996 1.08024 1.07543
1.063 1.08933 1.07951
1.06972 1.0924 1.08752
1.05796 1.07186 1.06501
1.05228 1.07288 1.07197
1.06447 1.08477 1.07551
1.04434 1.05956 1.06281
1.05111 1.07302 1.0673
1.05187 1.07812 1.06912
1.05655 1.05884 1.05531
1.06134 1.07922 1.07142
1.06902 1.07955 1.0706
1.055 1.08195 1.07279
1.06909 1.09158 1.09159
1.07913 1.10791 1.09458
1.0476 1.08451 1.07539
1.09362 1.09234 1.08954
1.11339 1.09746 1.09419
1.12812 1.12684 1.12029
1.10452 1.12836 1.12717
1.10653 1.12534 1.12819
1.08181 1.10522 1.10179
1.08189 1.10805 1.10652
1.09087 1.1084 1.10829
1.0707 1.09204 1.08681
1.0891 1.10951 1.10763
1.09889 1.11231 1.10673
1.09444 1.09561 1.09455
1.11188 1.11581 1.1129
1.13498 1.11984 1.11611
1.09093 1.10328 1.09991
1.11306 1.17098 1.16725
1.11265 1.14207 1.1389
1.09407 1.12971 1.1234
1.1058 1.13638 1.13347
1.08652 1.11717 1.1125
1.05612 1.08086 1.07617
1.06963 1.09575 1.08834
1.08569 1.10526 1.09822
1.06863 1.09426 1.08853
1.08118 1.11057 1.10242
1.09169 1.10768 1.1097
1.1032 1.09988 1.08919
1.09012 1.11339 1.10922
1.13249 1.12237 1.11618
1.12643 1.15076 1.1461
1.13843 1.16464 1.15761
1.14914 1.17001 1.16293
1.12364 1.15253 1.14593
1.14357 1.17217 1.16171
1.14983 1.16847 1.16971
1.11932 1.15152 1.14469
1.1453 1.16479 1.15797
1.14243 1.16065 1.16163
1.1145 1.14574 1.13593
1.13238 1.15666 1.15205
1.13536 1.15998 1.15502
1.11026 1.13765 1.13065
1.12651 1.14498 1.14083
1.1193 1.15427 1.14046
1.13922 1.16778 1.16129
1.10832 1.14635 1.132
1.1124 1.15079 1.13279
1.13557 1.17303 1.16011
1.16636 1.1905 1.18138
1.18216 1.20495 1.19633
1.22357 1.20205 1.21
1.18134 1.20706 1.19933
1.19418 1.20632 1.21272
1.18882 1.21022 1.21078
1.20367 1.22468 1.22176
1.21616 1.24038 1.23832
1.23936 1.24703 1.25304
1.23706 1.26264 1.25023
1.2557 1.26934 1.2717
1.24714 1.27823 1.2717
1.22289 1.24535 1.23944
1.22071 1.2511 1.24252
1.24413 1.26538 1.26503
1.24747 1.2816 1.27688
1.26671 1.29669 1.2935
1.28299 1.31188 1.30725
1.29979 1.315 1.32418
1.29972 1.32689 1.32274
1.3094 1.33513 1.33437
1.32215 1.35014 1.34514
1.32881 1.35738 1.3522
1.34456 1.35204 1.36799
1.33001 1.33149 1.35334
1.3332 1.34326 1.3576
1.32262 1.35817 1.34698
1.3452 1.35535 1.37025
1.35299 1.35689 1.37785
1.3339 1.33923 1.35603
1.30509 1.33929 1.33244
1.31335 1.34801 1.33813
1.34012 1.34322 1.35991
1.32096 1.34809 1.3445
1.33124 1.33634 1.35376
1.34164 1.35147 1.36646
1.34062 1.34344 1.35945
1.32967 1.34491 1.34699
1.33613 1.34197 1.35656
1.31708 1.34281 1.34235
1.3248 1.35422 1.34811
1.33483 1.34111 1.35504
1.32483 1.35016 1.33956
1.32367 1.35005 1.34429
1.33984 1.34675 1.35898
1.33142 1.35938 1.34862
1.33487 1.33214 1.35322
1.33869 1.33825 1.32841
1.35024 1.33804 1.33456
1.36371 1.35811 1.34565
1.36122 1.36529 1.38144
1.34881 1.35117 1.3644
1.35121 1.35307 1.36778
1.35992 1.35059 1.34934
1.34176 1.34232 1.3545
1.35526 1.3458 1.3389
1.34163 1.34131 1.34988
1.34277 1.34467 1.3546
1.34113 1.34376 1.34081
1.34816 1.35673 1.35119
1.34075 1.33898 1.35613
1.3318 1.34623 1.33515
1.34061 1.34453 1.34251
1.35121 1.36034 1.35135
1.35108 1.35903 1.36959
1.35457 1.35799 1.37179
1.35324 1.35324 1.35568
1.35355 1.35355 1.35581
1.35703 1.35703 1.359
1.35657 1.35657 1.35867
1.36 1.36 1.36214
1.3597 1.3597 1.36193
1.35959 1.35959 1.36182
1.35952 1.35952 1.36173
1.36309 1.36309 1.36519
1.36295 1.36295 1.36512
1.36564 1.36564 1.36779
1.36575 1.36575 1.36783
1.3685 1.3685 1.37054
1.36004 1.36804 1.37018
1.36805 1.36012 1.37018
1.3633 1.35938 1.3732
1.35317 1.35317 1.35541
1.35704 1.35704 1.35925
1.35693 1.35693 1.35917
1.35699 1.35699 1.35924
1.35977 1.35977 1.36213
1.35985 1.35985 1.36188
1.36269 1.36269 1.36427
1.36227 1.36227 1.36428
1.36238 1.36238 1.36446
1.36534 1.36534 1.36729
1.36551 1.36551 1.36749
1.36854 1.36854 1.37043
1.36871 1.36871 1.37064
1.362 1.37154 1.37353
1.36054 1.37175 1.37375
1.34222 1.34108 1.35627
1.35139 1.34995 1.3359
1.33927 1.35402 1.33911
1.34493 1.34779 1.36491
1.35366 1.35638 1.36917
1.35957 1.36068 1.35116
1.35359 1.35758 1.36942
1.35965 1.35604 1.37418
1.35736 1.36548 1.35143
1.3556 1.35685 1.37623
1.36314 1.36527 1.37953
1.34783 1.34551 1.36145
1.34794 1.34731 1.36397
1.35723 1.3576 1.34161
1.35742 1.35875 1.3692
1.35372 1.35802 1.37368
1.36366 1.36877 1.35307
1.3539 1.3539 1.35555
1.35401 1.35401 1.35552
1.35474 1.35474 1.35642
1.35758 1.35758 1.35916
1.3577 1.3577 1.35934
1.36027 1.36027 1.36182
1.36073 1.36073 1.36213
1.36077 1.36077 1.36216
1.36303 1.36303 1.36452
1.36353 1.36353 1.36483
1.36594 1.36594 1.36719
1.36633 1.36633 1.36773
1.3663 1.3663 1.36771
1.36635 1.36635 1.36776
1.36838 1.36838 1.36951
1.36882 1.36882 1.37032
1.37162 1.37162 1.37262
1.37166 1.37166 1.37309
1.37163 1.37163 1.37306
1.37386 1.37386 1.37526
1.37441 1.37441 1.37535
1.37692 1.37692 1.37824
1.37712 1.37712 1.37846
1.37978 1.37978 1.38095
1.37983 1.37983 1.38113
1.38164 1.38164 1.38281
1.38213 1.38213 1.38367
1.38232 1.38232 1.38353
1.38389 1.38389 1.385
1.38413 1.38413 1.38533
1.38665 1.38665 1.38784
1.38615 1.38615 1.38751
1.38665 1.38665 1.38748
1.38065 1.38871 1.38966
1.38887 1.37997 1.39006
1.38306 1.38192 1.3916
1.37711 1.37711 1.37818
1.36674 1.36591 1.37993
1.36029 1.36029 1.36151
1.36402 1.36402 1.36533
1.36421 1.36421 1.36574
1.3667 1.3667 1.36784
1.36688 1.36688 1.36815
1.36688 1.36688 1.36831
1.36931 1.36931 1.37054
1.36968 1.36968 1.37116
1.36986 1.36986 1.37128
1.37062 1.36254 1.37183
1.35744 1.35744 1.35813
1.35882 1.35882 1.35973
1.35942 1.35942 1.36046
1.35955 1.35955 1.36058
1.36218 1.36218 1.36324
1.36294 1.36294 1.36432
1.36611 1.36611 1.3675
1.36581 1.36581 1.36713
1.36722 1.36722 1.36846
1.3678 1.3678 1.3689
1.36776 1.36776 1.36921
1.37013 1.37013 1.37147
1.3729 1.3729 1.37433
1.37333 1.37333 1.3746
1.37325 1.37325 1.37464
1.37586 1.37586 1.37697
1.37619 1.37619 1.37725
1.3785 1.3785 1.37943
1.37885 1.37885 1.37981
1.38094 1.38094 1.38198
1.38131 1.38131 1.3824
1.38143 1.38143 1.38239
1.38369 1.38369 1.38472
1.38618 1.38618 1.3872
1.38666 1.38666 1.38786
1.38681 1.38681 1.388
1.38919 1.38919 1.38962
1.38974 1.38974 1.38994
1.39166 1.39166 1.39274
1.39215 1.39215 1.39308
1.39489 1.39489 1.39563
1.39508 1.39508 1.39595
1.39703 1.39703 1.39807
1.39728 1.39728 1.39807
1.39704 1.39704 1.39787
1.39693 1.39693 1.3977
1.39879 1.39879 1.39983
1.39877 1.39877 1.39984
1.40097 1.40097 1.40139
1.4029 1.4029 1.4032
1.40233 1.40233 1.40259
1.40217 1.40217 1.40254
1.405 1.405 1.40533
1.404 1.404 1.40419
1.40565 1.40565 1.40589
1.40609 1.40609 1.40634
1.40904 1.40904 1.40944
1.412 1.412 1.4124
1.41548 1.41548 1.41616
1.41714 1.41714 1.41783
1.41719 1.41719 1.41789
1.41909 1.41909 1.42006
1.41993 1.41993 1.42061
1.42259 1.42259 1.42322
1.42326 1.42326 1.42407
1.42369 1.42369 1.42448
1.42565 1.42565 1.42658
1.42659 1.42659 1.42732
1.42808 1.42808 1.4301
1.42918 1.42918 1.42991
1.432 1.432 1.43279
1.43307 1.43307 1.43394
1.43593 1.43593 1.43684
1.43711 1.43711 1.43828
1.43823 1.43823 1.43858
1.43993 1.43993 1.44034
1.44163 1.44163 1.44131
1.44329 1.44329 1.4438
1.44522 1.44522 1.44511
1.44829 1.44829 1.448
