0.00370106 0.00329773 0.00326095
0.00273313 0.00230556 0.00212952
0.00530433 0.0031251 0.00293264
0.00505361 0.00428249 0.00394033
0.00473016 0.00528708 0.0047847
0.00458507 0.00329194 0.00290692
0.00332293 0.00237952 0.00136648
0.00363076 0.00257118 0.00189711
0.00226837 0.00206082 0.00153546
0.00363231 0.00212929 0.00159599
0.00268474 0.00318406 0.00250378
0.00347783 0.00248896 0.00242096
0.00388671 0.00200473 0.00190723
0.00202058 0.00218397 0.00206736
0.0027323 0.00219944 0.00211838
0.00259652 0.00215444 0.00181918
0.00306024 0.00271946 0.00255889
0.00320516 0.00222157 0.00210389
0.00331342 0.00173488 0.00149048
0.00165584 0.00189743 0.00185482
0.00199666 0.00176348 0.00140206
0.00147348 0.00158001 0.00145606
0.00210436 0.00179199 0.00150556
0.00150469 0.00161969 0.00107486
0.00168369 0.00156553 0.00128006
0.00178631 0.00164004 0.00122627
0.00210745 0.00172502 0.00139772
0.00214293 0.00190561 0.00152558
0.00225588 0.00221954 0.00170761
0.00221161 0.00227988 0.00229039
0.0018716 0.00229698 0.00234874
0.00204462 0.0014801 0.00141643
0.00248855 0.0016733 0.00145072
0.00211245 0.00228341 0.00192226
0.00250389 0.00140074 0.00135922
0.00202337 0.0016131 0.00144099
0.00216733 0.00250198 0.00219989
0.00174186 0.00145822 0.0012115
0.00214755 0.0020766 0.00132703
0.00384475 0.00211407 0.00172054
0.00142339 0.0017137 0.00148241
0.00257823 0.00190168 0.00148309
0.00417633 0.00319814 0.00287701
0.00330727 0.00383877 0.00358698
0.0023502 0.00202211 0.00178531
0.00230331 0.00156092 0.00141465
0.00245303 0.00164783 0.00160499
0.00310605 0.00184373 0.00168797
0.00315306 0.00237125 0.00236833
0.00230364 0.00204002 0.00198501
0.00397485 0.00242141 0.00247151
0.00259252 0.00231964 0.00211078
0.00179767 0.00154976 0.00122564
0.00221458 0.00207759 0.00186941
0.00218552 0.00229151 0.00208232
0.00200367 0.00213282 0.00193137
0.00168825 0.00212775 0.00157517
0.00190551 0.00243508 0.00187925
0.00259351 0.00191369 0.00157998
0.00178322 0.00160884 0.00110404
0.00168774 0.00220008 0.00177149
0.0027505 0.00214591 0.00188705
0.00218717 0.0018923 0.00158483
0.00156597 0.00217637 0.00171871
0.00229049 0.00214841 0.00177638
0.00191751 0.0021234 0.00166716
0.0017016 0.00225742 0.00181896
0.00163104 0.0018354 0.00155193
0.00154434 0.00192811 0.00155889
0.00197645 0.00230057 0.00197887
0.0016699 0.00212381 0.00187654
0.00196823 0.00186352 0.00153159
0.00170488 0.00221254 0.00165094
0.00157973 0.00220595 0.00172583
0.00213476 0.00197033 0.0016184
0.00259135 0.00189853 0.0013526
0.00312424 0.00225256 0.0018773
0.00276479 0.00185629 0.00121683
0.00155091 0.00198365 0.00156381
0.00245635 0.00232242 0.00209928
0.00280616 0.002398 0.00206715
0.00206834 0.00223094 0.00192046
0.00247663 0.00217204 0.00209331
0.0015793 0.00209642 0.00172759
0.0021451 0.00197853 0.00180855
0.00194163 0.0023199 0.00238069
0.00261445 0.00189839 0.00182893
0.00250002 0.0016922 0.00147893
0.00284594 0.00173136 0.00190734
0.00161208 0.00146522 0.00122202
0.00242409 0.0017304 0.00166794
0.00267935 0.00162718 0.00155761
0.00183317 0.00226771 0.0021837
0.0019529 0.0025594 0.00234952
0.00240253 0.0021292 0.0019405
0.00161291 0.00172448 0.00154271
0.00176526 0.00216134 0.00178519
0.00271444 0.00212447 0.00190228
0.0013465 0.00192321 0.00185996
0.0016331 0.0020707 0.00204323
0.00265542 0.00223609 0.00210449
0.00176546 0.00200653 0.0018461
0.001763 0.00186284 0.00205696
0.00253111 0.0019517 0.00180811
0.0021903 0.002083 0.00184289
0.00152745 0.00222492 0.00199606
0.00168355 0.00225123 0.00189911
0.00181529 0.0022178 0.00210925
0.00201836 0.00265472 0.00241129
0.00137679 0.00295769 0.00267714
0.001972 0.00317667 0.00285949
0.00166931 0.00328319 0.0026839
0.00194089 0.00316142 0.00256296
0.00201963 0.00300741 0.00249121
0.00163132 0.00337496 0.00268493
0.00169462 0.00306868 0.00244255
0.00212541 0.00321756 0.002932
0.00183469 0.00275692 0.00217395
0.00165379 0.00338584 0.00263638
0.00193111 0.00270142 0.00292818
0.00202547 0.0035387 0.00299246
0.00206916 0.00365573 0.00314809
0.00215966 0.00332296 0.00298847
0.00165634 0.00306899 0.00269468
0.00200512 0.00280858 0.00275551
0.0021613 0.00293129 0.00289679
0.00271898 0.0042798 0.00409328
0.0031705 0.00457915 0.00451918
0.0029798 0.0046893 0.00447146
0.00299892 0.00490223 0.00461227
0.00351933 0.00513883 0.00508855
0.00314062 0.00454745 0.00463909
0.00322976 0.00493805 0.00475544
0.00349594 0.00535725 0.00525692
0.00413401 0.00508977 0.00570034
0.00379632 0.00484978 0.00554523
0.00360305 0.00461928 0.00544767
0.00379931 0.00557429 0.00525845
0.00367172 0.00540623 0.0059476
0.00361053 0.00591937 0.0056826
0.00433092 0.00547994 0.00604814
0.004115 0.00546994 0.00605101
0.00375706 0.0062604 0.00595398
0.00434261 0.00515643 0.00575684
0.00392571 0.00461491 0.00557264
0.00381333 0.00603017 0.00565988
0.00422638 0.00428316 0.00571269
0.00391048 0.00533531 0.00551426
0.00439744 0.00522214 0.00589995
0.00355974 0.00438147 0.00524183
0.00387779 0.00580707 0.00558561
0.00396885 0.0048616 0.00547739
0.00360896 0.00572967 0.00531013
0.00426294 0.00515248 0.00583252
0.00355226 0.00498185 0.00543957
0.00380972 0.00548326 0.00541222
0.00316706 0.00378043 0.00423143
0.00292688 0.00389906 0.00384317
0.00316986 0.00421383 0.00461526
0.00336337 0.00506224 0.004703
0.00442312 0.00443993 0.00501523
0.00395338 0.00456184 0.00511554
0.00376132 0.00473079 0.00511322
0.00505238 0.00534548 0.00501997
0.00417707 0.00455273 0.00523221
0.00407535 0.00514561 0.00465752
0.00462144 0.00467447 0.0050016
0.00432188 0.00486612 0.00527994
0.0037637 0.00419903 0.00497498
0.00445823 0.00420348 0.00479931
0.0052308 0.00515918 0.00533682
0.00407245 0.00399203 0.00517024
0.00421227 0.00457006 0.00517885
0.00412207 0.00388719 0.00476016
0.00493146 0.00470792 0.00467504
0.00509446 0.00516428 0.00505949
0.00446643 0.00449744 0.00510066
0.0039511 0.0039511 0.00445138
0.00458262 0.00354416 0.00512797
0.0047505 0.00502898 0.00450834
0.00520362 0.00543633 0.00528433
0.00386109 0.00383311 0.00500352
0.00462782 0.00481643 0.00451202
0.00398562 0.00397713 0.00514406
0.00477616 0.00500633 0.00472474
0.00541155 0.00583745 0.00515514
0.00405756 0.00427943 0.00511633
0.00357096 0.00364474 0.00444476
0.00397401 0.00393321 0.0048821
0.00484353 0.00549936 0.00448716
0.00514286 0.0052043 0.00439501
0.00353601 0.00336198 0.00429169
0.00435243 0.00527106 0.0040771
0.00388978 0.00531107 0.00433871
0.00430702 0.00430702 0.00423129
0.00338318 0.00398999 0.00398698
0.00401988 0.00401988 0.00410066
0.00363488 0.00368577 0.00414204
0.00363769 0.00356404 0.00421986
0.00469717 0.00493974 0.00406379
0.00343001 0.00429503 0.0042608
0.00370511 0.00482154 0.00435781
0.00394674 0.00394674 0.00377688
0.00426432 0.00426432 0.00431076
0.00410608 0.00410608 0.00414735
0.00413258 0.00413258 0.00417319
0.00422763 0.00422763 0.00436564
0.00421766 0.00421766 0.00430264
0.00424365 0.00424365 0.00433083
0.00436855 0.00436855 0.0044471
0.00425128 0.00425128 0.00433764
0.0043425 0.0043425 0.0044716
0.00430401 0.00430401 0.00438309
0.00432934 0.00432934 0.00439924
0.00458962 0.00457484 0.00442902
0.00408631 0.00408631 0.00413028
0.00417099 0.00417099 0.00424449
0.00419549 0.00419549 0.00422561
0.00426704 0.00383234 0.00431481
0.00489155 0.00492851 0.00422362
0.0040849 0.0040849 0.00423661
0.00391215 0.00391215 0.0040724
0.00398599 0.00398599 0.00416421
0.00404945 0.00404945 0.00420479
0.00393508 0.003536 0.00409603
0.00405645 0.00367706 0.00421003
0.00403367 0.0045835 0.00395597
0.00392502 0.00409041 0.00440171
0.00363992 0.00373931 0.00437625
0.00474273 0.00468524 0.00408174
0.00440113 0.00469282 0.00407302
0.00359147 0.00397044 0.00400963
0.0047885 0.00513198 0.00410441
0.00460404 0.00471696 0.00398721
0.00361811 0.00335302 0.00429318
0.00361674 0.00361674 0.00383487
0.00409578 0.00409578 0.00433646
0.00384202 0.00384202 0.00407581
0.00391111 0.00391111 0.00414572
0.0038264 0.0038264 0.00404977
0.00386404 0.00386404 0.0040868
0.00394817 0.00394817 0.00416745
0.00383121 0.00383121 0.00403666
0.00389644 0.00389644 0.00411596
0.00396918 0.00396918 0.00414795
0.00384729 0.00384729 0.00404056
0.00394377 0.00394377 0.00414556
0.00401788 0.00401788 0.00419534
0.0039381 0.0039381 0.00414108
0.00400483 0.00400483 0.00420884
0.00404444 0.00404444 0.00423727
0.00396274 0.00396274 0.00415512
0.00399594 0.00399594 0.00420969
0.0039563 0.0039563 0.00415064
0.00396448 0.00396448 0.00416039
0.00398244 0.00398244 0.00418874
0.00384102 0.00384102 0.0040419
0.0038878 0.0038878 0.00407717
0.00390134 0.00390134 0.00408956
0.00381364 0.00381364 0.00399359
0.00387997 0.00309833 0.00409236
0.00370135 0.00370135 0.00391286
0.00376022 0.00376022 0.00402236
0.00366325 0.00366325 0.00389477
0.00353966 0.00353966 0.00379009
0.00363935 0.00363935 0.00389118
0.00354246 0.00354246 0.00379864
0.00361563 0.00361563 0.0038901
0.00356674 0.00356674 0.00380794
0.00360064 0.00360064 0.00384035
0.00372676 0.00372676 0.00396246
0.00360972 0.00360972 0.00383923
0.00372876 0.00372876 0.00396693
0.00376151 0.0027553 0.00399324
0.003424 0.003424 0.0036901
0.0037722 0.0037722 0.00402215
0.00349576 0.00349576 0.00374607
0.003439 0.003439 0.0036872
0.00346614 0.00346614 0.00371584
0.0035963 0.0035963 0.00383893
0.00348318 0.00348318 0.00372834
0.0035137 0.0035137 0.00376589
0.00364644 0.00364644 0.00388896
0.00351002 0.00351002 0.00376834
0.00357702 0.00357702 0.00381787
0.00367777 0.00367777 0.00391228
0.00355178 0.00355178 0.00378681
0.00369483 0.00369483 0.00391879
0.00360724 0.00360724 0.00383849
0.0036528 0.0036528 0.00388236
0.00372739 0.00372739 0.00396367
0.00362104 0.00362104 0.00385027
0.0037107 0.0037107 0.00393375
0.00360618 0.00360618 0.00383525
0.00371442 0.00371442 0.00396298
0.00362848 0.00310424 0.00385464
0.00320717 0.00272355 0.00397424
0.00340699 0.00340699 0.00368188
0.00388325 0.00388325 0.00413411
0.00366272 0.00366272 0.00389289
0.00352372 0.00352372 0.00377015
0.00365943 0.00365943 0.00388708
0.00358959 0.00358959 0.00382122
0.00362825 0.00362825 0.00385316
0.00367622 0.00367622 0.00389827
0.00368716 0.00368716 0.00391964
0.00363791 0.00363791 0.0038684
0.00373138 0.00373138 0.00397369
0.00365207 0.00365207 0.00389104
0.00370205 0.00370205 0.00392702
0.00311653 0.00366518 0.00389135
0.00371787 0.00371787 0.0039402
0.00378443 0.00378443 0.00397796
0.00326705 0.00374604 0.00395471
0.00284076 0.0032357 0.0040337
0.00344114 0.00344114 0.0036637
0.00384365 0.00384365 0.00405651
0.00357138 0.00357138 0.00377513
0.00357009 0.00357009 0.00379648
0.00363988 0.00363988 0.00386491
0.00353037 0.00353037 0.00375791
0.00358507 0.00358507 0.00381433
0.00364872 0.00364872 0.00387907
0.00359151 0.00359151 0.00382021
0.00368293 0.00368293 0.00394584
0.00363605 0.00363605 0.00386359
0.00366288 0.00366288 0.00390202
0.0037306 0.0037306 0.00397117
0.00364667 0.00364667 0.00388036
0.00374479 0.00374479 0.00396549
0.00368041 0.00368041 0.0039015
0.00371216 0.00371216 0.00393411
0.00373862 0.00373862 0.00395527
0.0036619 0.0036619 0.00387675
0.00374047 0.00407712 0.00395271
0.00364781 0.00364781 0.00384566
0.00371759 0.00371759 0.00390835
0.00367536 0.00367536 0.00387663
0.00361542 0.00361542 0.00380193
0.00362955 0.00362955 0.00381332
0.00360326 0.00360326 0.00382193
0.00334521 0.00334521 0.00362926
0.00367619 0.00367619 0.00395915
0.00340329 0.00340329 0.0036825
0.00363926 0.00363926 0.00392623
0.00352815 0.00352815 0.00381859
0.00346063 0.00346063 0.00374449
0.00354886 0.00246036 0.00386183
0.00344578 0.00344578 0.00380209
0.00409445 0.00409445 0.00443554
0.00358707 0.00358707 0.00395187
