82.4644185831
82.4823496122
82.4822848359
82.4099324883
82.4238281864
82.4332774887
81.9301911993
81.9269008592
81.942629423
78.3643114685
75.7078314668
75.2418860226
74.8404205027
74.8008214247
74.7829329702
74.8027916603
74.7979738055
74.8529102877
74.8688032947
74.9109406991
74.9054518743
74.896891785
72.0053486259
71.2699714847
70.3355771401
69.8264284847
69.5771330374
69.2132894725
69.128827779
68.7412365199
68.7821695005
68.0921366464
67.7138154082
67.5254962826
67.5673794474
67.5526382446
65.4924340463
64.7332560236
63.844318335
63.9957751955
63.0132226496
62.3971113234
62.4030669001
61.9339203833
61.902994839
61.9418181519
61.7488720514
61.8279330262
61.7403695023
61.5123203283
60.9213336122
61.5082626007
59.092951397
58.5317592641
58.1555652345
57.9956887484
56.5449913709
56.1494579678
56.1159769422
56.0244796151
56.0718185274
55.8159076629
55.3787712441
55.4497333082
55.45584711
55.2592974088
55.2650732021
55.3045290076
54.3192921056
54.0217982697
52.5706821392
52.1364828335
52.3677016485
51.1133145168
50.6191840487
50.8607271869
50.7985293991
50.6269653726
50.4524096917
50.2976835591
50.2767441939
50.3529448068
49.975326446
49.8723922137
49.9724318787
49.6188313132
49.6296270565
49.2881187583
47.8215735752
47.574347351
47.2393480504
47.2746647381
46.0889735781
45.984085335
45.4901470857
45.3925466354
45.3198937312
44.8147658348
44.800884317
45.0285330015
44.5813143247
44.5204651872
44.7202248976
44.365531126
44.5512750642
44.5907271284
42.9098182486
42.5058955151
42.1651283911
42.131112568
40.8750264233
40.9397005063
40.3933821146
40.3084087884
39.9537920121
40.0186372003
39.5568958757
39.3646552374
39.2881059797
39.0713633331
39.1770205022
38.7623051056
38.7618299228
38.7508506469
37.8222856081
37.0267723334
36.6236461087
36.5263701839
36.3150167137
35.6348447716
35.9808450984
34.8365454425
34.3398510969
33.7935752804
33.338843055
33.0507075026
33.1781349536
33.2725943135
32.9008244957
32.9946407611
32.6123326429
32.4049414779
32.0888657081
32.9326679084
31.9823798296
31.9231944129
31.6141507659
31.6276593657
31.6077849663
31.4288527018
31.0453229068
31.0825264216
30.5774482571
29.6109788334
29.1380919999
29.2285461191
29.4772137594
28.896701578
28.7425040474
28.5734001197
28.4218054108
28.4522244524
28.9105751381
28.504138494
28.5962429489
28.6420965973
28.4570042051
28.3932839915
28.4045865463
28.6203027405
28.7075869968
28.5388998638
28.5115900155
28.6479060033
28.7110524978
28.4974656214
28.753792588
28.5484820749
28.4570963097
28.5848901267
28.7358434985
28.5841062311
28.7155948823
28.5861999638
28.5881006178
28.6947416846
28.6940304702
28.6496026938
28.4907612185
28.5157522909
28.5680023175
28.5837445708
28.5883780679
28.6367304062
28.6524596594
28.2331897687
28.7610919737
28.7444876013
28.6086589434
28.5546136696
28.6061174225
28.5585984027
28.5820990486
28.662898176
28.6667745934
28.2553549466
28.7213018644
28.7040835029
28.2378157999
28.6810010864
28.6817348677
28.2474262462
28.715583519
28.2841676746
28.2498456335
28.2804492691
28.2844630001
28.2832814624
28.2871907093
28.151643381
28.1591673502
28.1897067448
28.2272653732
28.2227012179
28.2226701481
28.228578285
28.2279487243
28.0716443359
28.2215295464
28.2257253127
27.8270416726
27.8382429066
27.5553968055
27.5519419643
27.810193627
27.8434459017
27.6554605782
27.6789475844
27.6734937191
27.7200003761
27.7162124278
27.7210520251
27.7220740991
27.4264193481
27.4215475346
27.419440944
27.4181835016
27.4228550589
27.4199388378
27.3829872988
27.3960666071
27.4028826919
27.4035997801
27.4314955435
27.4160701695
27.4062736938
27.9625735572
27.6958563295
27.6863520266
27.7212884604
27.6995000509
27.6918640839
27.6974061549
27.6989651707
27.4360412263
27.4222033811
27.437920358
27.4386519457
27.4292045229
27.4249078796
27.4216824788
27.4044068834
27.3945447032
27.3990674383
27.100160925
27.1371736991
27.0976863388
27.0905561146
27.1032477053
27.1050369571
27.1143434083
27.1144037361
27.1391556156
27.1351837944
27.1345258206
27.1159351023
27.1311086345
27.1013064465
27.1013625276
27.1123441915
27.1056795124
27.1107260889
27.1105860281
27.1056142213
27.0995241232
27.0846223122
27.0787494901
27.0740447357
27.0793390447
27.077148434
27.0637305112
27.0593897388
27.0648804721
27.064690375
26.903917172
26.8997027855
26.8628132199
26.8579969901
26.862890808
26.8631310603
26.8392556307
26.8348948606
26.8398668685
26.8396086882
26.7681130055
26.803944027
26.8088884018
26.8084894543
26.5930315712
26.6381629333
26.6453000609
26.613464352
26.6054253588
26.6093595281
26.6087098564
26.5633423025
26.5572449285
26.5624034
26.3186736821
26.2823975417
26.305501217
26.2424695353
26.2346890572
26.2380328342
26.1135250111
26.1072133873
26.1120028976
26.1186424035
25.9124318721
25.9060179564
25.6017600758
25.593371409
25.5967623251
25.5655043368
25.5840443699
25.5609265671
25.5591602261
25.5080108157
25.5047881557
25.5220834889
25.4889134835
25.479486862
25.522022159
25.519044774
25.4439669287
25.4261543661
25.4075077921
24.8560567688
24.8355182746
24.8197327145
24.8161852159
24.8014755208
24.7808883652
24.7842219452
24.7606475882
24.7734120507
24.7971901426
24.8001279481
24.7730953628
24.7615383801
24.8084826851
24.8128692053
24.7406074517
24.7467841949
24.7422981593
24.7392438466
24.7397979686
24.7374275423
24.7566419433
24.7445534614
24.7430577499
24.7557852792
24.7722987084
24.7409645985
24.7663910784
24.80426012
24.7801576078
24.823695117
24.8263449418
24.5439692483
24.5383907994
24.655727223
24.6604788536
24.6902209791
24.6937206586
24.7290552546
24.7376184662
24.7627774263
24.7804888029
24.7929507092
24.7960469331
24.7814503962
24.887212071
24.8704749817
24.8939503703
24.9201546211
24.9125410328
24.9397335262
24.9657864374
24.5618760918
24.5446168355
24.6171005034
24.6133306993
24.6089035564
24.119422404
23.7445955409
23.651837589
23.6385173653
23.5324486954
23.5415072495
23.5676402391
23.565341116
23.6147119342
23.5792263881
23.6178216325
23.6028323375
23.1238769497
23.0072731794
23.0152836221
23.0709615245
23.0823992276
23.0822062143
23.0126455259
23.0202755271
23.0532916382
22.8549026076
22.8437871615
22.8320064138
22.8507196197
22.8458382017
22.8200845319
22.7988516563
22.768017653
22.776549565
22.781962347
22.7109215251
22.7218230808
22.7242468864
22.7040735487
22.66447183
22.6692723053
22.6682470655
22.4875924324
22.482133752
22.0990002733
21.8122048198
21.8712209435
21.8569124448
21.813560907
21.7913031027
21.7313909288
21.7322962213
21.7525193981
21.7544592692
21.7139731885
21.7524764142
21.7782910171
21.3326883928
21.2309617307
21.2733677702
21.1869990046
21.0763768831
21.0873491467
21.0126623509
20.9781722432
21.0131281039
21.0143268928
21.0154462542
21.0065750784
21.0152618399
21.0264280521
21.0396507564
21.0475972149
21.0609465724
21.0570726772
21.0703851061
21.0957351411
21.1297696683
21.1366101117
21.1716519977
20.8199919036
20.6964681912
20.7910626684
20.8017987439
20.7722612649
20.7731152703
20.7584175539
20.7094617146
20.7034144063
20.6963052565
20.7083585702
