1.07165 1.07181 1.07262
1.06646 1.06659 1.06728
1.06568 1.06605 1.06718
1.06548 1.06554 1.06702
1.0778 1.06664 1.06735
1.07157 1.06797 1.06938
1.07453 1.07051 1.07179
1.09735 1.0818 1.08109
1.0915 1.08471 1.08098
1.10356 1.07973 1.08237
1.1291 1.10944 1.10833
1.13514 1.10672 1.10999
1.12925 1.10596 1.10767
1.15696 1.13757 1.13587
1.15819 1.13863 1.13785
1.15763 1.13974 1.1384
1.18607 1.16621 1.1655
1.18854 1.16912 1.16766
1.19165 1.16491 1.16659
1.21774 1.20339 1.20188
1.22377 1.20079 1.20403
1.22102 1.20333 1.20289
1.21466 1.21787 1.22601
1.22342 1.20361 1.21269
1.23303 1.21375 1.20966
1.23183 1.23303 1.24081
1.21091 1.21814 1.22474
1.20624 1.21597 1.22314
1.22027 1.19143 1.19682
1.21019 1.18409 1.18869
1.20495 1.19403 1.18929
1.22104 1.20464 1.20977
1.22238 1.19371 1.20234
1.21492 1.20104 1.20359
1.2094 1.21321 1.21841
1.22785 1.20995 1.20964
1.2028 1.20268 1.2097
1.21538 1.19604 1.19638
1.20951 1.19287 1.19458
1.21059 1.19735 1.19623
1.21076 1.21089 1.21815
1.20124 1.20198 1.20686
1.20085 1.20263 1.20817
1.20634 1.19468 1.19419
1.20432 1.19432 1.19578
1.20744 1.19842 1.19585
1.21237 1.2123 1.2187
1.19983 1.20199 1.20851
1.19989 1.20563 1.21001
1.19706 1.18775 1.18657
1.20468 1.19532 1.19206
1.18771 1.18874 1.19395
1.18948 1.17794 1.17756
1.17629 1.17781 1.18112
1.18235 1.18301 1.18361
1.17543 1.17368 1.17288
1.18564 1.18544 1.18626
1.19271 1.19107 1.1919
1.18576 1.18481 1.18535
1.17985 1.17799 1.17775
1.18151 1.18289 1.18202
1.16972 1.17024 1.16996
1.18548 1.18584 1.18429
1.18808 1.18821 1.18575
1.17943 1.17994 1.1775
1.17079 1.16839 1.1685
1.17406 1.17372 1.17528
1.19448 1.19337 1.19426
1.18904 1.18801 1.18691
1.19092 1.1922 1.19195
1.18805 1.18552 1.1875
1.18422 1.18334 1.18299
1.19287 1.19286 1.19138
1.18624 1.18714 1.18588
1.18053 1.18151 1.18166
1.18858 1.19041 1.1908
1.18595 1.18596 1.18775
1.18819 1.18722 1.18765
1.19673 1.19713 1.19332
1.19227 1.19299 1.19133
1.19232 1.19231 1.19192
1.20338 1.20376 1.20133
1.19915 1.20003 1.19825
1.19679 1.19716 1.19602
1.20239 1.20196 1.20341
1.19937 1.19957 1.19996
1.19691 1.19654 1.19711
1.19972 1.20106 1.20052
1.1987 1.19809 1.19834
1.20428 1.20358 1.2044
1.20695 1.20573 1.20584
1.2035 1.20199 1.20146
1.20463 1.20309 1.20408
1.21006 1.2101 1.21019
1.21004 1.20894 1.20996
1.20972 1.20989 1.21004
1.21682 1.21792 1.21628
1.21681 1.21617 1.21674
1.2177 1.21742 1.21741
1.22803 1.22818 1.22814
1.23081 1.22984 1.22897
1.22653 1.22473 1.22544
1.23521 1.23441 1.23433
1.23381 1.23406 1.23718
1.23226 1.23076 1.23076
1.24056 1.24245 1.23962
1.24158 1.24169 1.23868
1.2409 1.24125 1.24176
1.24297 1.24385 1.24212
1.2515 1.24905 1.25073
1.25389 1.25641 1.25433
1.26539 1.26359 1.26647
1.27155 1.27124 1.27052
1.27157 1.2714 1.27036
1.27574 1.2758 1.27568
1.28008 1.28028 1.2785
1.27553 1.27521 1.2748
1.27931 1.27979 1.27819
1.28145 1.28223 1.28042
1.28272 1.28431 1.28243
1.28124 1.28029 1.2803
1.27802 1.27685 1.277
1.27155 1.27301 1.27117
1.27466 1.27422 1.27307
1.27623 1.27604 1.27556
1.27789 1.27722 1.27783
1.28087 1.28134 1.2791
1.28458 1.28298 1.28093
1.28691 1.2865 1.28444
1.2898 1.28961 1.28996
1.29033 1.29169 1.29181
1.29667 1.2968 1.29765
1.30299 1.30222 1.30292
1.31056 1.31147 1.31194
1.31889 1.31932 1.31717
1.32441 1.32458 1.32396
1.33006 1.32984 1.32883
1.33999 1.3394 1.33744
1.34693 1.34691 1.34431
1.35022 1.3515 1.34909
1.35543 1.35516 1.35415
1.36303 1.36185 1.3607
1.36689 1.3677 1.3667
1.37276 1.37371 1.37247
1.37928 1.38058 1.37677
1.38827 1.38686 1.38503
1.39126 1.39018 1.38805
1.39371 1.394 1.39139
1.39622 1.39501 1.39342
1.4006 1.40056 1.39773
1.39753 1.39749 1.39529
1.40017 1.40162 1.39656
1.40622 1.40729 1.40395
1.41018 1.41051 1.40567
1.41587 1.41628 1.4126
1.42543 1.4241 1.42277
1.4243 1.42751 1.42417
1.42949 1.42893 1.42848
1.43317 1.43502 1.43172
1.43598 1.43424 1.43421
1.43496 1.43661 1.43421
