1.08165 1.0858 1.08549
1.08811 1.08889 1.08766
1.08087 1.08349 1.08457
1.07713 1.07829 1.07915
1.07338 1.0714 1.07451
1.07031 1.07587 1.07261
1.08139 1.07549 1.06916
1.06822 1.10471 1.08987
1.08937 1.11386 1.11139
1.0898 1.11092 1.11035
1.07321 1.09038 1.08382
1.07369 1.09789 1.0912
1.07449 1.08142 1.08217
1.07594 1.06792 1.0781
1.07733 1.0753 1.073
1.06865 1.06513 1.07203
1.07347 1.0723 1.07077
1.07494 1.06944 1.06873
1.07782 1.06639 1.07288
1.07696 1.08423 1.08257
1.06943 1.07856 1.0805
1.06588 1.07418 1.07411
1.05927 1.06238 1.06496
1.05837 1.05916 1.05789
1.06751 1.059 1.05253
1.09247 1.07723 1.07511
1.08398 1.08591 1.07874
1.10122 1.07926 1.0783
1.09839 1.10765 1.11187
1.09105 1.10836 1.10856
1.09924 1.11299 1.11031
1.07752 1.09156 1.08979
1.078 1.09061 1.09096
1.11693 1.09885 1.09499
1.11084 1.13665 1.12905
1.12516 1.13505 1.1356
1.11524 1.12538 1.13139
1.08951 1.10754 1.1052
1.09174 1.10872 1.10551
1.08816 1.10973 1.10581
1.0765 1.0885 1.08576
1.08521 1.09481 1.09304
1.10259 1.09495 1.09181
1.08982 1.11073 1.10957
1.09946 1.10869 1.12383
1.09659 1.11408 1.10494
1.10721 1.09596 1.09531
1.08711 1.10525 1.10449
1.09394 1.10656 1.10699
1.07637 1.08975 1.09179
1.11019 1.09684 1.09123
1.10729 1.09992 1.09472
1.10592 1.11689 1.11526
1.10371 1.12115 1.11987
1.14133 1.11566 1.12356
1.12905 1.15177 1.14953
1.13735 1.15353 1.15495
1.13829 1.15064 1.15573
1.1061 1.13028 1.12755
1.11586 1.13437 1.12794
1.10887 1.13425 1.13033
1.11908 1.11368 1.10033
1.10193 1.12285 1.11659
1.14386 1.12346 1.12073
1.1484 1.16471 1.15832
1.15093 1.17723 1.17063
1.15181 1.17477 1.16951
1.11957 1.15522 1.14194
1.14435 1.15233 1.15243
1.13942 1.15458 1.14804
1.11691 1.13132 1.13471
1.11228 1.13005 1.12556
1.10901 1.13525 1.12344
1.08353 1.11074 1.10244
1.08808 1.108 1.10931
1.09456 1.12655 1.10726
1.10933 1.0909 1.08839
1.11097 1.1078 1.10434
1.09864 1.11214 1.11585
1.07939 1.09971 1.09767
1.11195 1.12071 1.11749
1.11732 1.12572 1.12316
1.15602 1.13107 1.117
1.14717 1.14819 1.14625
1.12368 1.14341 1.14334
1.09774 1.13522 1.13143
1.12986 1.15809 1.15189
1.1827 1.17261 1.16354
1.18462 1.19543 1.19904
1.18171 1.20898 1.20074
1.1964 1.21267 1.20697
1.17559 1.20161 1.1938
1.18689 1.21977 1.20918
1.19564 1.23114 1.2163
1.17288 1.19452 1.18992
1.18273 1.21465 1.20205
1.19637 1.22117 1.21139
1.17818 1.19796 1.19861
1.18327 1.20414 1.20052
1.18642 1.21329 1.20451
1.19106 1.18862 1.17959
1.18523 1.20163 1.19461
1.17971 1.19718 1.20038
1.18527 1.18167 1.17222
1.16981 1.19576 1.18734
1.17165 1.18745 1.18954
1.14167 1.16347 1.16243
1.14463 1.16628 1.16375
1.14941 1.17209 1.16624
1.12052 1.15193 1.14318
1.16773 1.16293 1.15621
1.13185 1.16386 1.15625
1.09928 1.12751 1.12334
1.11352 1.13936 1.13046
1.15302 1.13757 1.13069
1.12308 1.15322 1.14315
1.12742 1.12909 1.11673
1.13218 1.12993 1.1178
1.1193 1.14729 1.13614
1.16456 1.16874 1.15393
1.15579 1.18498 1.17959
1.17394 1.19057 1.19154
1.17613 1.18879 1.18932
1.17609 1.1976 1.19511
1.18263 1.20469 1.2065
1.19642 1.21404 1.21373
1.2077 1.23182 1.22662
1.22018 1.25231 1.2481
1.23904 1.2786 1.26688
1.2709 1.29711 1.2946
1.2795 1.31963 1.31042
1.25292 1.28736 1.27753
1.26077 1.29726 1.28678
1.28437 1.32482 1.31682
1.31202 1.34692 1.3425
1.32819 1.3587 1.35568
1.34211 1.35834 1.37483
1.35721 1.37215 1.38957
1.35357 1.36041 1.37681
1.33338 1.34818 1.36117
1.34062 1.35456 1.36788
1.33201 1.33451 1.35554
1.34263 1.34651 1.362
1.32834 1.35966 1.34694
1.34667 1.34882 1.37035
1.34955 1.36152 1.37592
1.33538 1.34114 1.3627
1.34307 1.35607 1.37006
1.33679 1.34037 1.35791
1.30886 1.34213 1.33675
1.31893 1.35376 1.34461
1.34374 1.34638 1.36752
1.3198 1.34943 1.3462
1.32255 1.33396 1.35081
1.33851 1.34495 1.35756
1.32698 1.34298 1.35176
1.34758 1.35037 1.36502
1.33591 1.36087 1.35606
1.34144 1.35073 1.3639
1.32662 1.33214 1.35251
1.33283 1.33886 1.35724
1.31119 1.3463 1.33705
1.33084 1.34348 1.3561
1.34709 1.34995 1.3631
1.35602 1.3603 1.34931
1.34001 1.33978 1.35585
1.35706 1.34962 1.33861
1.35439 1.35791 1.34403
1.3502 1.35542 1.37051
1.35509 1.35246 1.34633
1.36237 1.36189 1.35172
1.34902 1.36247 1.37283
1.35337 1.36169 1.37862
1.34502 1.34277 1.35902
1.35211 1.34799 1.36491
1.35671 1.35073 1.34429
1.36031 1.35194 1.34819
1.35631 1.35631 1.35971
1.35462 1.35462 1.35938
1.36189 1.36189 1.36473
1.3538 1.35389 1.36484
1.35772 1.35552 1.36872
1.35024 1.35024 1.3533
1.35469 1.35469 1.35701
1.35375 1.35375 1.35632
1.35755 1.35755 1.3596
1.35729 1.35729 1.35954
1.35739 1.35739 1.35971
1.36061 1.36061 1.36279
1.36066 1.36066 1.36292
1.36356 1.36356 1.36608
1.36374 1.36374 1.366
1.36401 1.36401 1.36587
1.36683 1.36683 1.36888
1.3669 1.3669 1.36892
1.3701 1.35955 1.37208
1.33892 1.33902 1.35536
1.3438 1.34502 1.3579
1.35139 1.34854 1.33982
1.35581 1.36779 1.35519
1.34608 1.34746 1.35924
1.36295 1.3601 1.34366
1.33406 1.36444 1.34619
1.35667 1.36502 1.37685
1.3634 1.36815 1.38013
1.35237 1.35394 1.3647
1.35617 1.36362 1.35185
1.35363 1.36847 1.35418
1.36103 1.35971 1.37944
1.36655 1.36698 1.38324
1.35812 1.35812 1.35972
1.35923 1.34861 1.36075
1.36185 1.36455 1.34539
1.36049 1.36158 1.3483
1.35711 1.36153 1.37292
1.36129 1.35765 1.37652
1.34263 1.35382 1.35601
1.34231 1.34235 1.35505
1.34447 1.34577 1.35777
1.3302 1.34046 1.34343
1.34626 1.34755 1.34365
1.34457 1.35501 1.3468
1.34952 1.3493 1.36087
1.35345 1.35151 1.3649
1.35397 1.35828 1.34621
1.35445 1.35525 1.34872
1.36019 1.34955 1.36196
1.351 1.35469 1.36515
1.35614 1.36146 1.3505
1.35667 1.35934 1.37099
1.3639 1.35944 1.37504
1.36713 1.36718 1.35217
1.36592 1.36427 1.35349
1.35909 1.36037 1.37421
1.36782 1.36591 1.37851
1.35894 1.35894 1.36104
1.35217 1.36022 1.36199
1.35977 1.35977 1.36142
1.35992 1.35144 1.36171
1.36317 1.36317 1.36482
1.36348 1.35513 1.36528
1.35584 1.35794 1.36764
1.35157 1.35157 1.35307
1.36787 1.36758 1.3541
1.36386 1.36727 1.3788
1.35566 1.35566 1.35716
1.3578 1.3578 1.35935
1.35794 1.35794 1.35946
1.36026 1.36026 1.36141
1.361 1.361 1.36236
1.36125 1.36125 1.36248
1.36314 1.36314 1.36466
1.36351 1.36351 1.36501
1.36592 1.36592 1.3674
1.36642 1.36642 1.36775
1.36904 1.36904 1.37033
1.36909 1.36909 1.37047
1.37174 1.37174 1.37292
1.37218 1.37218 1.37363
1.37223 1.37223 1.37372
1.36615 1.3741 1.37552
1.36838 1.37674 1.37796
1.36748 1.37745 1.37857
1.37777 1.37777 1.37887
1.37099 1.37944 1.38047
1.37931 1.37931 1.3805
1.38254 1.38254 1.38301
1.37319 1.37369 1.38294
1.375 1.37651 1.38541
1.36918 1.36918 1.37058
1.36964 1.36964 1.3707
1.36981 1.36981 1.37117
1.37209 1.37209 1.37347
1.37215 1.37215 1.37343
1.37275 1.37275 1.37457
1.37545 1.37545 1.37669
1.37537 1.37537 1.37659
1.37738 1.37738 1.37837
1.37786 1.36832 1.37891
1.36166 1.36166 1.36311
1.36446 1.36446 1.3654
1.3646 1.3646 1.36577
1.36613 1.36613 1.36697
1.36728 1.36728 1.36793
1.36679 1.36679 1.36789
1.36864 1.36864 1.36959
1.36883 1.36883 1.36983
1.37107 1.37107 1.37183
1.37133 1.37133 1.37212
1.37307 1.37307 1.37429
1.37349 1.37349 1.37425
1.37564 1.36636 1.37635
1.36123 1.36123 1.36251
1.36247 1.36247 1.36337
1.36323 1.36323 1.36414
1.36482 1.36482 1.36569
1.36542 1.36542 1.36618
1.36556 1.36556 1.36639
1.36731 1.36731 1.36782
1.36771 1.36771 1.36824
1.3693 1.3693 1.36989
1.36969 1.36969 1.37035
1.37138 1.37138 1.37189
1.37156 1.37156 1.37218
1.37304 1.37304 1.3737
1.37354 1.37354 1.37419
1.37352 1.37352 1.37413
1.37345 1.37345 1.37415
1.37462 1.37462 1.37538
1.37528 1.37528 1.37611
1.37523 1.37523 1.37612
1.37529 1.37529 1.37631
1.37767 1.37767 1.37871
1.37909 1.37909 1.38008
1.38004 1.38004 1.38124
1.38232 1.38232 1.38333
1.38219 1.38219 1.38352
1.38424 1.38424 1.38513
1.38451 1.38451 1.38542
1.38459 1.38459 1.38554
1.3867 1.3867 1.38774
1.38695 1.38695 1.38797
1.38872 1.38872 1.38965
1.38929 1.38929 1.39013
1.39134 1.39134 1.39242
1.39172 1.39172 1.39283
1.39187 1.39187 1.39288
1.39385 1.39385 1.39477
1.39429 1.39429 1.39528
1.39446 1.39446 1.39544
1.39619 1.39619 1.39705
1.39649 1.39649 1.39714
1.39836 1.39836 1.39933
1.3985 1.3985 1.39943
1.39865 1.39865 1.39958
1.40047 1.40047 1.40134
1.40094 1.40094 1.40174
1.40306 1.40306 1.40372
1.40344 1.40344 1.40384
1.4036 1.4036 1.40403
1.40506 1.40506 1.4058
1.40531 1.40531 1.40609
1.4073 1.4073 1.40842
1.40752 1.40752 1.40867
1.40975 1.40975 1.41046
1.40992 1.40992 1.41068
1.41132 1.41132 1.41218
1.41138 1.41138 1.41239
1.41182 1.41182 1.41231
1.41335 1.41335 1.41411
1.41351 1.41351 1.41427
