0.00344556 0.00353897 0.00326095
0.00436891 0.00432111 0.00396905
0.00350725 0.00352097 0.00332842
0.00320894 0.00235324 0.00186065
0.00198123 0.00245542 0.00205952
0.00241718 0.00218458 0.0014049
0.00170449 0.00250295 0.00137121
0.00224083 0.00287667 0.00190031
0.00158775 0.00228367 0.001699
0.00162973 0.00240796 0.00223894
0.00258233 0.00247752 0.00238177
0.00194259 0.00210368 0.00174766
0.00249106 0.00173963 0.00159176
0.00209204 0.00224761 0.00209306
0.00298593 0.00138432 0.00114819
0.00160817 0.00158554 0.00125618
0.00147905 0.0016792 0.00128969
0.001698 0.00145537 0.00120831
0.00161931 0.00159927 0.00120157
0.00172497 0.00169609 0.00130902
0.00141872 0.00173982 0.00130161
0.00144365 0.00180471 0.00137328
0.00153127 0.00183566 0.00127854
0.00187033 0.0016621 0.00110074
0.00163919 0.00165067 0.00111342
0.00139994 0.00166107 0.00133024
0.00146083 0.00168678 0.00161419
0.00164397 0.00162488 0.00134433
0.00241346 0.00187106 0.00157127
0.00202763 0.00192272 0.00175866
0.00212579 0.00201558 0.00191865
0.00208555 0.00207828 0.00188859
0.00241793 0.00207526 0.00176931
0.00208947 0.00260219 0.00224759
0.00182152 0.00153819 0.00133912
0.00187796 0.00156048 0.00126166
0.00251679 0.00226294 0.0017644
0.00194187 0.00221054 0.00133441
0.00220089 0.00205238 0.00160897
0.0019631 0.0013406 0.00122038
0.00149876 0.0013901 0.000962994
0.00245058 0.00257861 0.00199762
0.00269214 0.00284269 0.00239093
0.00229597 0.00215021 0.002033
0.00222578 0.00216246 0.00202173
0.00250886 0.00187561 0.0018269
0.00240838 0.00167114 0.00157706
0.00208607 0.00192207 0.00191995
0.00335794 0.00237359 0.00225445
0.00186107 0.00138044 0.00133518
0.00226495 0.00199604 0.00180514
0.00173079 0.00178127 0.00165001
0.00129175 0.00187313 0.00162557
0.00206783 0.00260681 0.00226077
0.00210228 0.00250378 0.00225123
0.00182201 0.00190529 0.00156642
0.00163663 0.00187696 0.00139874
0.00211305 0.00226189 0.00177372
0.00202445 0.00258903 0.00209453
0.00172257 0.00274748 0.00211376
0.00223779 0.00291427 0.00228608
0.00217035 0.00199737 0.00161064
0.00160699 0.00207775 0.00171901
0.00212464 0.00244724 0.00259323
0.0023098 0.00213472 0.00205802
0.00181366 0.00223646 0.00187346
0.00179789 0.00251613 0.00238516
0.00264512 0.00247573 0.00215222
0.00183589 0.00223719 0.00191072
0.00226037 0.0021916 0.00219039
0.00197957 0.00319208 0.00262656
0.00193969 0.00256899 0.00240792
0.00176325 0.00262843 0.00206897
0.00210827 0.00284865 0.00235739
0.00162629 0.00220471 0.00173356
0.00165387 0.00250662 0.00181721
0.00201806 0.00260886 0.00214321
0.00145716 0.00225291 0.00150747
0.0019199 0.00216645 0.00178835
0.00229543 0.00290915 0.00212325
0.00164198 0.00223113 0.00210373
0.0017276 0.00225473 0.00235803
0.00253049 0.00254585 0.00267517
0.00173268 0.00236927 0.00226571
0.00173282 0.00217487 0.00213652
0.00252545 0.00232049 0.00232728
0.00257714 0.00187034 0.00177094
0.00255414 0.0023396 0.00211178
0.00205802 0.00236007 0.00224367
0.00194228 0.00249951 0.00225475
0.00176916 0.00268012 0.00231835
0.00155944 0.00230411 0.00214179
0.00171521 0.00233636 0.00214396
0.00175097 0.00240929 0.00218397
0.0020478 0.00212753 0.00193704
0.00191628 0.00212009 0.00187575
0.00163475 0.0024739 0.00194882
0.00189974 0.00219613 0.00189461
0.00142563 0.00247191 0.0019588
0.00180544 0.00247064 0.00240572
0.00186987 0.00221749 0.00213686
0.00176241 0.00248189 0.00220866
0.00177766 0.00265149 0.00265729
0.00186449 0.00262527 0.00258234
0.00176291 0.00283431 0.00277334
0.0018772 0.00343953 0.00316144
0.00194247 0.00287568 0.00276698
0.00179454 0.00269546 0.00270551
0.00185184 0.00312537 0.00287267
0.0018693 0.00302876 0.00272339
0.00145724 0.00284864 0.00258034
0.00158827 0.00321716 0.00290063
0.00188398 0.00294709 0.00271426
0.00146494 0.0026604 0.0023415
0.00171341 0.00335269 0.00270373
0.0016624 0.00324838 0.00263255
0.00180395 0.00308673 0.00251781
0.00184997 0.00200495 0.00191284
0.00186946 0.00317435 0.00232915
0.0015153 0.00272867 0.00257838
0.00212314 0.00245003 0.00290096
0.00171629 0.00340172 0.00288539
0.00212577 0.00259728 0.00317711
0.0019379 0.00289235 0.00309886
0.00200243 0.00285312 0.00305447
0.00184511 0.00338826 0.00307196
0.00182929 0.00246071 0.0022407
0.00194546 0.00273717 0.0025424
0.00202188 0.00349876 0.00333463
0.00275625 0.00397862 0.00407427
0.00268577 0.00421326 0.00394036
0.00203605 0.00380694 0.00346476
0.00268071 0.00394596 0.00361337
0.00244602 0.00384082 0.00363848
0.00246452 0.00368424 0.00415313
0.00263407 0.0040851 0.00427858
0.00281576 0.00476299 0.00465488
0.00330639 0.00541125 0.00499123
0.0034497 0.00505637 0.00551834
0.00325922 0.00580247 0.00555439
0.00364233 0.00515712 0.00554635
0.00348098 0.0056792 0.00572846
0.00386243 0.0048702 0.00580816
0.00354018 0.00588588 0.00576092
0.00366343 0.00589996 0.00572435
0.00411217 0.00501748 0.00568152
0.00377086 0.00550707 0.00554789
0.00410397 0.00492614 0.00596998
0.00382365 0.0061338 0.00572253
0.00399442 0.00564055 0.00557673
0.00399994 0.00555667 0.00558628
0.00373309 0.00503967 0.00542939
0.00386434 0.00485127 0.00567609
0.00373731 0.00465602 0.00541928
0.00386888 0.00557758 0.0053444
0.00396958 0.00583957 0.00535617
0.00326333 0.00421497 0.00504358
0.0029406 0.00447291 0.00420306
0.00269957 0.00337361 0.00376816
0.0029295 0.00437841 0.00411732
0.00396651 0.00440449 0.0049849
0.00364205 0.00432074 0.00474749
0.00335598 0.00491174 0.00457778
0.00405051 0.00415754 0.00502937
0.00323377 0.00502749 0.0044911
0.00399276 0.00467058 0.00528041
0.00327867 0.00466267 0.00469722
0.00391496 0.00435419 0.0051284
0.004204 0.00509495 0.00479723
0.00384764 0.00434423 0.00457531
0.00408264 0.00431909 0.00481632
0.00400291 0.00447194 0.00480072
0.0043396 0.00424326 0.00499096
0.00371528 0.00504973 0.00478378
0.00396056 0.00408128 0.00528921
0.00456021 0.0044853 0.00451177
0.00403181 0.00422872 0.00514056
0.0034972 0.0044842 0.00468213
0.00392967 0.00448339 0.00516685
0.00340643 0.00495417 0.00459769
0.00386645 0.00449387 0.00531006
0.00424804 0.00472353 0.00496861
0.00466922 0.00545619 0.00481679
0.00366474 0.0048967 0.00488765
0.00455011 0.00525333 0.0045172
0.00381297 0.00405137 0.00467222
0.003944 0.003944 0.00418796
0.00405997 0.00405997 0.00425512
0.00412468 0.00412468 0.00432782
0.0040561 0.0040561 0.00427426
0.00405792 0.00405792 0.0042764
0.00405612 0.00405612 0.00428125
0.00419743 0.00375053 0.00445271
0.0040754 0.00457162 0.00409097
0.00391535 0.00396795 0.00464303
0.00374057 0.0039259 0.00461466
0.00319662 0.0035697 0.0041968
0.00468365 0.00500069 0.00422692
0.00421099 0.00546828 0.0043011
0.0039069 0.00467817 0.00449268
0.00385863 0.00385863 0.00398437
0.00366267 0.00366267 0.00380361
0.00319469 0.00400788 0.00411409
0.00353751 0.00379689 0.00396725
0.00382124 0.00343414 0.00395875
0.00332321 0.0032195 0.00408893
0.00431999 0.00453591 0.00376371
0.00331855 0.00355396 0.00428513
0.00320114 0.00323889 0.00386832
0.00343613 0.00343613 0.00365977
0.0044223 0.00483718 0.00386068
0.00374682 0.00358005 0.00417887
0.00333757 0.00420175 0.00391983
0.00393965 0.00393965 0.00382287
0.00373159 0.00373159 0.00363378
0.00389492 0.00389492 0.00394147
0.00391427 0.00391427 0.00396403
0.00385771 0.00385771 0.00390431
0.00386102 0.00386102 0.00390713
0.00390106 0.00390106 0.00397255
0.00382231 0.00382231 0.00390907
0.00384068 0.00384068 0.00392645
0.00384773 0.00384773 0.00392388
0.00389899 0.00389899 0.00397663
0.00384034 0.00384034 0.0039092
0.00387139 0.00387139 0.00393274
0.00391135 0.00400073 0.00400392
0.00377896 0.00377896 0.00380842
0.00383038 0.00383038 0.00385174
0.00385753 0.00385753 0.00388663
0.00374354 0.00374354 0.00380113
0.00376216 0.00376216 0.00381957
0.00377631 0.00377631 0.00383098
0.00383084 0.00383084 0.00389828
0.00376093 0.00376093 0.0038445
0.00377545 0.00377545 0.00385227
0.0038185 0.0038185 0.00391308
0.00374442 0.00374442 0.00384607
0.00374432 0.00374432 0.00384979
0.0037741 0.0037741 0.00391043
0.00371053 0.00371053 0.00385156
0.00373416 0.00373416 0.00386757
0.00374956 0.00374956 0.00388315
0.00378019 0.00378019 0.00391399
0.00371501 0.00371501 0.00386612
0.00374763 0.00374763 0.00389134
0.00376162 0.00376162 0.00390679
0.00361232 0.0037682 0.00391174
0.00371345 0.00371345 0.00384395
0.0037433 0.00374862 0.00390705
0.00308267 0.0034459 0.00398606
0.00360844 0.00363544 0.00374948
0.00348319 0.00318176 0.00385538
0.00305699 0.00351191 0.00378199
0.00353192 0.00374706 0.00375941
0.00380316 0.0042496 0.00357375
0.00285877 0.00283591 0.00363383
0.00349126 0.0044587 0.00354928
0.00314618 0.00314799 0.00397371
0.00361193 0.00364012 0.00339415
0.00315599 0.00373678 0.00361752
0.00346538 0.00378843 0.00353794
0.00308168 0.00369905 0.00371052
0.00370382 0.00344175 0.00344926
0.00373479 0.00383366 0.00358243
0.00357249 0.00328821 0.00370184
0.00383745 0.00401098 0.0036298
0.00378691 0.0037317 0.00359104
0.00344044 0.00331308 0.00372505
0.00350841 0.00400991 0.00352214
0.00368353 0.00388023 0.00357787
0.00341376 0.00334116 0.00382252
0.00330486 0.00330486 0.00349916
0.0038969 0.00382051 0.00356002
0.00340853 0.00340853 0.00363897
0.00333913 0.00333913 0.00359912
0.00338778 0.00338778 0.0036502
0.00337166 0.00337166 0.00363553
0.00338029 0.00338029 0.00364232
0.0034582 0.0034582 0.00371816
0.00342544 0.00342544 0.00369624
0.00346164 0.00346164 0.00373827
0.00349634 0.00349634 0.00376539
0.00344077 0.00344077 0.00370924
0.00348761 0.00348761 0.00374496
0.00350958 0.00350958 0.00375673
0.00344025 0.00344025 0.00368518
0.00347659 0.00347659 0.00373347
0.0034759 0.0034759 0.00372928
0.00350761 0.00350761 0.003769
0.00344894 0.00344894 0.00369127
0.0034983 0.0034983 0.00373463
0.00355462 0.00355462 0.00378875
0.00350251 0.00350251 0.00374214
0.00355424 0.00355424 0.00378887
0.00358767 0.00358767 0.00380615
0.00353185 0.00353185 0.00375268
0.00357414 0.00357414 0.00379553
0.00357922 0.00357922 0.0037985
0.00360272 0.00360272 0.00382189
0.00357622 0.00357622 0.00380822
0.00362268 0.00362268 0.00385635
0.00364246 0.00364246 0.00387786
0.00358276 0.00358276 0.00382171
0.00370566 0.00370566 0.00400315
0.00366235 0.00366235 0.0039595
0.00371204 0.00371204 0.00399096
0.0037444 0.0037444 0.00401214
0.0036616 0.0036616 0.00391618
0.00369386 0.00369386 0.0039505
0.00378924 0.00378924 0.00405095
0.00374134 0.00374134 0.00401759
0.00373898 0.00373898 0.00402175
0.00382624 0.00382624 0.00409358
0.00380331 0.00380331 0.00405283
0.00389513 0.00389513 0.00413705
0.00384881 0.00384881 0.00409035
0.00379855 0.00379855 0.0040343
0.00389416 0.00389416 0.00413026
0.00382093 0.00382093 0.00408463
0.00384173 0.00384173 0.00410648
0.00388618 0.00388618 0.00414185
0.00382891 0.00382891 0.00407852
0.00382939 0.00382939 0.00410632
0.00392419 0.00392419 0.00423335
0.00375323 0.00375323 0.00406144
0.00388346 0.00388346 0.00417168
0.00384633 0.00384633 0.00415365
0.00380858 0.00380858 0.00412233
0.00385655 0.00385655 0.00416992
0.00392167 0.00392167 0.00421893
0.00385436 0.00385436 0.00414902
0.00386117 0.00386117 0.00416032
0.00386738 0.00386738 0.00416899
0.00390754 0.00390754 0.00416449
0.00382063 0.00382063 0.00408883
0.00383947 0.00383947 0.0041524
0.00384548 0.00384548 0.00415898
0.00371832 0.00371832 0.00403387
0.00374971 0.00374971 0.00404543
0.00375675 0.00375675 0.00404063
0.00366014 0.00366014 0.00396468
0.00370044 0.00370044 0.00400049
0.00367418 0.00367418 0.00393926
0.00368822 0.00368822 0.00393371
0.00375092 0.00375092 0.00402161
0.00371904 0.00371904 0.003994
0.00373915 0.00373915 0.00400306
0.00377517 0.00377517 0.00404051
0.00370851 0.00370851 0.00398786
0.00375073 0.00375073 0.00402628
