1.0941 1.08565 1.08549
1.09152 1.09499 1.09703
1.08265 1.08863 1.08758
1.08941 1.07947 1.08087
1.08944 1.08743 1.08659
1.08134 1.08454 1.08384
1.08834 1.08216 1.08141
1.08297 1.08672 1.09015
1.08703 1.08419 1.08607
1.07994 1.08607 1.0835
1.09028 1.0889 1.08883
1.09184 1.09227 1.0936
1.0998 1.09088 1.09129
1.09879 1.09089 1.09069
1.09029 1.08319 1.08979
1.0805 1.08674 1.088
1.07983 1.08327 1.0855
1.09895 1.09073 1.09044
1.08913 1.09641 1.0945
1.09085 1.08976 1.09542
1.07828 1.08502 1.08941
1.07746 1.08456 1.08682
1.07403 1.06643 1.06693
1.06615 1.06578 1.06664
1.05627 1.0613 1.05917
1.05978 1.06076 1.06049
1.07393 1.06567 1.06055
1.05569 1.05816 1.05952
1.05431 1.05468 1.05192
1.0502 1.05377 1.05372
1.05711 1.05541 1.05598
1.07141 1.06026 1.05986
1.05816 1.06887 1.06495
1.06879 1.0741 1.07055
1.05772 1.06689 1.0636
1.08355 1.07945 1.07518
1.08834 1.08361 1.0832
1.08443 1.08506 1.08544
1.07457 1.07881 1.07975
1.08098 1.08085 1.08069
1.0742 1.08542 1.08444
1.09332 1.08869 1.08756
1.07614 1.09007 1.08486
1.06822 1.07526 1.07194
1.06808 1.08324 1.07952
1.07569 1.09697 1.08912
1.06365 1.08141 1.0755
1.09232 1.12102 1.11964
1.10324 1.10211 1.10036
1.09893 1.12086 1.11276
1.14659 1.12708 1.12825
1.11904 1.13692 1.13613
1.1291 1.11331 1.11124
1.12823 1.11938 1.11138
1.11645 1.10964 1.11247
1.10127 1.12782 1.11746
1.11755 1.13211 1.13375
1.12519 1.14548 1.13824
1.1416 1.1136 1.12084
1.13079 1.10609 1.10801
1.10214 1.11714 1.1109
1.12431 1.10827 1.09805
1.09066 1.12187 1.11209
1.09104 1.10735 1.11589
1.06129 1.08814 1.08072
1.07116 1.09938 1.08811
1.07746 1.09169 1.09155
1.05437 1.07666 1.07544
1.0647 1.08546 1.08272
1.10824 1.08431 1.08181
1.10246 1.13443 1.12121
1.15923 1.14067 1.14091
1.15667 1.14123 1.13875
1.14394 1.16036 1.16317
1.1631 1.15495 1.15549
1.13191 1.16107 1.15255
1.14289 1.1389 1.12402
1.15855 1.15649 1.14479
1.12331 1.14405 1.14402
1.09796 1.12211 1.11652
1.14031 1.13098 1.1242
1.10184 1.11843 1.12439
1.0814 1.10475 1.0977
1.106 1.12669 1.12191
1.11496 1.12708 1.12356
1.12204 1.12788 1.11869
1.12518 1.15029 1.1489
1.1227 1.1453 1.13974
1.10584 1.14515 1.13539
1.11781 1.15026 1.14075
1.1586 1.15268 1.14005
1.15578 1.18297 1.17183
1.19676 1.19327 1.19082
1.17638 1.18932 1.19337
1.18356 1.17903 1.16768
1.16525 1.18246 1.18348
1.17161 1.18779 1.18936
1.14956 1.16813 1.1684
1.15357 1.16687 1.16959
1.18837 1.16557 1.17411
1.17966 1.19727 1.1993
1.18414 1.20412 1.19985
1.21269 1.20726 1.20283
1.19528 1.22966 1.21906
1.2154 1.23621 1.23988
1.22677 1.2574 1.24752
1.22441 1.22065 1.22164
1.23682 1.22422 1.22064
1.20604 1.23027 1.22395
1.17751 1.20778 1.2031
1.19182 1.22077 1.21207
1.21786 1.22975 1.21829
1.23722 1.23299 1.22356
1.21956 1.23735 1.24377
1.22845 1.25458 1.25196
1.24135 1.26189 1.26576
1.21261 1.23035 1.23691
1.22263 1.25039 1.24314
1.24012 1.25665 1.2605
1.24119 1.26866 1.26102
1.26189 1.28247 1.27925
1.26808 1.29114 1.28558
1.2801 1.31135 1.30131
1.30692 1.33179 1.32553
1.32466 1.34874 1.34557
1.33778 1.34814 1.35962
1.34145 1.35424 1.36723
1.32624 1.34062 1.35437
1.34573 1.34915 1.36232
1.35163 1.35665 1.37126
1.33236 1.34567 1.35936
1.30626 1.33501 1.32813
1.30646 1.33888 1.33607
1.32237 1.35799 1.35169
1.33744 1.3472 1.36165
1.34504 1.3511 1.36886
1.33571 1.35643 1.34927
1.327 1.36472 1.35622
1.3529 1.35835 1.37667
1.33454 1.33794 1.35944
1.34588 1.34881 1.3663
1.32682 1.36085 1.3498
1.33365 1.34243 1.358
1.34284 1.34583 1.36761
1.32005 1.35045 1.34375
1.328 1.36189 1.3534
1.33635 1.34203 1.36162
1.32094 1.34926 1.34086
1.32971 1.35548 1.34591
1.31421 1.33306 1.33097
1.31949 1.34415 1.33833
1.32173 1.33936 1.34347
1.31514 1.35165 1.34167
1.32652 1.35489 1.34533
1.34859 1.35767 1.36994
1.3623 1.3679 1.3803
1.34542 1.35588 1.37046
1.36273 1.35918 1.37765
1.33376 1.3402 1.3566
1.33936 1.34444 1.36325
1.32908 1.35785 1.34382
1.36657 1.34271 1.35325
1.35534 1.35708 1.34447
1.35738 1.34898 1.35341
1.33949 1.33702 1.35359
1.34394 1.34665 1.3591
1.35098 1.35348 1.36562
1.3343 1.3392 1.35304
1.32135 1.3474 1.33661
1.30665 1.33363 1.32548
1.31371 1.35078 1.33675
1.35251 1.34263 1.36662
1.35467 1.35983 1.37329
1.33496 1.3363 1.35725
1.34114 1.34257 1.36131
1.3215 1.34817 1.33645
1.32306 1.32164 1.34226
1.29765 1.31399 1.31793
1.30101 1.32285 1.32414
1.30936 1.32313 1.32846
1.32023 1.33083 1.33434
1.31881 1.3253 1.3399
1.30422 1.33418 1.32613
1.32343 1.33346 1.33141
1.33409 1.34433 1.3426
1.33473 1.33165 1.34893
1.34116 1.3368 1.32979
1.32155 1.33875 1.334
1.3286 1.34538 1.33869
1.33635 1.3315 1.35291
1.34403 1.34026 1.35671
1.32884 1.34911 1.34224
1.34311 1.34453 1.35728
1.34718 1.34869 1.36145
1.33098 1.33099 1.34688
1.3332 1.33143 1.35136
1.33909 1.3418 1.32801
1.3454 1.34447 1.33221
1.33822 1.34003 1.35568
1.34151 1.34671 1.35915
1.32374 1.33122 1.34448
1.33359 1.33015 1.34884
1.32808 1.3394 1.3269
1.32155 1.3276 1.33178
1.34111 1.34301 1.33209
1.34124 1.34649 1.33591
1.33889 1.33601 1.3551
1.34282 1.34655 1.35947
1.34345 1.33243 1.34543
1.33101 1.33583 1.34954
1.3446 1.34762 1.33573
1.34961 1.34965 1.33967
1.33085 1.35008 1.34416
1.33984 1.33833 1.35714
1.34665 1.34271 1.36038
1.34446 1.35162 1.34029
1.3364 1.33686 1.35037
1.33596 1.33755 1.35433
1.34355 1.34168 1.33548
1.32386 1.35205 1.34007
1.34541 1.34844 1.36124
1.34879 1.35036 1.36575
1.33455 1.33397 1.3489
1.34061 1.33853 1.35318
1.34834 1.3458 1.3371
1.32644 1.35006 1.34104
1.34318 1.34172 1.35818
1.34832 1.34914 1.36209
1.33461 1.33214 1.34774
1.33672 1.33528 1.35156
1.33472 1.34457 1.33327
1.33614 1.34984 1.33788
1.34535 1.34577 1.35929
1.34688 1.35013 1.36364
1.3359 1.33413 1.34917
1.33828 1.33683 1.35361
1.34896 1.34493 1.33516
1.32502 1.34906 1.33949
1.34338 1.34123 1.35578
1.34356 1.3428 1.35993
1.35152 1.35503 1.34012
1.3385 1.34873 1.36153
1.34632 1.3471 1.36558
1.35243 1.35697 1.36925
1.33697 1.34015 1.3532
1.34428 1.34183 1.35685
1.35364 1.34976 1.33975
1.3476 1.34496 1.36292
1.34993 1.35232 1.36687
1.33534 1.33441 1.34974
1.33938 1.33801 1.35321
1.32009 1.34862 1.33557
1.32366 1.33015 1.31679
1.33612 1.32771 1.32064
1.34693 1.35003 1.3333
1.35571 1.34964 1.33748
1.34081 1.34144 1.35804
1.34618 1.34673 1.3613
1.35415 1.35634 1.3421
1.35138 1.35001 1.36716
1.35583 1.35788 1.37055
1.34081 1.34241 1.35673
1.34583 1.34739 1.36037
1.33253 1.33481 1.34577
1.34065 1.34117 1.32956
1.3529 1.34575 1.33346
1.34029 1.34201 1.35413
1.34081 1.34068 1.35758
1.33667 1.3499 1.33637
1.35705 1.3537 1.34005
1.35262 1.34789 1.36996
1.32628 1.34678 1.33912
1.32778 1.35631 1.34297
1.3499 1.35047 1.36538
1.3554 1.35659 1.36826
1.34009 1.33884 1.35212
1.3402 1.34257 1.35606
1.33503 1.35694 1.34027
1.35362 1.35647 1.34333
1.35049 1.35258 1.36671
1.35737 1.35622 1.37052
1.34052 1.34019 1.35391
1.33466 1.35512 1.33716
1.35807 1.34998 1.34168
1.34047 1.33554 1.35619
1.34346 1.34844 1.36029
1.33346 1.33219 1.34594
1.33345 1.33573 1.34983
1.32042 1.34196 1.33087
1.33316 1.3352 1.35013
1.3358 1.33651 1.35564
1.34606 1.34423 1.33302
1.3228 1.34973 1.33776
1.34073 1.34199 1.35914
1.32019 1.34617 1.33637
1.33244 1.35033 1.34135
1.34469 1.3434 1.35921
1.34474 1.34527 1.36281
1.32917 1.35056 1.34115
1.33132 1.34383 1.34536
1.34232 1.34246 1.33003
1.33035 1.34125 1.35444
1.33978 1.33545 1.35774
1.34897 1.34686 1.3613
1.3415 1.35258 1.34081
1.32965 1.3555 1.34479
1.33107 1.34609 1.32796
1.33681 1.34416 1.35922
1.34734 1.34347 1.36256
1.32366 1.33974 1.33613
1.34036 1.34783 1.33997
1.34155 1.33896 1.35428
1.35294 1.3517 1.33873
1.32957 1.35773 1.34331
1.34756 1.35702 1.36696
1.355 1.35993 1.37066
1.34227 1.34421 1.35734
1.34355 1.34532 1.36071
1.32785 1.35333 1.34358
1.33416 1.32829 1.32444
1.33934 1.34201 1.32948
1.33169 1.34042 1.35076
1.34225 1.33668 1.35465
1.34035 1.34923 1.33186
1.34913 1.35058 1.3359
1.3389 1.34542 1.36285
1.344 1.34112 1.32995
1.32227 1.34625 1.33544
1.33874 1.3406 1.35344
1.3394 1.34668 1.35722
1.32999 1.33176 1.3449
1.33498 1.33165 1.34857
1.31574 1.33576 1.33364
1.33976 1.35074 1.34032
1.33511 1.34816 1.34466
1.33967 1.33538 1.35412
1.34328 1.34153 1.35838
1.34749 1.35106 1.34004
1.34479 1.34222 1.35991
1.34748 1.35273 1.36408
1.33759 1.33732 1.35045
1.33856 1.33907 1.35367
1.32099 1.34608 1.33678
1.33755 1.33951 1.35456
1.34263 1.34497 1.36085
1.34647 1.34654 1.36636
1.34864 1.35127 1.34321
1.33759 1.33879 1.35318
1.34418 1.34101 1.35875
1.34749 1.34635 1.36309
1.35102 1.35276 1.34198
