0.00416138 0.00413177 0.00412563
0.00402244 0.00402001 0.00402134
0.00396331 0.00398189 0.00398235
0.00392877 0.00393161 0.00393209
0.00390954 0.00389261 0.00389812
0.00387181 0.00384233 0.00384128
0.00394065 0.00390723 0.00391684
0.00397277 0.00394309 0.00394977
0.00394736 0.00398106 0.00395149
0.00394365 0.0039771 0.00395067
0.00397489 0.0039553 0.00395993
0.00396277 0.00396156 0.00395724
0.00396958 0.00397895 0.00395406
0.00389876 0.00390569 0.00391173
0.00387313 0.0038832 0.00387656
0.0038649 0.00385529 0.00385911
0.00383745 0.00382774 0.00383834
0.00378763 0.00378581 0.0037878
0.0037138 0.00370903 0.00371813
0.00360873 0.00360575 0.00361554
0.00356966 0.00356781 0.00354627
0.00352307 0.00352422 0.00351797
0.00349319 0.00347675 0.00347439
0.00353172 0.00353401 0.00352259
0.00352512 0.00351287 0.00351836
0.00353708 0.00352607 0.00352429
0.00350133 0.00351106 0.00349138
0.00348862 0.00347065 0.00346791
0.00340295 0.00338896 0.00340381
0.00334976 0.00336071 0.00334527
0.00336181 0.00334745 0.00334858
0.00331428 0.00331262 0.00330345
0.00327473 0.00328291 0.00326528
0.00330186 0.00327367 0.00329913
0.00326245 0.00323849 0.00326459
0.00324478 0.00323822 0.00324727
0.00323246 0.00324938 0.00323572
0.00325922 0.00324857 0.00325747
0.00323126 0.00324497 0.00324986
0.0032808 0.00328345 0.0032789
0.00335355 0.0033446 0.00334261
0.00332729 0.00332326 0.00333409
0.00337032 0.00337186 0.00338552
0.00338543 0.00339519 0.00339594
0.00346644 0.00346541 0.00347436
0.00354266 0.00351203 0.00352084
0.00369293 0.00366811 0.0036703
0.00361047 0.00359875 0.00360356
0.00359471 0.00357388 0.00357511
0.0036145 0.00360335 0.00360121
0.00359977 0.00359373 0.00359532
0.00359463 0.00356549 0.00357039
0.00354537 0.00352557 0.0035301
0.00354555 0.00353924 0.00354279
0.00349962 0.0034706 0.00348804
0.00349395 0.00348899 0.00349222
0.00349974 0.00348947 0.00349732
0.00343973 0.00343061 0.00344238
0.0033726 0.00336672 0.00336062
0.00334094 0.00331889 0.00331961
0.00331274 0.00331677 0.00330625
0.00329794 0.00329533 0.00330765
0.00335377 0.00334362 0.00334383
0.00328888 0.00327223 0.00328522
0.00327008 0.00327513 0.00327496
0.00331149 0.00331426 0.00330181
0.00332197 0.00330392 0.00329681
0.00328908 0.0032676 0.00326595
0.00325512 0.00324013 0.00324462
0.00314578 0.00314446 0.00314324
0.00314985 0.00312833 0.00312463
0.00307222 0.00305192 0.00305381
0.0029946 0.00297968 0.00296845
0.00298039 0.0029775 0.00296976
0.00295127 0.00293329 0.0029294
0.00285721 0.00283498 0.00283905
0.00291333 0.00290541 0.00290234
0.0028928 0.00286797 0.00287426
0.00284202 0.00283055 0.0028353
0.00292581 0.00294138 0.00293561
0.00291295 0.00289618 0.00290191
0.00297811 0.00294267 0.00296117
0.00294231 0.00296116 0.00293575
0.00304051 0.00304198 0.00303361
0.00298445 0.00296498 0.00297952
0.00302029 0.0030261 0.00303213
0.00305129 0.00302958 0.00303322
0.00299608 0.00299214 0.00300287
0.00300426 0.00302618 0.00300595
0.00299557 0.00297645 0.00298848
0.00301895 0.0030444 0.00301694
0.00300916 0.00298838 0.00298974
0.00300253 0.00301523 0.00301789
0.00299637 0.00300917 0.00301351
0.00302587 0.00303825 0.00300923
0.00299517 0.0029933 0.00296013
0.00294899 0.00293864 0.00293279
0.00288891 0.00287734 0.00286562
0.00284618 0.00286824 0.00284518
0.00284284 0.00283568 0.00281949
0.00287007 0.00288132 0.00285548
0.00285275 0.00285231 0.00283452
0.00287504 0.00288378 0.00287566
0.00285704 0.00287571 0.00285151
0.00285732 0.0028324 0.00283159
0.0029015 0.00290544 0.00288608
0.00291557 0.00291765 0.00290923
0.00287019 0.00288066 0.00287169
0.00294742 0.00295187 0.00292539
0.00294221 0.00291955 0.00291612
0.00292829 0.00294892 0.0029519
0.00302567 0.00301314 0.0030155
0.0030839 0.00309361 0.00306384
0.00308793 0.00310396 0.00307395
0.00307057 0.00309131 0.0030588
0.00304882 0.00306869 0.00303879
0.00313627 0.003151 0.00311087
0.00307399 0.00309006 0.00307536
0.00310816 0.00314501 0.00310148
0.00305821 0.00311223 0.00308263
0.00311663 0.00312451 0.00313043
0.00316533 0.00315162 0.0031573
0.00315456 0.00315985 0.00313376
0.00310583 0.00309092 0.00309073
0.00316834 0.00313771 0.00315086
0.00317982 0.00317769 0.00318124
0.0031527 0.00314625 0.00315052
0.00307895 0.00309662 0.00306879
0.00312539 0.00312987 0.00312364
0.00309131 0.00310046 0.00309727
0.0031154 0.00310168 0.00309989
0.00307426 0.00308528 0.00307361
0.00311913 0.00310042 0.00310309
0.00302428 0.00299161 0.00300589
0.00297 0.00296887 0.00297347
0.00285141 0.00286339 0.00287393
0.00282002 0.00280769 0.00282756
0.00284359 0.00282394 0.00283756
0.00279164 0.00279197 0.00279598
0.00278731 0.00277462 0.00279074
0.00277543 0.00277745 0.00278138
0.00274782 0.00276626 0.00275764
0.00277867 0.00278081 0.00277889
0.00270491 0.0026826 0.00269655
0.00267181 0.00266261 0.00267183
0.00269861 0.0026886 0.00267394
0.0026513 0.00266004 0.00263415
0.0027549 0.00277372 0.00275057
0.00269063 0.00267797 0.00267733
0.00260568 0.00261946 0.00260985
0.00266834 0.00265561 0.00266117
0.00267603 0.0027151 0.00268069
0.0027724 0.00274088 0.00273611
0.00272135 0.00267687 0.00267428
0.00262208 0.00262064 0.00259016
0.00255049 0.00258727 0.00254457
0.00271211 0.00270809 0.00270919
0.00268486 0.00268255 0.00267465
0.00266898 0.00264648 0.0026599
0.00267004 0.00264233 0.00264849
0.00271204 0.00269256 0.00268444
0.00269102 0.00267065 0.00267016
0.00263852 0.00261759 0.00261314
0.00257955 0.0025518 0.00254991
0.00258262 0.00257557 0.00254936
0.00254139 0.0025146 0.00252064
0.00250857 0.00249559 0.00247858
0.00247857 0.00247518 0.00247217
0.00251847 0.00247454 0.00245752
0.002503 0.0024694 0.00246038
0.00248384 0.00246739 0.00243778
0.0025048 0.00250935 0.00248361
0.00249125 0.00251332 0.00248966
0.00244585 0.00245396 0.00245195
0.00239967 0.00240016 0.00239349
0.00242957 0.00241769 0.00241961
0.00244117 0.0024641 0.00242753
0.00246708 0.00246927 0.00244232
0.00244796 0.00244897 0.0024233
0.00243586 0.00242001 0.00241408
0.00245924 0.00244456 0.00243063
0.00241144 0.00242953 0.00241163
0.00245611 0.00244902 0.00244386
0.00246563 0.0024661 0.00246252
0.00248579 0.00248497 0.00246804
0.00244333 0.00243786 0.00242843
0.00246902 0.00244875 0.0024479
0.00241187 0.00239778 0.00240723
0.00244009 0.00243604 0.00243139
0.00243068 0.00241833 0.00241148
0.00251575 0.00250813 0.00250754
0.00249734 0.00248252 0.00247315
0.00252348 0.00250802 0.00251083
0.00250051 0.00247667 0.00248857
0.00258727 0.00258064 0.00256912
0.00254977 0.00254223 0.00253345
0.00246677 0.00245902 0.00245512
0.00245382 0.00245335 0.0024472
0.0026412 0.00264848 0.00263914
0.00255832 0.00252738 0.00253492
0.00253096 0.00252557 0.00251908
0.00250731 0.00250296 0.00249423
0.00250748 0.00249849 0.00250758
0.00251082 0.00251991 0.0025033
0.00248496 0.00249606 0.00246421
0.00243763 0.00244667 0.00243603
0.00238892 0.00237808 0.0023833
0.00244485 0.00243094 0.00243447
0.00251748 0.0025055 0.00251713
0.00248423 0.00247634 0.00248658
0.00255137 0.0025367 0.00253931
0.00249896 0.00251236 0.00253298
0.00246321 0.00244486 0.00249087
0.0023818 0.00234498 0.00244934
0.0024691 0.00244227 0.0025237
0.00254535 0.00248829 0.00259563
0.00266706 0.00264167 0.0027912
0.00274576 0.00273298 0.00285285
0.0027619 0.0027719 0.00289243
0.00287929 0.00283433 0.00297029
0.0030018 0.00296564 0.0030867
0.00291545 0.00290299 0.00305951
0.0029487 0.00289927 0.00306543
0.00291723 0.00288738 0.00303848
0.00291371 0.00291811 0.00303451
0.00278783 0.00280061 0.00293017
0.00297118 0.00298001 0.0031459
0.00314275 0.00313001 0.0032331
0.0030015 0.0030009 0.00312155
0.00305766 0.00305305 0.00315078
0.00303418 0.00302356 0.0031397
0.00288894 0.0028787 0.00301132
0.00284594 0.00281774 0.00291179
0.00289834 0.00288376 0.00304673
0.00289132 0.00282231 0.00296475
0.00295622 0.00299784 0.00308417
0.00293685 0.00293093 0.00307581
0.00293774 0.00292935 0.00307001
0.00294715 0.00293912 0.0030355
0.00292243 0.00290838 0.0030764
0.00290818 0.00292519 0.00304687
0.00309765 0.00309775 0.00326515
0.00306437 0.00300146 0.00312952
0.0031148 0.00315419 0.0032549
0.00300678 0.00299752 0.00313709
0.00297681 0.00293704 0.00310039
0.00289794 0.00288567 0.00301307
0.00289382 0.00287906 0.00303082
0.00297309 0.00294603 0.00316538
0.00300033 0.003006 0.00313042
0.00301252 0.00296937 0.0031159
0.0030048 0.00298329 0.00310464
0.00289965 0.00287912 0.00303908
0.00286629 0.00281316 0.00296153
0.00282954 0.00286607 0.00298116
0.00294919 0.00293878 0.00316291
0.00280102 0.00279442 0.00291811
0.00278412 0.00283647 0.00296144
0.00281622 0.00276363 0.00291569
0.00270166 0.00268588 0.00283563
0.00265883 0.00257842 0.002814
0.00259037 0.00258461 0.00280432
0.0024981 0.002497 0.0027083
0.00273206 0.00268041 0.0030126
0.00285822 0.0028351 0.00302689
0.00286292 0.0028472 0.00297594
0.0028491 0.00288825 0.00299731
0.00293625 0.00298052 0.00321074
0.00298915 0.0029834 0.00315835
0.00303397 0.00302635 0.0031502
0.00306526 0.00305542 0.0032895
0.00305922 0.00303624 0.00316414
0.00318111 0.00317976 0.00334437
0.00298018 0.00297788 0.00311505
0.00277132 0.00274743 0.00297477
0.00284274 0.00278922 0.00305258
0.00278492 0.00280468 0.00290598
0.00284519 0.00284839 0.00304125
0.00277303 0.0027657 0.00292727
0.00263207 0.00264075 0.00274637
0.00262254 0.00258108 0.00272991
0.00282897 0.00283704 0.00296016
0.00287521 0.00289231 0.00302947
0.00287944 0.00291242 0.00301041
0.00304534 0.00300665 0.00324025
0.0031502 0.00318734 0.00333601
0.00318353 0.00322919 0.00334704
0.00305866 0.00306693 0.00312843
0.002847 0.00274983 0.00289588
0.00285592 0.00285158 0.00298264
0.00280198 0.00279264 0.0029079
0.00265362 0.00266336 0.00276257
0.00264263 0.00263358 0.00275434
0.00266868 0.00264814 0.00281987
0.00279421 0.00278976 0.00294524
0.00275401 0.00274494 0.00289259
0.00285165 0.00287599 0.00296574
0.00293889 0.00284402 0.00307637
0.00295505 0.00296791 0.00308863
0.00315543 0.00314219 0.00335424
0.00305287 0.00303604 0.00326665
0.00298404 0.00301711 0.00315149
0.00297907 0.0029944 0.00315891
0.00282571 0.00282642 0.00298882
0.00265921 0.00268592 0.00284521
0.00288627 0.00286657 0.00302677
0.00292128 0.00295361 0.0031014
0.00306728 0.00310017 0.00326193
0.00304318 0.00304492 0.00315726
0.0030145 0.00297629 0.0031071
0.00295355 0.00280922 0.00302737
0.00302163 0.00300515 0.00316844
0.00295167 0.00278108 0.0030409
0.00288992 0.00286753 0.00298869
0.00296658 0.0029275 0.00314123
0.00284705 0.00271101 0.00293264
0.00285445 0.00286471 0.00297956
0.00286975 0.00280703 0.00295256
0.00292256 0.00294277 0.00316854
0.00293476 0.00291995 0.00307471
0.00312981 0.00308772 0.00337809
0.00320877 0.00319421 0.00340623
0.00320664 0.00315793 0.00335735
0.00320707 0.00312925 0.00330465
0.00333038 0.00326619 0.00359883
0.00337811 0.0034328 0.00356542
0.00339317 0.00328257 0.0034188
0.00353355 0.00345095 0.00364931
0.00334936 0.00325596 0.00342312
0.00349239 0.00343828 0.00361269
0.00333382 0.00331807 0.00350622
0.00329714 0.00321895 0.00336515
0.00342463 0.00340264 0.00359212
0.00357393 0.00348921 0.00367547
0.00339386 0.00335235 0.00351807
0.00345548 0.00340056 0.00352392
0.0032493 0.0031713 0.00333574
0.00327018 0.00323576 0.00335599
0.00341913 0.0034004 0.00360864
0.00332983 0.00324216 0.00340033
0.00346101 0.00340525 0.00364
0.00324079 0.00316941 0.00335885
0.00331771 0.00325833 0.00344264
0.00357346 0.00350844 0.0036836
0.00339032 0.00329735 0.00346491
0.00342897 0.00342679 0.00359536
0.00333319 0.00322348 0.00342971
0.00332962 0.00328106 0.00341432
0.00330137 0.00323138 0.00336347
0.00341159 0.00335592 0.00358087
0.00330457 0.00321176 0.00340494
0.00339822 0.00329711 0.00347415
0.00351983 0.00353179 0.0037384
0.00364881 0.00367922 0.00380223
0.00385817 0.00388063 0.00403538
0.0038568 0.00390655 0.0040626
0.00376122 0.00360014 0.0037839
0.00372329 0.00368453 0.00384799
0.00343788 0.0033232 0.00350323
0.0034414 0.00336828 0.00359296
0.0033491 0.0033199 0.00355437
0.00328108 0.00322818 0.00338005
0.00327852 0.00308232 0.00330105
0.00321065 0.00312749 0.0034237
0.00346964 0.00338979 0.00357594
0.00351881 0.0035109 0.00365002
0.00354852 0.00341989 0.00358965
0.00340405 0.00327841 0.00346914
0.00335782 0.00324448 0.0034037
0.00347045 0.00345603 0.00363303
0.00372175 0.00368836 0.0038039
0.00343757 0.00341255 0.00358235
0.00340244 0.0033986 0.00351559
0.00331737 0.00318052 0.00332326
0.00340837 0.00335905 0.00356301
0.00330316 0.00315762 0.00331554
0.00340373 0.00333211 0.00354336
0.00338111 0.00333563 0.00350404
0.00362425 0.00363397 0.00375658
0.00356883 0.00355634 0.00368003
0.00370132 0.00366851 0.00389604
0.00358701 0.00355799 0.00375343
0.00351464 0.00340573 0.00360355
0.00358318 0.00351131 0.00376822
0.00340647 0.00332583 0.00350857
0.00347948 0.0034061 0.00364041
0.00354255 0.00359029 0.00366257
0.00343698 0.00336366 0.00350717
0.00349024 0.00344323 0.00358122
0.00365176 0.00360837 0.00379363
0.00348168 0.00333115 0.00351221
0.00357554 0.00347931 0.00372502
0.00370863 0.00366862 0.00376633
0.00357272 0.00348656 0.00365341
0.00342518 0.00336731 0.00350484
0.00358761 0.00355516 0.00371499
0.00341108 0.00334 0.00353589
0.00337392 0.00330223 0.00345435
0.00356568 0.00356694 0.00374763
0.00376623 0.0037353 0.00382327
0.00361959 0.00352351 0.00371912
0.00350074 0.00355936 0.00365845
0.00373043 0.00366743 0.00389276
0.00358886 0.00349743 0.00361352
0.00362785 0.00355228 0.00371492
0.00361317 0.00358236 0.00374759
0.00350721 0.00339078 0.00352646
0.00353425 0.00346234 0.00371037
0.00342065 0.00332502 0.00348916
0.00350897 0.00339437 0.00366779
0.00358816 0.0035149 0.0036707
0.00371892 0.0036911 0.00387772
0.0036307 0.00355206 0.00365843
0.00360467 0.0036104 0.00377708
0.00350338 0.00341629 0.00355955
0.00353876 0.00353267 0.00364754
0.00358996 0.00358257 0.00369452
0.00377341 0.00373424 0.00384785
0.00372743 0.00382335 0.0039442
0.00382657 0.0039659 0.00404784
0.00376613 0.00363908 0.00385355
0.00374978 0.00372357 0.00397025
0.00376301 0.00382023 0.00383043
0.00365276 0.00361105 0.00375395
0.00384746 0.0038116 0.00399864
0.00364701 0.00353214 0.00367095
0.00347546 0.00338074 0.00350956
0.00340844 0.00338286 0.00359267
0.00344058 0.00342217 0.00350858
0.00340842 0.00334891 0.00345587
0.00349099 0.00345056 0.00365943
0.00342149 0.00335415 0.00342226
0.00341151 0.00332282 0.00351797
0.00361109 0.00361052 0.00385106
0.00348744 0.00345726 0.00364496
0.00367239 0.00361049 0.00383549
0.00386288 0.00381771 0.00392014
0.00373877 0.00360413 0.00376941
0.00352008 0.00347743 0.00355917
0.00355918 0.00356289 0.00366346
0.00377017 0.00376453 0.00388485
0.00396174 0.00388241 0.00400304
0.00390011 0.00391587 0.00399818
0.003912 0.00389751 0.00395595
0.00360985 0.00353408 0.00365635
0.00351205 0.0034212 0.00353327
0.0034308 0.00345549 0.00367167
0.00362699 0.00355888 0.00368384
0.00349845 0.00334164 0.00358514
0.00342823 0.00342825 0.00350609
0.00351912 0.00354989 0.00371331
0.00355047 0.00350802 0.00364117
0.00340645 0.00327294 0.00343578
0.00354042 0.00347239 0.00366874
0.00357361 0.00360281 0.00371584
0.0036178 0.0034721 0.00369301
0.00379895 0.00369858 0.00383346
0.00368856 0.00366038 0.00379619
0.00358732 0.00348677 0.00362194
0.00361254 0.00355765 0.00368113
0.00338752 0.00329878 0.00339965
0.0034388 0.00337377 0.00351979
0.00341033 0.00338783 0.00348688
0.00336658 0.00328895 0.0033819
0.00347465 0.00338449 0.00361652
0.00333552 0.00324194 0.00341045
0.00350008 0.0034432 0.0036442
0.00341911 0.00336784 0.00353539
0.00361954 0.00353362 0.00380504
0.0035137 0.00339159 0.00359604
0.0036117 0.00354683 0.00369909
0.00346277 0.0033891 0.0035792
0.00333728 0.00323791 0.00337632
0.00338685 0.00331969 0.00353442
0.00326451 0.00314403 0.00328321
0.00335265 0.00328286 0.00352585
0.00357236 0.00346758 0.00370873
0.00355485 0.0034811 0.00368011
0.00371478 0.00367506 0.00380976
0.00353795 0.00341632 0.00366424
0.00365326 0.00358785 0.00371419
0.00363513 0.00365534 0.00376801
0.00341924 0.00332065 0.00348013
0.00342485 0.00335282 0.00363248
0.00328307 0.00319509 0.00335844
0.00325592 0.00318185 0.00333874
0.0033998 0.00333554 0.00358907
0.00361984 0.00356717 0.00375798
0.00355317 0.00347151 0.00364225
0.00353817 0.00348091 0.00355027
0.00352683 0.00349417 0.00354516
0.00353561 0.00353835 0.00362551
0.00362235 0.00369312 0.00382084
0.00397253 0.0039445 0.00408406
0.00419132 0.00406751 0.00423364
0.00412624 0.0040949 0.00419044
0.00373015 0.00374621 0.00384024
0.00364528 0.003649 0.00375862
0.00363919 0.00362908 0.00377764
0.0034798 0.00337506 0.00354497
0.00329913 0.00328246 0.00336343
0.00324395 0.0031397 0.00327285
0.00328651 0.00318616 0.00341564
0.00309047 0.00303433 0.00319748
0.00320713 0.00317931 0.00329181
0.00344327 0.0034284 0.00350818
0.00369889 0.00370906 0.00376813
0.00399741 0.00400864 0.00412359
0.00425357 0.00425471 0.00434474
0.00420327 0.00418574 0.00427717
0.00389901 0.00383077 0.00397207
0.00387207 0.00381511 0.00395494
0.00351605 0.00340955 0.00356242
0.00342943 0.00337111 0.00342199
0.00347412 0.0034586 0.00356024
0.00364165 0.00355279 0.00369128
0.00346059 0.00343392 0.00355593
0.00334404 0.00316496 0.00333902
0.00345605 0.00333545 0.00354003
0.00361118 0.00351974 0.00364376
0.00345253 0.00339275 0.00355137
0.00358802 0.00348121 0.0036528
0.00352687 0.00340904 0.00355873
0.00348421 0.00344654 0.00349959
0.00355635 0.00348488 0.00369922
0.00347874 0.00341506 0.00356411
0.00333091 0.00321437 0.00333229
0.00330394 0.00329241 0.00337334
0.00350002 0.00348059 0.00365912
0.00366152 0.00365842 0.00386108
0.00376662 0.00368085 0.00385682
0.00358277 0.00349331 0.00362295
0.00364524 0.00355497 0.00383173
0.0036562 0.00363187 0.00371197
0.0037204 0.0036634 0.00376121
0.0036066 0.00350086 0.00364648
0.00366081 0.003601 0.00379232
0.00373696 0.00373414 0.0039463
0.00364247 0.00363019 0.00376618
0.00364047 0.00354413 0.0036833
0.0037131 0.00367849 0.00383878
0.00348777 0.00340021 0.00353055
0.00333362 0.00323703 0.00335602
0.00337751 0.00332605 0.00353115
0.00353541 0.00347027 0.00367067
0.00355486 0.00353529 0.00364475
0.00351859 0.00347825 0.00357645
0.00351873 0.0035506 0.00368051
0.00345652 0.00333329 0.0034952
0.00356503 0.00347814 0.00373449
0.00370593 0.00369019 0.00387843
0.00368065 0.00373277 0.00384067
0.00365574 0.0036862 0.00379256
0.00382413 0.00377579 0.00400525
0.00362617 0.00351964 0.00368048
0.00366257 0.00359183 0.00377471
0.00359801 0.00359353 0.00369604
0.00338489 0.00326751 0.00343119
0.00331972 0.00313558 0.00337026
0.00336011 0.00332789 0.00359993
0.00359197 0.00349586 0.00374678
0.00351925 0.00340781 0.00358686
0.00334401 0.00341225 0.0034936
0.00334195 0.00324648 0.00339955
0.00337134 0.00337456 0.00361515
0.00362803 0.00359317 0.00377135
0.00372783 0.00364699 0.00379142
0.00360206 0.00348976 0.00362907
0.00358722 0.00356181 0.00381284
0.00349201 0.00340967 0.00359549
0.00337819 0.00325857 0.00340846
0.00345895 0.00338058 0.00361637
0.00349686 0.00336227 0.0035366
0.0035945 0.00359674 0.0038089
0.00354979 0.00353692 0.00367648
0.00373536 0.00364683 0.00387067
0.0036912 0.00362604 0.00374197
0.00349932 0.00339051 0.00351232
0.00349416 0.00345248 0.00353704
0.00359951 0.00356143 0.0037563
0.00377566 0.0036951 0.00386827
0.00371786 0.00359832 0.00374488
0.00372063 0.0036452 0.00375896
0.00334623 0.00329206 0.00344216
0.0033282 0.00327643 0.00333094
0.00342297 0.00335839 0.00342695
0.0034611 0.00348031 0.00348892
0.00363272 0.00360941 0.00364059
0.00373902 0.0037799 0.00381285
0.00379729 0.00379508 0.00393108
0.00383181 0.00393679 0.00390428
0.00379406 0.00380118 0.00398335
0.00361913 0.00357355 0.00368209
0.00357226 0.00353696 0.00359946
0.00355021 0.00357252 0.003653
0.00358102 0.00364534 0.00368807
0.00373569 0.00375926 0.00388291
0.00380868 0.00379271 0.00395179
0.0037747 0.00370769 0.00376973
0.00341283 0.00336676 0.00340213
0.00338532 0.00336461 0.00353097
0.00347024 0.00346467 0.00358115
0.00337927 0.00336102 0.0034195
0.00314492 0.00307331 0.00316658
0.00333625 0.00327221 0.00341131
0.00340176 0.00338545 0.00350171
0.00356618 0.00356099 0.00361474
0.0036026 0.00353294 0.00356718
0.00367414 0.0036306 0.0036524
0.00352194 0.00339024 0.0034836
0.00321973 0.00314953 0.00322897
0.00329782 0.00323715 0.00333021
0.00338169 0.00334346 0.00336821
0.00338873 0.00332355 0.00337816
0.00348921 0.00348921 0.00349674
0.0035017 0.0035017 0.00349801
0.00351086 0.00351086 0.00350951
0.00352698 0.00352698 0.00350691
0.00350802 0.00350802 0.00349665
0.00350412 0.00350412 0.00350186
0.00349165 0.00349165 0.00348111
0.00347307 0.00347307 0.0034721
0.0034498 0.0034498 0.00343561
0.00342686 0.00342686 0.00342036
0.00343046 0.00343046 0.00342395
0.00348785 0.00348785 0.00347038
0.00348161 0.00348161 0.00345315
0.00349993 0.00349993 0.00348186
0.00351106 0.00351106 0.00348399
0.00349932 0.00349932 0.00347654
0.00351529 0.00351529 0.00349235
0.00347707 0.00347707 0.00346889
0.00352843 0.00352843 0.00349601
0.0035047 0.0035047 0.00348004
0.00355228 0.00355228 0.00352833
0.00353466 0.00353466 0.00350081
0.00352851 0.00352851 0.00349758
0.00351514 0.00351514 0.00349393
0.0034573 0.0034573 0.00343654
0.00344576 0.00344576 0.00343476
0.00343057 0.00343057 0.00339595
0.0034032 0.0034032 0.00337949
0.00339666 0.00339666 0.00336427
0.00337307 0.00337307 0.00334825
0.00339582 0.00339582 0.00336889
0.00341019 0.00341019 0.00338299
0.00332458 0.00332458 0.00331091
0.00335873 0.00335873 0.0033265
0.00334007 0.00334007 0.00329287
0.00335166 0.00335166 0.00331846
0.00337086 0.00337086 0.00334221
