89.7277910408
89.9940412328
89.7600722912
89.7350738227
89.7252020662
89.6999829319
89.7244732254
86.2607221023
84.9180609764
83.9650521308
83.3777279185
82.5633632331
82.530547437
82.5322857914
82.545704903
82.5345315696
82.5413444054
82.5525085652
82.5982304904
82.5709811288
82.5769859592
82.6119470308
82.5849573128
82.591693102
80.8701593474
79.4898294546
77.4964026977
77.3774878282
76.9151487272
76.5244979233
76.0934221129
75.71440533
75.680199477
75.7214533282
75.7026627471
75.7221346716
75.7660173998
75.8110840674
75.8115195574
75.8223587065
75.8089878902
74.1977236726
73.5661140025
72.3617437717
71.5511904032
71.5512438759
70.7302148466
70.5099526941
70.7453073972
69.7556775859
68.9331868272
68.930100101
68.922735397
68.910713451
68.922511478
68.9687144134
68.9697597571
68.9649533733
68.9450230083
67.5458902046
67.3448859654
66.7405527368
66.2539772042
66.2444808967
65.5913551691
64.5860045182
63.5171143476
62.6637835588
62.2552818656
62.1865012266
62.1880211242
62.2205178459
62.2338978141
62.2282364761
62.247993889
62.2579384577
62.2469742225
60.1376052077
59.313439769
58.7668924039
58.3338358682
58.3498932619
57.8322242511
57.5441844439
57.6004965475
57.109928202
56.7839902664
56.0155619093
55.4803673417
55.5354773508
55.5621439539
55.5009749213
55.5293342582
55.6377353749
55.7412663294
55.8411450675
55.0720546649
53.8194729813
52.9744841748
53.3895955157
52.3569352159
51.3198917791
51.730048008
50.2615566462
49.2352971048
48.8956849779
48.8422705526
48.8467710227
48.9030307769
49.0916168677
49.1074838617
49.1253182865
49.1390409941
48.2429830879
47.9538041404
48.7195480269
47.7181106609
47.5381070543
46.812981629
46.2371797208
45.5943703786
45.292133633
44.7816792662
44.0501526555
44.1352571884
43.7672858068
43.9514074023
44.0119070082
42.9742803199
42.4976226325
42.6917469607
42.4957329142
42.2982583478
41.8375458734
41.0695954505
40.6590931351
39.9314224105
39.8111648077
38.8292992197
38.4614058174
38.4742827097
38.6805203226
38.4405824595
37.7781596594
38.2963359173
37.45201384
37.2529674707
37.3186901901
37.2774538556
37.255879027
36.7788211213
36.6053487264
35.9578883338
35.640075801
34.7973199159
34.2037117328
33.8026182202
33.2565170641
33.4474702175
33.4929542091
33.535354551
33.5791549368
33.6022659199
33.5912634146
33.0713021061
33.4546812129
32.4606845624
32.1419334514
32.2257415843
32.4802526868
31.9818757397
31.6583822959
31.5381768988
31.4323641174
31.4979937094
30.8410979656
30.8208953695
30.3782446035
29.7426323364
29.5288910228
29.7157881883
29.3050764465
29.7027470944
29.3093651591
29.038667086
29.0338179982
28.9833606634
29.1662546607
29.1058542966
28.8410526727
28.892224651
28.8704169091
28.6663122309
28.66145783
28.6486617257
28.6452634042
28.6395363183
28.6337033343
28.6106574171
28.5864872012
28.6212565477
28.6325746682
28.6274953492
28.6236152961
28.6203561087
28.628051042
28.625345882
28.6358518289
28.6327806982
28.6223961933
28.6567263727
28.3853037824
28.3969412762
28.4386495482
28.4513551232
28.2200349776
28.2117590507
28.2456347969
28.2756099803
28.2994466203
28.2958691815
28.3388132557
27.9805503423
28.0029785835
28.2194746208
28.2335788778
28.2412201014
28.2220666485
27.8730242045
27.6004355217
27.6056835733
27.639654057
27.5201732175
27.5299437948
28.0400574895
27.9726340524
27.5960671626
27.4878535063
27.5742914782
27.560323441
27.4089853574
27.4379072277
27.9622538354
27.9533618111
27.6429490344
27.8870944202
27.6325556984
27.6479045519
27.5327631733
27.5522268177
27.5605186765
27.3995215572
27.4403263667
27.4659314058
27.1570037036
27.1466235352
27.1529594876
27.1674223165
27.2042949898
26.8488211506
26.8245923081
26.8317332829
26.9111548919
26.8579844949
26.8977114383
26.8898061873
26.9033164847
26.8861254893
26.8856624758
26.8799254166
26.8520837117
26.842983179
26.6431011826
26.6715550497
26.5905410565
26.5911997531
26.5549482455
26.5549359259
26.5382667267
26.5298353569
26.5206196775
26.4779733745
26.4580275791
26.321559957
26.3202631926
26.1403018293
26.1043680396
26.1456242032
25.9312522099
25.6701778859
25.716103582
25.7035359185
25.5590353838
25.6992276198
25.2129226096
25.1886678438
25.1892348499
24.9649469591
24.9326585921
24.8907365328
24.9778975005
24.9240395727
24.898911087
24.8670520028
24.8406564988
24.8709517201
24.9845790784
24.9868925817
24.8973324712
24.9203936342
24.9616581182
24.9625669053
24.9559682387
24.9591169754
24.9468362851
25.0922055604
25.1144593611
25.1808204125
25.2062284092
25.4014538829
25.4283830252
25.4334084426
25.2771501909
25.281685431
25.2911253403
25.4448478931
25.4325555061
25.4499945027
25.0324485451
24.8416211044
24.8893680018
24.9335413074
24.8782408765
24.9040228259
24.547876045
24.530129541
24.5465900352
24.4491272404
24.4450200017
24.4466040988
24.0401424884
23.8637092917
23.8584700741
23.7999625687
23.8024099663
23.813578397
23.814158885
23.8520836583
23.7363947674
23.7059180657
23.6886643123
