0.00335814 0.00337884 0.00326095
0.00321312 0.00241319 0.00189941
0.00485401 0.00470011 0.00373444
0.00509444 0.00473256 0.00447971
0.00427728 0.00383135 0.00332121
0.00268029 0.00256879 0.00179531
0.0030096 0.00245874 0.00171686
0.00205323 0.00289241 0.00194664
0.00204898 0.00313068 0.00179009
0.00236623 0.00242532 0.00191358
0.00346272 0.00242043 0.00186063
0.00329902 0.00214018 0.0020033
0.00340856 0.00195456 0.00184135
0.00230194 0.0025168 0.00249977
0.00274213 0.00175036 0.00166442
0.00159984 0.00170418 0.00138105
0.00204495 0.00167614 0.00150663
0.00133377 0.0016348 0.00133755
0.00172233 0.0018237 0.00144224
0.00204644 0.00168651 0.00139586
0.00165916 0.00170014 0.00140663
0.00171503 0.00163616 0.00124184
0.00161999 0.00192028 0.00150904
0.00223276 0.00175573 0.0014191
0.00140003 0.00147015 0.00127222
0.00144794 0.00185052 0.00125157
0.00180825 0.0018284 0.00122155
0.00211222 0.0019233 0.00187184
0.00151261 0.00183548 0.00158247
0.0017414 0.00192697 0.00168475
0.00230403 0.00199201 0.00190968
0.00168748 0.00220885 0.00207345
0.00169216 0.00220072 0.0019545
0.00181448 0.00243936 0.00207536
0.00181504 0.00153949 0.00141256
0.00233494 0.00163348 0.00140426
0.00273918 0.00271212 0.00214474
0.00245807 0.00203827 0.00173407
0.00211042 0.00183009 0.00150388
0.00194729 0.00213334 0.00168973
0.00178413 0.00139952 0.0011569
0.0021128 0.001736 0.00149799
0.00209473 0.00216012 0.00205477
0.0019656 0.00188104 0.00170761
0.00200612 0.00168835 0.00164782
0.00241002 0.00187471 0.00188651
0.00178581 0.00163767 0.00165099
0.00204992 0.00161955 0.00158064
0.00279971 0.00232755 0.00220135
0.00255632 0.00223911 0.00208455
0.00329988 0.00263549 0.00267745
0.0018263 0.00186194 0.00153455
0.00159055 0.00201484 0.00170201
0.00245001 0.00228087 0.0020994
0.00175481 0.00197928 0.00155134
0.00178931 0.0016157 0.00139044
0.00213345 0.00171439 0.001607
0.00171472 0.00162847 0.00172654
0.0021184 0.00182443 0.00186776
0.00198662 0.00168155 0.00178811
0.00184579 0.00190643 0.00185003
0.00203932 0.00167996 0.00164805
0.00160829 0.00154376 0.00150842
0.0017131 0.00197876 0.00161263
0.00185752 0.00172012 0.00161519
0.00182009 0.00187557 0.00157523
0.00212487 0.00210846 0.00156857
0.00166772 0.00180358 0.00150122
0.00214748 0.00156458 0.0013026
0.00185704 0.00185735 0.00134323
0.0016024 0.00188753 0.00137952
0.00152517 0.00175045 0.00162956
0.00156425 0.00198522 0.00181168
0.00186773 0.00233375 0.00230088
0.00179956 0.00237942 0.00242991
0.00222514 0.00207098 0.00209895
0.00161875 0.00210769 0.00203276
0.00185326 0.00207234 0.00187748
0.0016107 0.00230707 0.00190964
0.00179572 0.0024062 0.00220924
0.00162766 0.00226783 0.00189696
0.0015297 0.00191719 0.00181575
0.00169035 0.00212458 0.00199932
0.00176438 0.00185211 0.00172172
0.00158687 0.00200986 0.00188107
0.00205891 0.00189898 0.00183147
0.0020592 0.00216387 0.00170457
0.00225269 0.00181508 0.0018804
0.00224522 0.00200108 0.00197241
0.00237079 0.00216781 0.00219002
0.00248277 0.00247935 0.00236523
0.00256915 0.00306509 0.0028696
0.00250699 0.00296414 0.00283446
0.00160661 0.00308632 0.0026799
0.00184429 0.00270572 0.00242239
0.00195668 0.00259937 0.00219873
0.00181751 0.00293973 0.00261391
0.00190955 0.0026711 0.00246841
0.00216803 0.0026548 0.00250242
0.00162759 0.00281215 0.00280985
0.0019239 0.00266493 0.00244382
0.00143 0.00264768 0.00228876
0.00205449 0.00310308 0.00263279
0.00176489 0.00256204 0.00227614
0.0016556 0.0027953 0.00236166
0.0019274 0.00298935 0.00248921
0.00183873 0.0027177 0.00262106
0.00261405 0.00300067 0.00293386
0.00209945 0.00319285 0.00306471
0.00183091 0.00297986 0.00275968
0.00219278 0.00321867 0.00310678
0.00221673 0.00378514 0.00362241
0.00192757 0.00322881 0.00308559
0.00212582 0.00331335 0.00328585
0.00204364 0.00349848 0.00333699
0.00175982 0.00341556 0.00316979
0.00214055 0.00343812 0.00323259
0.00225435 0.00300646 0.00323557
0.00182446 0.00334389 0.00309322
0.00214065 0.00296443 0.00310863
0.00168354 0.00305946 0.00261851
0.00176577 0.00305583 0.00240412
0.00174179 0.00258761 0.0021986
0.00186058 0.00321279 0.00266875
0.00234543 0.00370479 0.00399442
0.00273168 0.00417077 0.00405885
0.00277467 0.00395349 0.00407569
0.00313938 0.0043524 0.00408972
0.00290834 0.00476 0.00425674
0.0033369 0.00407156 0.00444506
0.00297568 0.0045587 0.004381
0.00267357 0.00443666 0.0038627
0.00276169 0.0044225 0.00421736
0.00296273 0.00471114 0.00432474
0.00293708 0.00514596 0.00458259
0.00337365 0.00548953 0.00504724
0.0037709 0.00560183 0.00576789
0.00400117 0.00532551 0.00621028
0.00381184 0.00547242 0.00608938
0.00411211 0.00555308 0.00620046
0.00390693 0.00616921 0.006021
0.00389874 0.00505196 0.00591852
0.00372307 0.00498452 0.00575992
0.00426881 0.00536215 0.00570885
0.00383934 0.0058007 0.00586066
0.00406641 0.00469943 0.00593901
0.00407895 0.00478117 0.00590239
0.0036665 0.0053153 0.00547676
0.00371508 0.00409062 0.00562227
0.00331772 0.00553008 0.00520595
0.00388258 0.0051373 0.00531089
0.00363819 0.00388155 0.00531362
0.00378617 0.00534074 0.00523108
0.00388369 0.00476229 0.00528609
0.00347301 0.00476445 0.00484464
0.00354773 0.00404064 0.00485539
0.00283057 0.00419205 0.00444172
0.00299487 0.00342011 0.00419028
0.00277819 0.00423085 0.00386533
0.00323089 0.00336981 0.00416232
0.00306423 0.00457056 0.00452539
0.00382983 0.00458572 0.00532677
0.00365771 0.00431078 0.00497562
0.00345946 0.00458171 0.00485063
0.00422915 0.00392714 0.00506487
0.00344373 0.00502159 0.00490751
0.0043015 0.00399007 0.00546607
0.0042407 0.00437075 0.00505049
0.00415907 0.00537738 0.00488197
0.00311178 0.00346687 0.00419693
0.00410678 0.00459303 0.00475273
0.00407862 0.00521183 0.00509959
0.00437421 0.00423999 0.00529361
0.00390589 0.00403226 0.00520916
0.00420464 0.00414905 0.00512455
0.00342952 0.00473582 0.0045154
0.00333312 0.00452418 0.00457344
0.00308969 0.00374356 0.00442801
0.00359456 0.00505589 0.00472041
0.00372436 0.00398994 0.00485385
0.00360723 0.00330357 0.00480274
0.00349605 0.00463336 0.0044541
0.00389778 0.00418187 0.00489474
0.00315698 0.00415273 0.00415667
0.00371913 0.00468655 0.00474255
0.00333907 0.00416565 0.00465761
0.00394664 0.00460549 0.00494117
0.00348009 0.0038527 0.00435825
0.00423549 0.00428118 0.00416227
0.00397086 0.00460375 0.00450714
0.00383029 0.00364087 0.0041989
0.00355923 0.00379697 0.00407917
0.00369779 0.00379208 0.00441689
0.00364458 0.00391669 0.00460765
0.00309824 0.00414747 0.00405516
0.0036433 0.00366523 0.00451947
0.00354622 0.00441479 0.00460452
0.00419601 0.00391042 0.00457681
0.0049703 0.00467827 0.00454433
0.00440592 0.00460606 0.00456354
0.00336655 0.00427026 0.00446341
0.00452158 0.00470236 0.00408674
0.00387493 0.00400468 0.004293
0.00385054 0.00376169 0.00430599
0.00383292 0.00430995 0.00388525
0.00357748 0.00378851 0.00405853
0.0043721 0.00480869 0.00370965
0.00396819 0.00468195 0.00377455
0.00458969 0.00504547 0.00397728
0.00391151 0.00391151 0.00405171
0.00388049 0.00388049 0.00414275
0.00388872 0.00388872 0.00413105
0.00388308 0.00388308 0.00413576
0.0039976 0.0039976 0.00425447
0.00405856 0.00405856 0.00430417
0.00400988 0.00400988 0.00426718
0.00350303 0.00349464 0.00430442
0.00443216 0.00503942 0.00409361
0.00346138 0.00346806 0.00453531
0.00351481 0.00343826 0.00442373
0.00387625 0.00387625 0.00411769
0.00392088 0.00392088 0.00417937
0.00395717 0.00395717 0.00418663
0.0039408 0.0039408 0.00418216
0.00398345 0.00398345 0.0042461
0.00398964 0.00398964 0.00424201
0.00398012 0.00398012 0.00423035
0.00406589 0.00406589 0.00430184
0.0039939 0.0039939 0.00421243
0.00401677 0.00401677 0.00424963
0.00406484 0.00406484 0.00428526
0.00405732 0.00405732 0.00429322
0.00406775 0.00406775 0.00429763
0.00411454 0.00411454 0.00433458
0.00410723 0.00410723 0.00432373
0.00411031 0.00411031 0.00432518
0.00412544 0.00412544 0.00432773
0.00409737 0.00409737 0.00429774
0.00411068 0.00411068 0.00432719
0.00418099 0.00418099 0.00438324
0.00412294 0.00412294 0.00432688
0.00412487 0.00412487 0.0043232
0.00420074 0.00420074 0.00440354
0.0041515 0.0041515 0.00435646
0.00419741 0.00419741 0.0044136
0.00416944 0.00416944 0.0043874
0.0041955 0.0041955 0.0043873
0.00417419 0.00417419 0.00438137
0.00423927 0.00423927 0.00445365
0.00351134 0.00423925 0.00445893
0.00420369 0.00420369 0.0044195
0.00427346 0.00427346 0.00449153
0.00349057 0.00412687 0.00438307
0.00416933 0.00416933 0.00440257
0.0035152 0.00419696 0.00440859
0.00347008 0.00418498 0.00439689
0.00473819 0.00491427 0.00448404
0.00374707 0.00395081 0.00438036
0.0043062 0.00421349 0.00408615
0.00396074 0.00396074 0.00418503
0.00384026 0.00384026 0.00409104
0.00402293 0.00402293 0.00430325
0.00378423 0.00387463 0.00414881
0.00318004 0.00369109 0.00417723
0.0042008 0.00429801 0.0041049
0.00398454 0.00398454 0.00423298
0.00380991 0.00380991 0.00405461
0.00369378 0.00380263 0.00401208
0.00361816 0.00377617 0.00396289
0.00316113 0.00364835 0.00400821
0.00423418 0.00415009 0.00389723
0.003553 0.00353721 0.00415097
0.00335462 0.00317144 0.00411567
0.00393926 0.00430975 0.00399244
0.00352841 0.00364395 0.00415634
0.00352737 0.00336263 0.00411944
0.00351773 0.00401785 0.0040705
0.00359853 0.00382652 0.00420687
0.00375833 0.0037229 0.00430638
0.00415977 0.00424041 0.0040258
0.003555 0.0036536 0.00420743
0.00354682 0.00355004 0.00417954
0.00328406 0.00335506 0.00407714
0.00404282 0.00441376 0.00388825
0.00354954 0.00367787 0.00385129
0.00348003 0.00350746 0.00397948
0.00425487 0.0042508 0.00405347
0.00400692 0.00396794 0.00396491
0.00324713 0.00380515 0.00399853
0.00379583 0.00379583 0.00399627
0.00392434 0.00392434 0.00411537
0.00389724 0.00389724 0.00410221
0.00394423 0.00341785 0.00415981
0.00410213 0.00412621 0.00390067
0.00364175 0.00352564 0.00421505
0.00383055 0.00362107 0.00429105
0.00421289 0.00427199 0.00404356
0.00368267 0.00461381 0.00415998
0.00369707 0.00376459 0.00443153
0.00349421 0.00347264 0.00438347
0.00351206 0.00356841 0.00420496
0.0034658 0.00347272 0.00423931
0.00378421 0.00406729 0.00408803
0.00383309 0.00408343 0.00416388
0.00399372 0.00419481 0.00399314
0.00349331 0.00359595 0.00422526
0.00360558 0.00344548 0.00423684
0.00405536 0.00402083 0.00397506
0.00369434 0.00402739 0.00417691
0.00419703 0.0043934 0.00397189
0.00419991 0.00416773 0.0040583
0.00398687 0.00426238 0.00407374
0.00397556 0.00396427 0.00409954
0.0035229 0.00373273 0.00420449
0.0043959 0.00429279 0.00406567
0.00344444 0.00357573 0.00424801
0.00340193 0.00329873 0.00431183
0.00407236 0.0045273 0.00400749
0.00345592 0.00350346 0.00421644
0.00341748 0.00354153 0.00428243
0.00401695 0.00410332 0.00403498
0.00371713 0.00373602 0.00430101
0.00375902 0.00350035 0.0043283
0.00397025 0.00416894 0.00408263
0.00342601 0.00339913 0.00418889
0.00356099 0.00336908 0.00425731
0.00409969 0.00429565 0.00399521
0.00357377 0.00376509 0.00420874
0.00358254 0.00379197 0.00423877
0.00394408 0.0039963 0.0040523
0.00380582 0.00380535 0.00421137
0.00424924 0.00396935 0.00406391
0.00432716 0.00394103 0.00407453
0.0040025 0.00421406 0.0040859
0.00398689 0.00437128 0.00420479
0.00346222 0.00350117 0.00422532
0.0041133 0.00401849 0.00397947
0.00394535 0.00412421 0.00420077
0.00417133 0.0041324 0.00403853
0.00436931 0.00376835 0.00416843
0.00424671 0.00396136 0.00415759
0.00396758 0.00396758 0.00417398
0.00399953 0.00399953 0.00420172
0.00396938 0.00396938 0.00416935
0.0039725 0.0039725 0.00416472
0.00395975 0.00395975 0.00415193
0.00340928 0.00339622 0.00422804
0.00428044 0.00451613 0.00402984
0.00408728 0.00416627 0.00409246
0.00348693 0.00368276 0.00424048
0.00380915 0.00481516 0.00412252
