0.00404188 0.00336915 0.00326095
0.00484725 0.00472327 0.00445002
0.00375947 0.00322101 0.00297537
0.00336058 0.00195787 0.00137333
0.00224973 0.00226634 0.00179662
0.00352239 0.00226013 0.00143504
0.00269081 0.00238215 0.00148548
0.00272725 0.00261341 0.00235589
0.00343902 0.00227753 0.00172076
0.00170988 0.0020894 0.00165967
0.00341075 0.00259883 0.00218694
0.00338396 0.00242612 0.00234698
0.00287126 0.00225269 0.00222492
0.00374299 0.00276036 0.00263717
0.00395793 0.00240177 0.00225606
0.00330455 0.00192328 0.00173197
0.00338719 0.00214478 0.00209671
0.00254361 0.00223696 0.00184806
0.00328135 0.00190733 0.00162566
0.00275454 0.00194894 0.00177995
0.00183122 0.00221638 0.00197347
0.00315926 0.00272252 0.00167664
0.00286564 0.00235556 0.00185016
0.00180481 0.00176014 0.0014222
0.00150209 0.00188417 0.00129004
0.00142415 0.00138223 0.000913802
0.00301135 0.00178101 0.00151987
0.00210357 0.00166372 0.00134122
0.00192471 0.00187126 0.00162564
0.00170288 0.00203115 0.00176272
0.0019185 0.0020607 0.00203975
0.00259618 0.00152217 0.00152457
0.00251649 0.00155369 0.00137872
0.0020915 0.00245489 0.00200105
0.00161688 0.00155193 0.00140555
0.00285256 0.00166629 0.00134593
0.00220162 0.00262703 0.00193302
0.00244471 0.00287587 0.00247793
0.00269173 0.00212644 0.00152728
0.00192916 0.00161072 0.0013302
0.00160073 0.0020427 0.00130958
0.00293871 0.00244314 0.00227447
0.00273726 0.00249699 0.00235514
0.00226139 0.00187517 0.00167682
0.00244295 0.00219492 0.00209342
0.00231971 0.00188817 0.00190413
0.00275203 0.00203559 0.00191267
0.00250163 0.00204476 0.00205104
0.0013763 0.00185779 0.00175944
0.00221426 0.00221564 0.00212555
0.002106 0.0017799 0.00170088
0.0016284 0.00185411 0.00148882
0.001614 0.00175376 0.00146828
0.00192749 0.00178332 0.0015285
0.00150618 0.00196263 0.00158525
0.00248824 0.00170067 0.00150954
0.00192851 0.00173251 0.00121464
0.00161456 0.00206752 0.00154704
0.00245778 0.00180247 0.00163129
0.00158345 0.00184168 0.0011768
0.00134916 0.00206025 0.00138929
0.00245761 0.00203616 0.00162547
0.00236557 0.00199569 0.00170333
0.00226027 0.00205702 0.001594
0.00167068 0.00182277 0.00176138
0.00163189 0.00176613 0.00130675
0.00165236 0.00194908 0.00134757
0.00126873 0.00182279 0.00155303
0.0020367 0.00164774 0.00158124
0.00199303 0.00193778 0.00174338
0.00185389 0.00221768 0.0020558
0.00137062 0.00187902 0.00161737
0.00264278 0.00201502 0.00153281
0.00370122 0.00241486 0.00220813
0.00202728 0.00196948 0.00164527
0.00200437 0.00233852 0.00148707
0.00209808 0.00276892 0.00162617
0.00201237 0.00174038 0.00111971
0.0028263 0.00237066 0.00187353
0.00204973 0.00275607 0.0025957
0.00249314 0.00187245 0.0014317
0.0011774 0.00204221 0.0010816
0.0014758 0.00206952 0.00159453
0.00175953 0.00217936 0.00190172
0.00254337 0.00241885 0.00218386
0.00215234 0.00247027 0.00238223
0.00245871 0.00179502 0.00169405
0.00185423 0.00136271 0.00140597
0.00243757 0.00158346 0.00151221
0.00264654 0.00214671 0.00210464
0.00197822 0.00291344 0.0027506
0.00217698 0.00246713 0.00226422
0.00156657 0.00221277 0.00196045
0.00153793 0.00219542 0.00180224
0.00201696 0.00196926 0.00186852
0.00193745 0.00213113 0.00188666
0.0016748 0.00232081 0.00192066
0.00198219 0.00218082 0.00184168
0.00174896 0.00224775 0.00183997
0.00166524 0.0025771 0.00204958
0.00174663 0.00200177 0.00178353
0.00157487 0.00227947 0.00172919
0.0019942 0.00262509 0.00228987
0.00203272 0.0022566 0.00192744
0.00210268 0.00244292 0.0023315
0.00167286 0.00261493 0.00266982
0.00220235 0.00244864 0.0022452
0.00196389 0.00232975 0.00237776
0.00149833 0.00298037 0.00260789
0.00200867 0.00234468 0.00232914
0.00186051 0.00239822 0.00210079
0.00187841 0.0024607 0.00221127
0.00168341 0.00300516 0.00262994
0.00131853 0.00298533 0.00251129
0.00203039 0.0031454 0.00265427
0.00139416 0.00299971 0.00258675
0.00197056 0.00311242 0.00263969
0.00221377 0.00297296 0.00224004
0.00173662 0.00265742 0.00223644
0.00163923 0.00211954 0.00242096
0.00183664 0.00229219 0.00251242
0.00190656 0.00217796 0.00260248
0.00184057 0.00253197 0.00253476
0.00171509 0.00222291 0.00259426
0.00204511 0.00256901 0.0027563
0.00185658 0.00261591 0.00265242
0.0018617 0.00321101 0.00250663
0.00208946 0.00304717 0.00295147
0.00193999 0.00255045 0.00257984
0.00195663 0.00236383 0.00245628
0.00175347 0.00271184 0.00269534
0.00136077 0.00306291 0.00290483
0.00231313 0.00333079 0.00311397
0.00169747 0.00331171 0.00304901
0.00214174 0.00347759 0.00328004
0.00228886 0.0037894 0.00342825
0.0024314 0.00338911 0.00362392
0.00246651 0.00352358 0.00378588
0.00243574 0.00447001 0.00408998
0.00292357 0.00470437 0.00443231
0.00323145 0.00482074 0.00503557
0.00338974 0.00543332 0.00549356
0.00389338 0.00541101 0.00582205
0.00391882 0.00540268 0.00587339
0.00366382 0.00593306 0.00573858
0.00357206 0.0051506 0.00594159
0.00326014 0.00607024 0.00581416
0.00403015 0.00620435 0.00592502
0.00429311 0.00466139 0.00591076
0.00378649 0.0063835 0.00591596
0.0043108 0.00436441 0.00601669
0.00387056 0.00422735 0.00566685
0.0037102 0.00457887 0.00572221
0.00394556 0.00430309 0.00570679
0.00362613 0.00446607 0.00527369
0.00379929 0.00585015 0.00545682
0.00409049 0.0044385 0.00571539
0.00375453 0.00502765 0.00552683
0.00341902 0.0037767 0.00531542
0.00334408 0.00388916 0.00445877
0.00308395 0.00414475 0.00455071
0.00362389 0.00487903 0.00517562
0.00321873 0.00423254 0.00491018
0.00338977 0.00427182 0.00495422
0.00392805 0.00426207 0.00481556
0.00328641 0.00525414 0.00474388
0.00440744 0.00535745 0.00479841
0.00398908 0.00452851 0.00523899
0.00373995 0.00472806 0.00484775
0.00435336 0.0043322 0.00459842
0.00517718 0.00503152 0.00502441
0.00388283 0.00448021 0.00466873
0.00355068 0.00405538 0.00474466
0.00344226 0.00493741 0.00463881
0.00407625 0.00463638 0.00513857
0.00408043 0.00430632 0.00502618
0.00416058 0.00411786 0.00460928
0.00419046 0.00456278 0.00497772
0.00442828 0.00452093 0.00479348
0.00417466 0.00561172 0.00471331
0.00398422 0.00451506 0.00463223
0.00445362 0.00492763 0.00420375
0.00377923 0.00345675 0.00446591
0.00331696 0.00357884 0.00450285
0.00323211 0.00307811 0.00412468
0.0032761 0.00326493 0.00432115
0.00452286 0.0045382 0.00402787
0.00409835 0.00438609 0.00430669
0.00350474 0.0039527 0.00424467
0.00421487 0.00458349 0.00370364
0.00423236 0.00477527 0.00379374
0.00304745 0.00329319 0.0039512
0.00435758 0.0046334 0.00385757
0.00445703 0.00470266 0.00392541
0.00330203 0.00429771 0.00427723
0.00359437 0.00359437 0.00359036
0.00383433 0.00383433 0.00389915
0.00381087 0.00381087 0.00393155
0.00370971 0.0032836 0.0039792
0.00340108 0.00340108 0.00355994
0.00440562 0.00471078 0.00371739
0.00361468 0.00361468 0.00377029
0.00347424 0.00347424 0.00363005
0.00364534 0.00364534 0.00380385
0.00362896 0.00362896 0.00377316
0.00363808 0.00363808 0.0037865
0.00378394 0.00378394 0.00392197
0.00368072 0.00368072 0.00381932
0.00377501 0.00377501 0.00392579
0.00370452 0.00370452 0.00386221
0.00372191 0.00372191 0.0038742
0.00383733 0.00383733 0.00397043
0.00373898 0.00373898 0.00386637
0.00384704 0.00384704 0.00397166
0.00378309 0.00378309 0.00391754
0.00381479 0.00381479 0.00395034
0.00382996 0.00382996 0.00395472
0.00354395 0.0038849 0.00403235
0.00378795 0.00361946 0.00394158
0.00349615 0.00345258 0.00406076
0.00371855 0.00372935 0.00387646
0.00365162 0.0045803 0.00379652
0.00361905 0.00374195 0.0036311
0.00315492 0.00393078 0.00364557
0.00346857 0.0037649 0.00363458
0.00323927 0.0037163 0.00375963
0.00346468 0.00375879 0.00353448
0.00368331 0.00344452 0.00353261
0.00346713 0.00415995 0.0036641
0.00306732 0.00356899 0.00383214
0.00329883 0.00303277 0.0037368
0.00328256 0.00328256 0.00352727
0.00339478 0.00332874 0.0035703
0.00352461 0.00370191 0.00332021
0.00402808 0.00401707 0.00362758
0.00348852 0.00348852 0.00371375
0.00327378 0.00327378 0.00354415
0.00343636 0.00343636 0.0036762
0.00343865 0.00343865 0.00366957
0.00336467 0.00336467 0.00360714
0.0034154 0.0034154 0.00366738
0.0035213 0.0035213 0.00376497
0.00341709 0.00341709 0.0036642
0.00347505 0.00347505 0.00371205
0.00351629 0.00351629 0.00374841
0.00344932 0.00344932 0.00367602
0.00349431 0.00349431 0.00371918
0.00317084 0.00309419 0.00377819
0.00324384 0.00324384 0.00349362
0.00402766 0.0041467 0.00380632
0.00346353 0.00346353 0.00367599
0.00356525 0.00356525 0.00376595
0.00352439 0.00352439 0.00375378
0.0036645 0.0036645 0.00385964
0.003456 0.003456 0.00366892
0.00358832 0.00304025 0.00379903
0.00307926 0.0032783 0.00382479
0.00313228 0.00321029 0.00379466
0.00343614 0.00343614 0.00365474
0.00360549 0.00360549 0.00381669
0.00347708 0.00347708 0.00369073
0.00347968 0.00347968 0.00370817
0.00345937 0.00345937 0.00368819
0.00357689 0.00357689 0.00379352
0.00350125 0.00350125 0.00371944
0.00352638 0.00352638 0.00375034
0.00352497 0.00352497 0.00374746
0.00360038 0.00360038 0.00381189
0.00354921 0.00354921 0.00376412
0.00361416 0.00361416 0.00385271
0.00356059 0.00356059 0.0038046
0.00358295 0.00358295 0.00383239
0.00359597 0.00359597 0.00383214
0.0036749 0.0036749 0.003893
0.00364189 0.00364189 0.00385563
0.00370987 0.00370987 0.00394965
0.00372531 0.00372531 0.0039606
0.00363398 0.00363398 0.0038685
0.00374013 0.00374013 0.00401106
0.00364438 0.00364438 0.00391938
0.00264561 0.0037024 0.00398764
0.00361925 0.00361925 0.00388584
0.00370463 0.00370463 0.00397867
0.00366986 0.00366986 0.00393436
0.00368613 0.00368613 0.00396858
0.00372074 0.00372074 0.00399895
0.00375021 0.00375021 0.00403284
0.00373301 0.00373301 0.00399301
0.00389108 0.00389108 0.00411923
0.00379451 0.00379451 0.00402268
0.00376965 0.00376965 0.00402605
0.00380102 0.00380102 0.0040483
0.00382958 0.00382958 0.00407229
0.00378386 0.00378386 0.00406772
0.00392956 0.00392956 0.00417036
0.00370726 0.00370726 0.00394156
0.00385226 0.00385226 0.0041029
0.0038346 0.0038346 0.00411463
0.00374651 0.00374651 0.0040413
0.00382565 0.00382565 0.0041258
0.00386146 0.00386146 0.0041351
0.00379646 0.00379646 0.00408033
0.00381693 0.00381693 0.00407736
0.00384135 0.00384135 0.00410762
0.00376692 0.00376692 0.00403672
0.00386478 0.00386478 0.00413666
0.00380645 0.00380645 0.00407998
0.00383211 0.00383211 0.0040792
0.00381671 0.00381671 0.00407198
0.0038233 0.0038233 0.00409085
0.00373673 0.00373673 0.00401306
0.00376931 0.00376931 0.0040902
0.00369342 0.00369342 0.00400589
0.00368582 0.00368582 0.00399598
0.00374532 0.00374532 0.00401374
0.0036954 0.0036954 0.00394807
0.00377097 0.00377097 0.00405174
0.00380086 0.00380086 0.00404504
0.00374688 0.00374688 0.00399106
0.00378334 0.00378334 0.00402539
0.00383176 0.00383176 0.0041252
0.00374764 0.00374764 0.0040363
0.00362555 0.00362555 0.00392856
0.00367118 0.00367118 0.00396986
0.00372938 0.00372938 0.00399638
0.00367033 0.00367033 0.0039377
0.00370172 0.00370172 0.0039653
0.00372688 0.00372688 0.0040259
0.0035997 0.0035997 0.00388123
0.00366225 0.00366225 0.00391201
0.00359999 0.00359999 0.00385608
0.00353387 0.00353387 0.0037986
0.00379472 0.00379472 0.00406239
0.00374331 0.00374331 0.00403405
0.0036424 0.0036424 0.00393898
0.00352558 0.00352558 0.00382729
0.00362944 0.00362944 0.00392293
0.00360864 0.00360864 0.00389299
0.00360863 0.00360863 0.00392317
0.0036083 0.0036083 0.00389286
0.00360905 0.00360905 0.00387229
0.00363093 0.00363093 0.00389759
0.00368207 0.00368207 0.00394501
0.00366751 0.00366751 0.00393671
0.00373077 0.00373077 0.00401369
0.00374107 0.00374107 0.0040272
0.00378706 0.00378706 0.00408935
0.00378625 0.00378625 0.00405809
0.00393325 0.00393325 0.00422116
0.00398111 0.00398111 0.00424661
0.0040732 0.0040732 0.00438655
