0.0036654 0.00337884 0.00326095
0.0038783 0.00443634 0.00416228
0.00352829 0.00342063 0.00299127
0.00213134 0.00195238 0.00156807
0.00158672 0.00211651 0.00145466
0.00179198 0.00253506 0.00156595
0.00166968 0.00250869 0.0015117
0.00159998 0.00244421 0.00177626
0.00177885 0.00206665 0.00179327
0.00141431 0.00222919 0.00210531
0.00228048 0.00263884 0.00249288
0.00154124 0.00175339 0.00169221
0.00147157 0.0016334 0.00143277
0.00159803 0.00158423 0.00142609
0.00127192 0.00142124 0.00119544
0.00135391 0.00136035 0.00113145
0.00147457 0.00160117 0.00122429
0.00124635 0.00159375 0.00113893
0.00120799 0.00164785 0.00125055
0.001554 0.00162624 0.00114359
0.00165824 0.00156257 0.00111173
0.00190422 0.00166826 0.00112577
0.00138754 0.00135373 0.00110661
0.00162525 0.00140595 0.0012582
0.00201275 0.00159158 0.00160221
0.00215539 0.00200095 0.00192838
0.00184219 0.00236283 0.0020157
0.00184291 0.00274378 0.00233848
0.00232883 0.00157271 0.00139612
0.00185188 0.00168534 0.00140009
0.00251297 0.00241497 0.00179264
0.00175959 0.00194821 0.00123827
0.00242847 0.00244995 0.00209761
0.00194988 0.00205264 0.00170825
0.00131512 0.00154243 0.00109673
0.00225236 0.00199641 0.00115576
0.00295528 0.00269332 0.00203389
0.00285181 0.00287084 0.00290307
0.00178065 0.00181142 0.00179102
0.00228544 0.00199009 0.00190328
0.00216777 0.00200133 0.00192809
0.00311991 0.00181654 0.00173202
0.00297823 0.00240588 0.00221115
0.00143043 0.00122784 0.00101876
0.00179849 0.00154057 0.00120436
0.0024362 0.00214959 0.00199032
0.00218611 0.00276677 0.00250407
0.00181944 0.00243608 0.00209656
0.00176549 0.00223409 0.0020915
0.00205186 0.00195214 0.00165821
0.00149725 0.00182716 0.00131683
0.00179291 0.00222378 0.00170256
0.00191022 0.00208084 0.00198452
0.00204807 0.00158205 0.00152648
0.00166355 0.00212197 0.00168866
0.00189115 0.00191508 0.00188763
0.00145819 0.00154926 0.0014234
0.00160017 0.00205247 0.00166186
0.00166047 0.00181434 0.00185695
0.00184602 0.00233611 0.0020772
0.0018116 0.00241658 0.00200946
0.00183945 0.00220125 0.00197467
0.00155179 0.00190951 0.00148201
0.00162604 0.00228582 0.00158004
0.00191798 0.00235313 0.00216321
0.00140258 0.00198373 0.0014684
0.00229829 0.00179892 0.00111642
0.00186169 0.00248222 0.00224035
0.00139151 0.00175055 0.00156072
0.00113168 0.00203764 0.00149859
0.00222999 0.00210371 0.00163032
0.00207766 0.00216065 0.00192815
0.0024008 0.00238302 0.00210195
0.00196098 0.00233958 0.00241302
0.00151686 0.00163475 0.00159581
0.0024654 0.0018335 0.00167329
0.00180461 0.00222647 0.00238645
0.00389092 0.00126378 0.00130014
0.00200972 0.00176892 0.00155027
0.00150697 0.00199176 0.00174881
0.00219456 0.00297038 0.00280509
0.00229093 0.00288937 0.00274054
0.00217045 0.00215514 0.00186309
0.00162518 0.00208772 0.00165923
0.00168302 0.00214989 0.00186343
0.00229727 0.00200066 0.00187745
0.00170095 0.00193886 0.00168801
0.00163241 0.00253911 0.0020374
0.00237079 0.00225362 0.00181899
0.00199306 0.00237087 0.00201277
0.00154024 0.00247315 0.00216345
0.0023523 0.00222328 0.00199578
0.00192081 0.00220973 0.00213709
0.00173681 0.00263745 0.00244666
0.00249767 0.00230796 0.002155
0.00194136 0.00236709 0.00213732
0.00144978 0.00255825 0.00219884
0.00182743 0.0022854 0.00216896
0.00184131 0.0020606 0.00185216
0.0015626 0.00242209 0.00194792
0.00158423 0.00223793 0.00204944
0.00146259 0.0022419 0.0017215
0.00174948 0.00263826 0.00188324
0.00151869 0.00284692 0.00206828
0.00177152 0.00300862 0.00231497
0.00160992 0.00280304 0.00203469
0.00201692 0.0022944 0.00183333
0.00157022 0.00259377 0.0019324
0.00163523 0.00221199 0.00224122
0.00196573 0.00293167 0.00211664
0.00161639 0.00218548 0.00210583
0.00183958 0.00285061 0.00257782
0.0019157 0.00215355 0.002468
0.00177638 0.00226308 0.00228369
0.00219142 0.00289122 0.00263745
0.00223208 0.00285802 0.00274149
0.00194475 0.00249791 0.00239767
0.0021777 0.00204209 0.00209267
0.00187724 0.00199074 0.00192088
0.00172521 0.00245017 0.00227336
0.00157879 0.00336044 0.00300374
0.00207815 0.00377906 0.0032971
0.00199766 0.00365938 0.00308428
0.00213499 0.0038322 0.00342304
0.00249744 0.0035263 0.00386023
0.00265476 0.00426607 0.00394525
0.0027663 0.00473787 0.00442555
0.0030307 0.00524976 0.00499256
0.00330914 0.00566615 0.00525765
0.00377575 0.00591633 0.00575917
0.00401375 0.00620571 0.0060887
0.00336033 0.00589411 0.00588235
0.00422584 0.00605745 0.00607466
0.00410508 0.00615385 0.00589914
0.00411057 0.00478238 0.00608675
0.00398065 0.00494476 0.00607148
0.00388138 0.00609638 0.00601649
0.00400382 0.00448932 0.00598315
0.00374397 0.00586535 0.00565887
0.0040249 0.00475469 0.00605097
0.00407415 0.00445047 0.00576021
0.00402582 0.00623706 0.00583816
0.00390366 0.00473774 0.00551816
0.00364858 0.00559029 0.00520759
0.00428091 0.00467406 0.00570087
0.00348133 0.00535798 0.00519207
0.00352022 0.00391044 0.00506705
0.00305848 0.00504607 0.00494776
0.00287414 0.0035772 0.00419876
0.00240956 0.00379275 0.00386623
0.003233 0.00357834 0.00383869
0.00269282 0.0041745 0.0040734
0.00327326 0.00524227 0.00502751
0.00383729 0.00484687 0.00508562
0.00340491 0.00418245 0.00462892
0.00383244 0.00521607 0.00480451
0.00412075 0.00446747 0.00526041
0.00331612 0.00432327 0.00466256
0.00379373 0.00441207 0.00499896
0.00351106 0.00475636 0.0048032
0.00392277 0.00441015 0.00536908
0.0040711 0.00388102 0.0053375
0.00324604 0.00404594 0.00469274
0.00410821 0.00482038 0.00507364
0.00388542 0.00459533 0.00518546
0.00358399 0.00387474 0.00474487
0.00335708 0.00426961 0.00444591
0.00341886 0.00439539 0.00473916
0.00335631 0.0048094 0.00481369
0.00345327 0.00434653 0.00415839
0.00384212 0.00486727 0.00497154
0.00335955 0.00369017 0.00481501
0.00335813 0.00456363 0.00488757
0.00489979 0.00471293 0.00487798
0.00426444 0.00486491 0.00498791
0.00403771 0.00449835 0.00499725
0.00373917 0.00535198 0.0046222
0.00403717 0.00482135 0.00470004
0.00469619 0.00515259 0.00408865
0.00416696 0.00483553 0.00395447
0.00398014 0.00398014 0.00388564
0.00374845 0.00374845 0.00372685
0.00391711 0.00391711 0.0040155
0.00388979 0.00388979 0.00399063
0.00383727 0.00383727 0.00396038
0.00391543 0.00391543 0.00400992
0.00384337 0.00384337 0.00395595
0.00386786 0.00386786 0.00398411
0.00398828 0.00398828 0.00411825
0.00385677 0.00385677 0.00398176
0.00389223 0.00389223 0.00402443
0.00392482 0.00392482 0.00404994
0.00405375 0.00375979 0.00416575
0.00417216 0.00452748 0.00366843
0.00302735 0.00332929 0.00402019
0.00333246 0.00465804 0.00373427
0.00332449 0.00373589 0.00402375
0.00334008 0.00352312 0.00404563
0.00306784 0.00398886 0.00355631
0.00374628 0.00383364 0.00431522
0.00305574 0.00422317 0.00413482
0.00382953 0.00382953 0.00401847
0.00388867 0.00388867 0.00404877
0.00388277 0.00388277 0.00406333
0.00382409 0.00382409 0.00400541
0.00387556 0.00387556 0.00405536
0.00346676 0.00428767 0.00418186
0.00421909 0.0042841 0.00377433
0.00386769 0.0039771 0.00409302
0.00367922 0.00392269 0.00405925
0.00369387 0.00376785 0.00381964
0.00398612 0.00407388 0.00367078
0.00438959 0.0044741 0.00388585
0.0036312 0.00390047 0.00412663
0.00307006 0.00369256 0.00401399
0.00362463 0.00393194 0.00374158
0.00426915 0.00452094 0.00353288
0.00368671 0.00493484 0.00402975
0.00329477 0.00366653 0.00378919
0.00310737 0.00331348 0.00394815
0.00412847 0.00470944 0.00381804
0.00353589 0.00499713 0.00400003
0.00346701 0.00353188 0.00397837
0.00391044 0.0042131 0.00347662
0.00449909 0.00474067 0.00397475
0.00321309 0.00438081 0.00422652
0.00357677 0.00357677 0.00382304
0.00372186 0.00372186 0.00392404
0.00368686 0.00368686 0.00389649
0.00378047 0.00378047 0.00399474
0.00381291 0.00381291 0.00402989
0.00370323 0.00370323 0.00392357
0.00376682 0.00376682 0.00396966
0.00379462 0.00379462 0.0040198
0.00369178 0.00369178 0.00391961
0.00377803 0.00377803 0.0039939
0.00370189 0.00370189 0.00393126
0.00374394 0.00374394 0.00398187
0.0037804 0.0037804 0.00401139
0.00366192 0.00366192 0.00390123
0.00373134 0.00373134 0.00396139
0.00375249 0.00375249 0.00397154
0.00367587 0.00367587 0.0039135
0.00370772 0.00370772 0.00393215
0.00370464 0.00370464 0.00393568
0.00373531 0.00304064 0.00397193
0.00358348 0.00358348 0.00384118
0.00365888 0.00365888 0.00388686
0.00349567 0.00349567 0.00373334
0.00352993 0.00352993 0.00376484
0.00353559 0.00353559 0.00380481
0.00348958 0.00348958 0.00372819
0.00361233 0.00361233 0.0038502
0.003529 0.003529 0.00378391
0.00352288 0.00352288 0.00380814
0.00364321 0.00364321 0.00387163
0.00354245 0.00354245 0.00377815
0.00361592 0.00361592 0.00383728
0.00363987 0.00363987 0.0038823
0.00355422 0.00355422 0.00379442
0.00366248 0.00366248 0.00388544
0.00360295 0.00360295 0.00383137
0.00363416 0.00315351 0.00386371
0.00367648 0.00330026 0.0039081
0.00352759 0.00352759 0.00375808
0.00371389 0.00371389 0.00393708
0.0035476 0.0035476 0.00376117
0.00362372 0.00362372 0.00384354
0.00359092 0.00359092 0.00380169
0.00361497 0.00361497 0.00383034
0.00371369 0.00371369 0.00391785
0.00362433 0.00362433 0.0038486
0.00368676 0.00368676 0.0039068
0.00374643 0.00374643 0.00395564
0.00370579 0.00370579 0.00392025
0.00377605 0.00377605 0.00401552
0.0037375 0.0037375 0.00395673
0.0032514 0.00376862 0.00398907
0.00364035 0.00364035 0.00386677
0.00368799 0.00368799 0.00390793
0.00359051 0.00359051 0.0038276
0.00367611 0.00367611 0.00389924
0.00365512 0.00365512 0.00387602
0.00349895 0.00349895 0.00372307
0.00367609 0.00367609 0.00389353
0.00360749 0.00360749 0.00382703
0.00363606 0.00363606 0.00386445
0.00362554 0.00362554 0.00385933
0.00368273 0.00368273 0.00389099
0.00363491 0.00363491 0.00385286
0.00371771 0.00371771 0.00399577
0.0036782 0.0036782 0.00394892
0.00373535 0.00373535 0.00399284
0.00365889 0.00365889 0.00392768
0.00369314 0.00369314 0.00396271
0.00370228 0.00370228 0.00397831
0.00373368 0.00373368 0.00401458
0.00365412 0.00365412 0.00394142
0.00369792 0.00369792 0.0039812
0.00384169 0.00384169 0.00406618
0.0037821 0.0037821 0.0040022
0.00378892 0.00378892 0.00403302
0.00377757 0.00377757 0.00402075
0.00381203 0.00381203 0.00406996
0.00373802 0.00373802 0.00399976
0.00383243 0.00383243 0.00407258
0.00377932 0.00377932 0.00403038
0.00380262 0.00380262 0.00404598
0.00381 0.00381 0.0040532
0.00389363 0.00389363 0.00416529
0.00371702 0.00371702 0.00396519
0.00374936 0.00374936 0.00398977
0.00384784 0.00384784 0.00412109
0.00377476 0.00377476 0.00404207
0.003802 0.003802 0.00406777
0.00386015 0.00386015 0.00411569
0.00376013 0.00376013 0.00402957
0.00376658 0.00376658 0.00402893
0.00385353 0.00385353 0.00408414
0.0037777 0.0037777 0.00401339
0.0038042 0.0038042 0.00403933
0.00376427 0.00376427 0.00399173
0.00379747 0.00379747 0.00400833
0.00373942 0.00373942 0.00395834
0.00367591 0.00367591 0.0039783
0.00362721 0.00362721 0.00385412
0.0035642 0.0035642 0.00380753
0.00365145 0.00365145 0.00392255
0.00361493 0.00361493 0.00384459
0.00361257 0.00361257 0.00386625
0.00361249 0.00361249 0.00382843
0.00357921 0.00357921 0.00384954
0.00366287 0.00366287 0.00390006
0.00368387 0.00368387 0.00395127
0.00369789 0.00369789 0.00397464
0.00364717 0.00364717 0.00392629
0.00363344 0.00363344 0.0039049
0.00367886 0.00367886 0.00394322
0.00355547 0.00355547 0.00382223
0.00363314 0.00363314 0.00393878
0.00357104 0.00357104 0.00386842
0.00366067 0.00366067 0.00395777
0.00366848 0.00366848 0.00396361
0.00361335 0.00361335 0.00387574
0.00366978 0.00366978 0.00393672
0.00354306 0.00354306 0.00381418
0.00356768 0.00356768 0.00384644
0.0034646 0.0034646 0.00373335
0.00364047 0.00364047 0.00393322
0.00358657 0.00358657 0.00387966
0.00350779 0.00350779 0.00383138
