-nan -nan -nan
-nan -nan nan
-nan -nan -nan
0.210411064886 -nan -nan
0.22684982788 0.122722399399 -nan
0.239451051742 0.128723816644 -0.0015596678788
0.14535498938 0.133563455382 -0.00120661901674
0.150704863633 5.68215631701 -0.000911947162749
0.155282840632 5.81708662791 4.89729232962
1.60054497822 5.93475204695 4.99678891606
1.62894423842 4.9417537675 5.08485082354
1.65438178755 5.01159891383 3.86876449268
1.33722130928 5.07477801119 3.92222962747
1.35393360973 4.29123521637 3.97099165646
1.36928271335 4.33600017555 3.20954308198
1.15104664362 4.37736158553 3.24260171086
1.16201442871 3.77234553133 3.27330680314
1.17224815813 3.80316925188 2.75091447447
1.01169566877 3.83204670405 2.77328694535
1.01942145633 3.35945941879 2.79432249114
1.02670907767 3.38183920328 2.41135066004
0.904276896364 3.40301127717 2.42744132643
0.909964740817 3.02697117518 2.44270386634
0.915372814998 3.0438943667 2.14936771623
0.817963492169 3.06002047256 2.16147141416
0.822354630709 3.14255518732 2.17302824851
0.826555141866 3.15684663821 1.94114359419
1.05689514237 3.1705410714 1.95054488156
1.06152469049 4.14594695078 1.95956771864
1.06597441944 4.16188083979 1.84498183699
0.977447986704 4.17721683781 1.85255988284
0.981219715518 3.86957025517 1.85986291604
0.984858921025 3.88279257384 1.70142186364
0.909442347911 3.89556464785 1.70762963352
0.912571351772 3.62556785067 1.71363234732
0.915600004422 3.63669159232 1.57933958112
0.854675087661 3.64746867006 1.5845117764
0.857368890176 3.41005394371 1.58952721869
0.859983239087 3.41953147574 1.47376477387
0.802068572083 3.42873676466 1.47815075376
0.804367291766 3.2190533222 1.482413952
0.806603258381 3.22722443512 1.48146024725
0.971041271494 3.2351778894 1.48534386001
0.97347304414 3.07985443708 1.48912647131
0.975843036305 3.08688763999 1.54834018751
0.920337362917 3.09374620159 1.55192914891
0.922457572135 3.13268325836 1.5554309644
0.924527413818 3.13906852231 1.5709928696
0.901548490533 3.14530531405 1.57424790541
0.903556558523 2.99333622509 1.57742882577
0.905519834285 2.99895039505 1.49647128159
0.858039418393 3.00444183289 1.49935223044
0.859815731472 2.86666612945 1.5021714307
0.861554702885 2.87169268812 1.42902273217
0.819813968405 2.87661556909 1.4315960625
0.821393940372 2.74955952451 1.43411729706
0.822942507611 2.7540788935 1.36744831776
0.783908719727 2.75851003508 1.36976302205
0.785325019791 2.64225758848 1.37203333099
0.786714623902 2.64635055642 1.31077371507
1.0468856453 2.65036768341 1.31286188918
1.04859536151 2.57886401524 1.3149120154
1.05027443655 2.58255803141 1.34278114467
1.03740887678 2.58618691283 1.34474077164
1.03897307046 2.51276522583 1.34666639449
1.04051054632 2.51611067895 1.32181077138
0.9989169103 2.51939986909 1.32359775296
1.00034292699 2.45964142634 1.3253551376
1.00174567838 2.46268904934 1.27544075398
0.963271426491 2.46568768332 1.27707827716
0.964576469011 2.38071436308 1.27868986026
0.965861134293 2.38351753933 1.23222650651
0.929639287738 2.3862775641 1.23373171484
0.930840389987 2.30718670941 1.23521407497
0.932023510638 2.30978087141 1.19189436979
0.899802336599 2.31233672277 1.19328678245
0.900907342353 2.33550934829 1.19465890694
0.901996460123 2.33795661102 1.21535541153
0.871889787623 2.34036914503 1.21667760705
0.872926775749 2.29401825954 1.21798128088
0.873949421982 2.29627937209 1.21110394527
0.844499946307 2.29850960503 1.21233837046
0.845472553042 2.23613883938 1.21355614624
0.846432202271 2.23823248948 1.18801650584
0.818840877327 2.24029858443 1.18916031799
0.819744334336 2.18585412487 1.19028925605
0.820636181626 2.18779663027 1.20915959883
0.79371525603 2.18971446536 1.21025209226
0.794558768677 2.13056289667 1.21133087094
0.795391813056 2.13238493068 1.17777714674
0.770108349678 2.1341846079 1.17879832912
0.770897167813 2.07789599844 1.17980712123
0.771676520695 2.07960591878 1.14783019707
0.74882804512 2.08129554542 1.14878990757
0.749565804867 2.02785826642 1.1497383511
0.750294995948 2.02946943273 1.11933470137
0.728359619684 2.03106208423 1.12023905797
0.729051396689 1.98002596188 1.12113313093
0.729735388869 1.98154615843 1.0921311271
0.709178742914 1.98304942314 1.09298492417
0.70982848727 2.23575454225 1.0938293083
0.710471140347 2.23739804293 1.08461399753
0.689674948351 2.2390237851 1.0854198259
0.690290607948 2.18677305216 1.0862170329
0.690899745068 2.18832299251 1.06789293116
0.670983273139 2.18985667115 1.06865117183
0.671567874613 2.1432751548 1.06940153338
0.672146458952 2.1447360918 1.13106265554
0.653808906578 2.14618213317 1.13182642587
0.654361303398 2.0978556765 1.13258248138
0.654908171976 2.09924099481 1.10710469625
0.637646021638 2.10061257604 1.10782875003
0.638168590269 2.05463432126 1.10854568903
0.638686070113 2.05594850206 1.08400335335
0.639198555602 2.01143835365 1.08469182641
0.62304851275 2.01270275155 1.08537371346
0.623538679808 2.01395515993 1.06200563136
0.624024239237 1.97110821216 1.06265998628
0.624505273616 1.9298805441 1.06330824311
0.624981863353 1.91215872707 1.0639505102
0.625454086765 1.87402157466 1.06458689309
0.625922020147 1.85565526207 1.0652174946
0.626385737839 1.82837574482 1.06584241493
0.626845312295 1.80877781159 1.06646175169
0.627300814145 1.79856104307 1.06707560009
0.627752312252 1.77167849128 1.06768405292
0.628199873775 1.74670600203 1.06828720069
0.628643564219 1.71795114129 1.06888513167
0.629083447493 1.68959313634 1.06947793199
0.629519585959 1.66364093546 1.0700656857
0.613713631706 1.66449872352 1.0706484748
0.614138319847 1.66534932221 1.04781119874
0.614559475914 1.64029089097 1.04837305099
0.614977156007 1.61876087263 1.04893026603
0.615391414918 1.61929177719 1.04948291697
0.615802306174 1.59675564562 1.05003107523
0.616209882074 1.57653322369 1.05057481056
0.616614193723 1.55500434849 1.05111419114
0.617015291072 1.53995269316 1.05164928363
0.617413222952 1.52078408065 1.05218015314
0.617808037102 1.51027629431 1.05270686339
0.618199780208 1.49467714593 1.05322947664
0.618588497928 1.47678808851 1.05374805382
0.618974234925 1.46224927916 1.05426265449
0.619357034894 1.44333682569 1.05477333696
0.619736940588 1.42498228398 1.05528015827
0.620113993851 1.41327889171 1.05578317422
0.620488235634 1.3954407865 1.05628243946
0.606466144077 1.39602854043 1.05677800747
0.606833805812 1.39661197148 1.05097340334
0.607198781709 1.38145808208 1.0514521395
0.607561109297 1.36950073407 1.05192740188
0.607920825337 1.35419342805 1.05239923872
0.608277965842 1.3383326767 1.05286769725
0.608632566093 1.32725396374 1.05333282375
0.608984660663 1.31198866717 1.05379466356
0.609334283434 1.29990669454 1.05425326113
0.609681467613 1.28576863028 1.05470866002
0.610026245754 1.281621854 1.05516090293
0.610368649772 1.27235602936 1.05561003172
0.61070871096 1.26797258862 1.05605608743
0.611046460005 1.25620965314 1.05649911033
0.611381927003 1.24368647518 1.05693913988
0.611715141475 1.23705670282 1.05737621481
0.612046132381 1.22472788183 1.0578103731
0.612374928133 1.21195290231 1.05824165203
0.612701556611 1.20238456863 1.05867008816
0.613026045173 1.19089976719 1.05909571738
0.600180241193 1.19131379596 1.05951857491
0.600492813851 1.19172514477 1.04038768727
0.600803375322 1.18435777445 1.04079520517
0.601111950394 1.17278924645 1.04120011652
0.601418563409 1.16139319226 1.04160245326
0.601723238267 1.15052881317 1.04200224677
0.602025998444 1.14463367591 1.04239952783
0.602326866994 1.13427053626 1.0427943267
0.602625866565 1.12545356296 1.0431866731
0.602923019407 1.11621917778 1.04357659624
0.603218347378 1.10627818871 1.04396412478
0.603511871959 1.09752970585 1.04434928692
0.603803614256 1.08739096327 1.04473211034
0.604093595013 1.07875424935 1.04511262229
0.60438183462 1.07690923263 1.0454908495
0.604668353118 1.07175869282 1.04586681827
0.60495317021 1.06551191817 1.04624055447
0.605236305267 1.05638755432 1.0466120835
0.605517777335 1.05097050919 1.04698143037
0.605797605144 1.04341389242 1.04734861964
0.606075807113 1.04372637309 1.02658496518
0.606352401358 1.03887076322 1.0269410438
0.590624675764 1.03917671362 1.02729507563
0.590894047118 1.03279120397 1.02764708323
0.591161886432 1.0238188402 1.0279970888
0.59142821042 1.02411592257 1.01000933542
0.591693035528 1.01660465594 1.01034761181
0.591956377937 1.00795191207 1.01068399427
0.592218253573 1.00824000546 0.995046115194
0.592478678111 1.0001792831 0.995371298335
0.592737666978 0.992277435464 0.995694688803
0.59299523536 0.992556728647 0.977313883813
0.593251398206 0.984938034269 0.977627879189
0.593506170236 0.977466687547 0.97794016975
0.593759565939 0.977737356359 0.960341985758
0.594011599586 0.970210400243 0.960645183536
0.594262285227 0.962874787831 0.960946759657
0.594511636701 0.955650226527 0.961246730767
0.594759667636 0.955909488197 0.944144089344
0.595006391457 0.948776296191 0.944435649154
0.595251821386 0.941759480042 0.944725679941
0.59549597045 0.942011063889 0.928256229434
0.595738851481 0.935021984177 0.928538202689
0.595980477125 0.928204970062 0.928818718499
0.596220859838 0.928449229668 0.912874540528
0.596460011897 0.921820190927 0.913147430129
0.596697945399 0.915111070609 0.91341892927
0.583319843093 0.915348284019 0.913689051556
0.583550002033 0.908821262272 0.913957810395
0.583779004667 0.909054473532 0.898537688426
0.584006862151 0.902628088148 0.898799274486
0.584233585482 0.896275148626 0.899059558512
0.584459185504 0.896501765463 0.887088970477
0.584683672906 0.889352357404 0.887341684987
0.584907058228 0.883220988832 0.887593158842
0.585129351862 0.88344203816 0.873303758597
0.585350564059 0.877390867798 0.873548637935
0.585570704924 0.871169184062 0.873792331322
0.585789784425 0.871384196643 0.859761140792
0.586007812394 0.864844400108 0.859998719923
0.586224798527 0.858904577614 0.860235163795
0.58644075239 0.859114050712 0.84653889134
0.586655683419 0.853578645846 0.8467695997
0.586869600922 0.847954155085 0.846999220135
0.587082514085 0.842129095119 0.847227762504
0.587294431967 0.842330645536 0.834076703864
0.587505363511 0.836572505321 0.834299636107
0.587715317539 0.830818444894 0.83452153522
0.587924302758 0.831014818081 0.822166773687
0.588132327759 0.82574968808 0.822383074841
0.588339401023 0.820759554439 0.822598386394
0.588545530919 0.820950683908 0.810023813714
0.588750725708 0.815813184417 0.810234189751
0.588954993545 0.812112920686 0.81044361543
0.58915834248 0.809528020664 0.810652099004
0.589360780459 0.809711880643 0.798424680543
0.577013274757 0.809894920391 0.798628449323
0.577209409336 0.804935153651 0.798831312814
0.577404676131 0.799721733587 0.799033278748
0.577599082524 0.794869099173 0.799234354762
0.577792635803 0.79504564847 0.787179707009
0.577985343169 0.790096591263 0.787376566538
0.578177211729 0.785254990392 0.787572569189
0.578368248505 0.785427162032 0.776181813704
0.578558460432 0.780721747234 0.776373346753
0.578747854357 0.775964316593 0.77656405612
0.578936437048 0.776132247968 0.765367876225
0.579124215186 0.771460842281 0.765554375689
0.579311195374 0.766728627959 0.765740082636
0.579497384132 0.76219492569 0.765925003543
0.579682787906 0.762357156051 0.759036620686
0.57986741306 0.757672188997 0.75921710127
0.580051265884 0.757832169625 0.748713836151
0.580234352594 0.753218093278 0.748890381626
0.58041667933 0.748803507565 0.749066194279
0.580598252161 0.748959726527 0.739808038806
0.580779077085 0.743653149064 0.739979787824
0.580959160028 0.739316385485 0.740150832103
0.581138506848 0.739469419989 0.730568256678
0.581317123335 0.736753593686 0.730735524049
0.58149501521 0.731624971107 0.73090211285
0.58167218813 0.727646184143 0.731068028377
0.581848647686 0.727794489347 0.721262014403
0.582024399405 0.725399786204 0.721424521354
0.582199448751 0.720357413603 0.721586378864
0.582373801125 0.720502676059 0.715884731375
0.582547461868 0.716479642036 0.716042977291
0.58272043626 0.712482276582 0.71620059778
0.582892729521 0.712624245616 0.706936196992
0.570200366786 0.712765657655 0.707090629552
0.570367595765 0.708754619029 0.707244458424
0.570534173405 0.704862174617 0.70739768815
0.570700104591 0.705000430106 0.699365129238
0.570865394152 0.701133675215 0.699515047688
0.571030046863 0.697306349216 0.699664388511
0.571194067447 0.6974415442 0.690549902895
0.571357460576 0.693663299144 0.690696525366
0.571520230871 0.689911010236 0.69084258893
0.571682382903 0.690043243696 0.685378136196
0.571843921192 0.686374152793 0.685521091405
0.572004850211 0.682702567932 0.685663507433
0.572165174383 0.682831930048 0.67840855332
0.572324898087 0.678791922833 0.67854798859
0.572484025652 0.674487417891 0.678686903443
0.572642561362 0.674614279972 0.670576980178
0.572800509456 0.671182184407 0.670713215992
0.572957874128 0.667653853473 0.670848948584
0.573114659526 0.667778004825 0.664748345836
0.573270869759 0.664264323862 0.664881274591
0.573426508888 0.6643869388 0.657042019913
0.573581580935 0.660942262085 0.65717248228
0.573736089879 0.657535649342 0.657302470907
0.573890039657 0.654186018948 0.657431989108
0.574043434167 0.654305026097 0.649945712684
0.574196277267 0.650964111881 0.650072794411
0.574348572773 0.647612470421 0.650199420841
0.574500324465 0.64772902831 0.645322075173
0.574651536083 0.644441557388 0.645446189904
0.574802211329 0.644556712602 0.63788864396
0.574952353868 0.641326815109 0.638010650634
0.575101967328 0.63811952694 0.638132227376
0.575251055299 0.63823234097 0.634134033548
0.575399621339 0.635110314971 0.634253280545
0.575547668966 0.630999812425 0.634372111437
0.575695201665 0.631110676984 0.626919723843
0.575842222887 0.628928615331 0.627036869488
0.561982148387 0.629038124232 0.627153610312
0.562125423476 0.625909103536 0.627269949012
0.562268206622 0.626017337302 0.621624441064
0.562410501078 0.622983787026 0.62173857728
0.562552310067 0.619959869499 0.621852324098
0.56269363678 0.620065965272 0.61620476979
0.562834484379 0.616976471193 0.616316393544
0.562974855992 0.614004904716 0.616427640072
0.563114754718 0.614108938133 0.609702950988
0.563254183629 0.611182941382 0.609812352944
0.563393145764 0.608265148593 0.609921388647
0.563531644135 0.60836716647 0.603356111496
0.563669681723 0.606997258869 0.603463345409
0.563807261485 0.604126093294 0.603570223662
0.563944386345 0.601306672936 0.603676748526
0.564081059203 0.601405902603 0.597414851189
0.564217282931 0.598641989279 0.597519579583
0.564353060372 0.595887199968 0.597623964873
0.564488394345 0.595984543836 0.591192416118
0.564623287642 0.593323720371 0.591295162334
0.564757743028 0.590510356208 0.591397575
0.564891763243 0.590605873526 0.585703199343
0.565025351003 0.589196614289 0.585803857373
0.565158508997 0.586528125547 0.585904191575
0.565291239891 0.583877444189 0.586004203959
0.565423546324 0.58397042718 0.580001379291
0.565555430915 0.581358063924 0.580099783196
0.565686896254 0.57874426033 0.580197874282
0.565817944913 0.578835534144 0.574662424734
0.565948579437 0.576155530381 0.574758879895
0.566078802348 0.573432548995 0.574855031139
0.566208616148 0.573522187215 0.569266409564
0.566338023315 0.57100228386 0.569361000637
0.566467026303 0.568495769952 0.569455296274
0.566595627548 0.56858378731 0.563875656507
0.566723829461 0.566153607841 0.56396845718
0.554904252414 0.566240691847 0.564060970522
