68.6669659283
67.9594908088
68.1400022348
68.0209124205
68.0935507952
68.0510942867
68.232585136
68.3608060378
67.9852667905
65.8364025951
61.7743761637
61.3895541853
61.3655834308
61.3212847288
61.2595654231
61.1986365732
61.1940012756
61.2293186036
61.3188178663
61.3552881519
61.3709328642
61.3822149215
61.3901511169
59.0411716148
56.75490541
56.121553264
54.860209286
54.7753948408
54.7739979945
54.6815875849
54.6957799525
54.7010837111
54.9079364031
54.966146384
55.0096492988
55.0312020139
53.1315873942
52.528220659
51.8064985098
50.809410966
50.5256330055
50.109702086
49.6448214268
49.6091673792
49.6296648501
49.6521236655
49.7253042735
49.7604139026
49.7923258529
48.7857504612
47.8834440588
47.3608883218
46.6669448206
45.965434669
45.5567542806
45.1837594607
45.1702731012
44.7943463307
44.3753039005
44.506189776
44.5546285088
44.6231377135
43.6888510865
43.0438063297
41.9655663528
41.826448719
41.6362744124
40.8308384604
39.988663733
39.933246086
39.5725948679
39.5104956538
39.0520000981
38.6618064403
38.6835878147
38.2406510805
37.800273854
37.4559702925
36.6544371037
36.5843216469
36.3221285027
35.9704904554
34.9395135386
34.6625063779
33.8914004231
33.8881931272
33.6287511093
33.6771388987
33.8697527614
33.4234010876
33.0594881912
32.6548878426
32.3059721122
31.9322627852
31.6373378891
31.5758375398
31.443734105
31.135533485
30.8494632376
30.6817753083
30.6130737423
30.5575048013
30.2884966706
30.059008351
29.9784532165
29.6873395269
29.6731658478
29.6868469706
29.6934788914
29.4331103883
29.4087791684
29.085119336
29.1333092975
29.1573356189
29.1393671821
29.1464578786
29.1466132664
28.8119138778
28.8036311666
28.3951270916
28.4263216019
28.4402373116
28.4329751734
28.2903573319
28.2853788841
28.3309353902
28.2113279755
28.0496103723
27.5073852206
27.538998292
27.5149008643
27.3782193597
27.4771677576
27.428257585
27.456587178
27.3871112063
27.3977936321
27.3738361723
27.3731014848
27.1042362486
27.0387621756
27.0185128497
26.9504772765
26.8931140336
26.9059736282
26.8535265749
26.7973561014
26.7630048568
26.5799748056
26.3065121863
26.2354974477
26.0989359835
26.049169595
26.0225105295
25.9614455134
25.8444384949
25.9065412295
25.9052607839
25.8545469369
25.8185044686
25.6661828968
25.6196280107
25.3793663177
25.1502717983
25.1471296801
25.1872552255
25.1843411114
25.2097488904
25.2888975458
24.9863801317
24.9946459454
24.7861854104
24.5952731274
24.6086940714
24.316763397
24.3631736707
24.2923662608
24.3062148471
23.8738168769
23.2740009041
22.7977002329
22.7811081768
22.4932847906
22.4204312547
22.3580773396
22.3686270266
22.2935402168
22.1880182594
22.0638728363
22.0604856924
21.9148150448
21.599017027
21.5282859318
21.4351639617
21.3120619137
21.179808738
21.1912964116
21.0702534806
21.0373261531
21.0492564915
21.0434348013
21.0647854379
21.079887932
20.8806867375
20.8809785488
20.8932916459
20.6278305661
20.5725085898
20.5142770669
20.515144398
20.5053626693
20.4147532702
20.2711699183
20.2644854191
20.1924125237
20.1716803323
20.1540475256
19.8583212258
19.7662057247
19.7402507183
19.6799320449
19.6505244302
19.5386124354
19.5460811272
19.5698908706
19.5364083574
19.464919534
19.4825119137
19.4747865673
19.4828441378
19.4365012527
19.317367222
19.3160739682
19.2445509359
19.1997809198
19.1454655152
19.1909223043
19.1492875987
19.1459962543
19.0727129184
19.1254345917
19.1304107152
19.1507868672
19.2053637283
19.2286794265
19.2254883634
19.1574093081
19.0986621977
18.7996903356
18.7309577288
18.679129087
18.6992900659
18.7943256002
18.7812114729
18.7784708185
18.792152852
18.8133668951
18.8499258001
18.867095294
18.9244329349
18.9130671271
18.9313568012
18.7191927828
18.738339998
18.6825865038
18.718588528
18.656774777
18.6526590448
18.6308745055
18.6410441345
18.6567458367
18.5781521051
18.5468403621
18.5313310026
18.3216168804
18.2580722596
18.2466366771
18.1945420155
18.198001203
18.1442732205
18.1417679769
18.0832209219
18.1165710565
18.0960767643
18.1221957276
18.0778929062
18.0594358469
18.0522146027
18.0619361868
18.0190681905
18.0202039893
18.0422096248
18.0273900185
18.0575423074
17.8808793364
17.8664876931
17.8467520862
17.8280797917
17.8150834446
17.8106760547
17.8144579596
17.793114819
17.7489037248
17.757370258
17.7748831334
17.785683046
17.8093996757
17.8015412682
17.8063438711
17.7839678039
17.8064139089
17.8022347732
17.7789954587
17.8217060266
17.8722108708
17.874811894
17.9330264663
17.9061114478
17.9610077453
17.9722928407
17.9649150396
17.9677381148
17.8255764303
17.8103524937
17.8229545783
17.8445314547
17.8379018583
17.840557114
17.8598046849
17.86406503
17.8638420426
17.8659032825
17.8900166394
17.919431589
17.8156332742
17.8145914241
17.7609577347
17.7524699382
17.7571746926
17.7556269305
17.7771696007
17.7010632946
17.7142970465
17.6764084135
17.6582922088
17.6608870624
17.6353232747
17.6547601319
17.6053350721
17.6243727567
17.5478578777
17.5333158314
17.5266062913
17.5111329711
17.4416739364
17.4199409761
17.4475244358
17.4571813933
17.4600349787
17.4351875869
17.3974934593
17.3276695275
17.1379306289
17.1390185357
17.1205208533
17.1188311146
17.1446460411
17.0767149483
17.0771622311
17.0571688274
16.9903062447
17.0727755677
17.0187812039
17.0513188608
17.0475701434
17.0654544411
17.0350822483
16.9968595805
17.0281102926
17.0241765992
17.02505296
17.0233342942
17.0442759211
17.0522739853
17.0594278462
17.0731943361
17.0740234789
17.0689895679
17.0613005576
17.0664769526
17.0717901598
17.0683823912
17.068981569
17.0300628239
17.0653474226
17.0538326246
17.0293972155
17.0305039223
17.0395775505
17.0284689237
16.9856618422
16.8917132387
16.8737074716
16.8917689247
16.8621092819
16.8463677622
16.7535226036
16.908439236
16.739353911
16.7468862506
16.7403830565
16.6810515647
16.7270725238
16.7219648781
16.6735230737
