-nan
0.797499217829
1.6963776334
1.42083578623
1.25621485468
1.10453389569
1.00750389404
0.912518300396
0.88461482554
1.73645387592
3.13793550842
2.94517186169
2.77021827134
2.6157077608
2.4785396061
2.35583973596
2.24453575842
2.14308414308
2.04992656933
1.96505969441
1.88737970128
1.81585245677
1.74977486112
1.90752272186
2.02670041005
1.98123428261
1.97592344961
1.92008261931
1.86655282153
1.8171225265
1.76915451192
1.72377845375
1.67934616306
1.63780986689
1.59839504274
1.56106465437
1.61521356598
1.5928515916
1.57543338562
1.56937598484
1.54181963318
1.51814848514
1.49660952572
1.46898785018
1.4419131661
1.41580260893
1.39023684601
1.36582520437
1.3422741819
1.34271732265
1.3393714446
1.32583915358
1.31681035236
1.30823756784
1.29371386289
1.27907398626
1.26066120893
1.24707294987
1.23461878473
1.21689312903
1.2000311026
1.18349453325
1.18401263151
1.17753925971
1.18195476888
1.16825536828
1.15542259238
1.15300253271
1.15141576204
1.1382297845
1.12841989336
1.11589512603
1.10795356013
1.09927758903
1.08705608903
1.07955563316
1.07220173486
1.06382237895
1.06272066257
1.05219640291
1.04347692046
1.0358940259
1.03984001919
1.03170508212
1.03043749674
1.02061304879
1.01278745516
1.0030895209
0.993104497572
0.987739305309
0.981571209298
0.975962191555
0.969886091066
0.964181706649
0.957834075867
0.949909753734
0.942557848467
0.936715413466
0.930788983112
0.924054267707
0.916822986838
0.909643025798
0.904033571594
0.898213377264
0.891513576034
0.886392714354
0.879564887288
0.872717201821
0.866004447481
0.861028896067
0.854657281481
0.850370808335
0.843871115482
0.837561234885
0.831528845086
0.825471425811
0.819531866345
0.815827378907
0.810087931523
0.807157643582
0.801401733169
0.795795502377
0.790358182955
0.785701490958
0.780401046061
0.774963293716
0.770382543987
0.76611332251
0.764971446015
0.759847042367
0.75502368663
0.7508373897
0.745663631982
0.741141098961
0.736342772274
0.732038049402
0.727428170036
0.723023718561
0.718574480599
0.715657060307
0.711602501722
0.707392923908
0.703453076131
0.69951217458
0.695316383363
0.691450454152
0.687648818028
0.683795204601
0.680740772489
0.678278676056
0.674717871549
0.671523314254
0.667949207896
0.664317084871
0.660876288087
0.657740104683
0.653893243934
0.650319572167
0.646990205749
0.643635607026
0.640864447676
0.637626412119
0.63540613136
0.633146706341
0.629832354113
0.626394837131
0.623149716903
0.619833761746
0.616370941414
0.614728484981
0.611570496944
0.609429585851
0.607218992634
0.604131990345
0.602538281354
0.599394385565
0.596722172684
0.593749338861
0.593147983767
0.593814159446
0.593521563384
0.590741772517
0.589260284546
0.586747214437
0.58421690508
0.581442058337
0.579012919246
0.576733597448
0.574556850608
0.571928568367
0.569891401226
0.568738484625
0.566423830799
0.56422022452
0.562161971886
0.560162460771
0.557638288493
0.555631432997
0.553302267935
0.550841443511
0.548460838639
0.546012546604
0.543605300707
0.542058990454
0.539738688691
0.537399515779
0.536221713457
0.534148610205
0.532104224767
0.529875562884
0.527700377236
0.525829888439
0.524185546448
0.522052632489
0.520162207931
0.518109854306
0.516064409686
0.515188414897
0.513432635087
0.511460276956
0.509620599825
0.507691433863
0.506069967002
0.504054691557
0.502006513783
0.500152396067
0.498441935583
0.496458325108
0.494566640113
0.492641720855
0.490903182504
0.489434611667
0.487580372101
0.485966884002
0.48427676925
0.482631162047
0.480698040968
0.479037569519
0.477271040391
0.475740507036
0.473842241151
0.472090570702
0.470307665575
0.468444611738
0.466679538178
0.46500321568
0.463541180567
0.462059750625
0.461522313207
0.460092203364
0.458618559116
0.456943176579
0.455088823139
0.453531754742
0.451955824681
0.450344868206
0.448724519078
0.447074348619
0.445487450697
0.443806249578
0.442321169543
0.440763815305
0.439978324208
0.438437920767
0.437123303381
0.435558842922
0.434281903863
0.432844980553
0.431467583081
0.430010918255
0.428549189232
0.427369745213
0.426056585254
0.424707505165
0.424002823274
0.422809077523
0.421473462555
0.420262211203
0.418903654716
0.417713755921
0.416388266676
0.415228645668
0.413827500201
0.412575932533
0.411210105292
0.410041349309
0.408808443396
0.407553313925
0.406261976658
0.405119973051
0.403866533285
0.402567927678
0.401372041657
0.400069121055
0.399377608649
0.398201908067
0.397047620283
0.395897684108
0.394739974581
0.393567193833
0.39238077612
0.391266158932
0.390219509866
0.389042347648
0.387850020834
0.386681183297
0.38548796066
0.384379494273
0.383246008092
0.38218784454
0.381024843077
0.379933428544
0.378896645272
0.377706351295
0.376505250015
0.375422952111
0.374218083559
0.373222234407
0.372037677157
0.370959647181
0.369932924181
0.368887285295
0.368240964081
0.36725024395
0.366198129124
0.365131036957
0.364136535401
0.363125387204
0.362081109593
0.361077524804
0.360090125545
0.359102815127
0.358070051716
0.357031003372
0.356331394414
0.355372596545
0.354548070749
0.353616998404
0.352660172239
0.35172303704
0.350738327871
0.349995731763
0.349039630321
0.348208998729
0.347335218099
0.346417987066
0.345571396646
0.344626011353
0.343846650411
0.342911700316
0.342209267013
0.341359308505
0.340495821571
0.339657000226
0.33895288991
0.338137055569
0.337215647739
0.336337712358
0.3354792952
0.334688094619
0.33393105526
0.333255687271
0.332907791617
0.33207324543
0.331286638731
0.330466543067
0.329591626768
0.328933273002
0.328120666261
0.327357341268
0.326707150586
0.325741228051
0.325067732029
0.32420759177
0.323427842856
0.322606034417
0.321892816711
0.321200928598
0.32036328787
0.319602912666
0.318835999101
0.318078328474
0.317277126412
0.316506455399
0.315741251919
0.314966046051
0.314221396568
0.313492659146
0.312773034729
0.312029924583
0.311290061625
0.310571822398
0.309848651586
0.309213449224
0.308427356811
0.307739574186
0.307082461905
0.306374914502
0.305654462945
0.304978758855
0.304373935804
0.303888251313
0.303235820218
0.302513190699
0.301891522082
0.301243521715
0.300768323706
0.299822349824
0.299539689934
0.298856034898
0.298203553821
0.297665431199
0.296917360143
0.296270884472
0.29571727982
