60.3121833324
60.4647451639
60.4647451639
60.3121833324
60.3121833324
60.3121833324
60.3121833324
60.3121833324
60.3121833324
60.3121833324
58.9081606895
58.3264529943
58.0064528227
57.1121830463
57.1121830463
57.1121830463
57.1121830463
57.1121830463
57.1121830463
57.1121830463
57.1121830463
57.1630369902
57.2647448778
57.3618591309
57.5144209623
57.5144209623
57.5298410654
57.5298410654
57.6778092146
57.6778092146
57.6778092146
57.6778092146
57.6778092146
57.744083333
55.373284401
55.1932706371
55.1269965187
55.1932706371
55.1932706371
55.1932706371
54.8646270514
54.8646270514
54.9154809475
54.9154809475
54.9154809475
54.9154809475
54.8452744126
54.7750678778
54.8452744126
54.7750678778
54.7750678778
54.0030633688
53.8276434079
53.8939175263
53.8115622297
53.8115622297
53.718380186
53.6053018242
53.6053018242
53.542533052
53.542533052
52.4471399799
52.2483174101
52.2561823979
52.0882002607
52.0722361088
52.0882002607
51.0584205195
50.9682001874
50.9180069283
50.902586706
50.7346045569
50.7346045569
50.5314992726
50.4065059721
50.4882000268
50.5469193518
50.5469193518
49.8024835184
49.42002552
48.7835311994
49.0960928708
49.0960928708
49.0407626688
48.0778006166
47.6166093588
47.6166093588
47.6091713816
47.6091713816
47.6091713816
47.6091713816
47.4836344361
47.249261719
46.2595084131
45.9395088047
45.9086681098
45.5881243646
45.5881243646
44.8049312472
44.8049312472
44.3703488171
44.3703488171
44.1006592065
43.9326770246
43.6167262733
43.6167262733
43.304164657
43.304164657
42.7081240356
42.2047213882
42.1584608197
42.1430406332
40.9576099306
40.5802777261
40.4985830784
40.4985830784
40.4985830784
40.4985830784
40.4985830784
40.3041910201
40.3041910201
39.9931333661
38.7550450265
38.7236608118
38.9070632309
38.3882407606
37.3264587045
37.5098611236
37.2756048441
37.2756048441
37.2756048441
36.9716432929
36.9716432929
36.9716432929
36.9716432929
36.9716432929
36.7642206848
35.9724306196
35.4085667282
35.4022099853
35.0407642424
35.0407642424
34.7429311275
34.2983647853
34.5597567797
34.5597567797
34.5597567797
34.5597567797
34.5443366259
33.2408756763
33.1589532673
33.1508836269
33.1508836269
33.1508836269
33.1825993508
32.1051103055
32.1051103055
32.1051103055
31.8742855698
31.8006474316
32.0114138126
32.0114138126
32.0431295365
32.2826632261
32.2915216684
32.2915216684
32.2915216684
32.2915216684
31.9366379112
31.9244985193
31.9366379112
31.9366379112
31.938565442
31.9458519578
31.8368575066
30.9667917579
30.9667917579
31.3013219744
31.3778905511
31.3646028876
31.3646028876
31.3778225332
31.3603241801
31.3391514987
31.1088281631
31.1596821308
31.1563185692
30.7377165973
30.7377165973
30.7377165973
30.897578603
29.4089791715
29.3997651309
29.3454651386
29.2912477791
29.2912477791
29.274679178
