1.07252 1.07132 1.07262
1.07544 1.07256 1.07364
1.06959 1.06955 1.07071
1.07243 1.07143 1.07247
1.07176 1.06757 1.06877
1.06815 1.06577 1.06732
1.07011 1.06583 1.06728
1.07473 1.07134 1.07252
1.07262 1.07025 1.07121
1.0738 1.06896 1.07183
1.07698 1.07498 1.07693
1.07434 1.07141 1.07237
1.07369 1.07201 1.07361
1.07626 1.07366 1.0736
1.07627 1.07361 1.0749
1.07536 1.07308 1.07409
1.07725 1.07416 1.07509
1.07592 1.07349 1.07448
1.07669 1.07377 1.07525
1.07827 1.07972 1.08058
1.0789 1.07692 1.07796
1.07635 1.07634 1.07772
1.0763 1.07449 1.07616
1.07406 1.0746 1.0753
1.07488 1.075 1.07594
1.07423 1.07403 1.07541
1.07608 1.07249 1.0722
1.08243 1.07236 1.07274
1.07884 1.09478 1.09159
1.11848 1.09807 1.09573
1.07908 1.09661 1.09453
1.08579 1.07424 1.07559
1.09665 1.07863 1.07496
1.09134 1.08067 1.07756
1.08669 1.10299 1.10048
1.09067 1.11098 1.10659
1.09907 1.11601 1.11008
1.08387 1.09724 1.09483
1.09281 1.10377 1.10166
1.09884 1.10657 1.10555
1.09107 1.09847 1.09457
1.09996 1.10616 1.10448
1.10715 1.11184 1.11013
1.11585 1.10651 1.10331
1.12408 1.11684 1.11279
1.11999 1.11708 1.11616
1.11814 1.1288 1.12626
1.14521 1.13639 1.13427
1.12679 1.13727 1.1358
1.12721 1.11862 1.11792
1.12706 1.12571 1.12373
1.13853 1.12823 1.12653
1.14806 1.15521 1.15665
1.14866 1.15923 1.1558
1.15736 1.16051 1.16208
1.14537 1.15156 1.15118
1.14977 1.15954 1.15663
1.1544 1.16187 1.15918
1.14435 1.14823 1.1466
1.1528 1.15498 1.15458
1.16229 1.15808 1.15847
1.17265 1.17749 1.17573
1.18348 1.18588 1.18635
1.18672 1.18727 1.18922
1.17245 1.17165 1.17196
1.18259 1.17933 1.18068
1.18716 1.18565 1.18451
1.20347 1.20387 1.20419
1.1973 1.1977 1.19847
1.20411 1.2052 1.20506
1.19246 1.19205 1.19116
1.19141 1.1913 1.19242
1.19437 1.19519 1.1955
1.18252 1.18341 1.18316
1.1813 1.18226 1.18178
1.18676 1.18882 1.18563
1.17558 1.1765 1.17652
1.17843 1.17716 1.17783
1.18151 1.18071 1.17936
1.17425 1.17314 1.17086
1.16737 1.16749 1.16789
1.18243 1.18412 1.18272
1.18922 1.18915 1.18968
1.19196 1.19357 1.19276
1.19796 1.19892 1.19765
1.19103 1.19004 1.19106
1.19062 1.19008 1.18953
1.19436 1.19391 1.19426
1.19688 1.19651 1.19486
1.20196 1.20051 1.19644
1.2057 1.20558 1.20371
1.20099 1.20079 1.20039
1.20637 1.20526 1.20394
1.21122 1.20981 1.21121
1.21093 1.21128 1.21166
1.20965 1.20769 1.20664
1.21152 1.21126 1.21332
1.20996 1.20978 1.20976
1.20935 1.21049 1.20816
1.22 1.22056 1.21841
1.2222 1.22085 1.22016
1.22888 1.22738 1.22457
1.23053 1.2313 1.23043
1.22936 1.2302 1.22994
1.23074 1.23016 1.22959
1.23863 1.23643 1.23739
1.23682 1.23655 1.23739
1.2367 1.23616 1.2374
1.24106 1.24174 1.24421
1.24147 1.24049 1.24148
1.2443 1.24502 1.24441
1.24768 1.24807 1.24662
1.24975 1.25156 1.25046
1.25251 1.25512 1.25281
1.25788 1.25837 1.25763
1.26392 1.26749 1.2641
1.26695 1.26669 1.26673
1.27144 1.27027 1.26933
1.27264 1.27449 1.27278
1.27098 1.26979 1.26983
1.26903 1.26863 1.26738
1.27066 1.27051 1.26902
1.27383 1.27531 1.27414
1.27659 1.27563 1.27488
1.28277 1.28216 1.28
1.28845 1.28966 1.28782
1.30193 1.29953 1.29938
1.31039 1.30955 1.30775
1.3186 1.31694 1.31444
1.32751 1.32584 1.32312
1.3341 1.33317 1.33085
1.33978 1.33834 1.33503
1.33689 1.33723 1.33478
1.34212 1.34237 1.3405
1.34848 1.35052 1.34789
1.35522 1.3563 1.35452
1.36402 1.36315 1.36052
1.36761 1.36757 1.36624
1.37349 1.37296 1.37234
1.38047 1.3807 1.37748
1.38445 1.38414 1.383
1.38769 1.38911 1.3856
1.39384 1.39459 1.39188
1.39756 1.39772 1.39534
1.39877 1.39883 1.39824
1.40342 1.40449 1.4019
1.40529 1.40804 1.4043
1.40992 1.40991 1.40789
1.41037 1.41061 1.40823
1.41398 1.41318 1.41205
1.41293 1.41289 1.41093
1.41696 1.41644 1.41391
1.41965 1.41923 1.41767
1.42586 1.42535 1.42332
1.43083 1.43097 1.42818
1.43674 1.43502 1.4337
1.43623 1.43809 1.43434
1.44098 1.44152 1.43842
1.44248 1.44463 1.44114
1.44653 1.4439 1.44302
1.44498 1.44528 1.44263
1.44999 1.44838 1.44729
1.45212 1.45126 1.44867
1.4533 1.45545 1.45137
1.45829 1.45991 1.45661
1.4613 1.46168 1.46129
1.46082 1.462 1.45847
1.46189 1.46413 1.46153
1.46656 1.4668 1.46513
1.4668 1.46969 1.4667
1.46657 1.46626 1.46562
1.46834 1.46637 1.46632
1.46857 1.46703 1.46567
1.46959 1.46839 1.46558
1.46897 1.47065 1.46713
1.46983 1.47262 1.4703
1.47132 1.47189 1.47081
1.50526 1.50573 1.503
1.48446 1.48457 1.483
1.53198 1.53242 1.53148
1.50558 1.50528 1.5042
1.55362 1.55324 1.55256
1.52747 1.52649 1.52451
1.57717 1.57803 1.57731
1.54798 1.54719 1.54726
1.59366 1.59235 1.5929
1.55585 1.5572 1.55572
1.60907 1.60948 1.60764
1.57942 1.57939 1.57863
1.58459 1.58589 1.58207
1.58517 1.58393 1.58296
1.59814 1.59769 1.5987
1.61078 1.61105 1.60973
1.62498 1.62369 1.62258
1.6421 1.64127 1.64011
1.46907 1.46849 1.47011
1.54361 1.54403 1.54154
