60.3121833324
60.3121833324
60.3121833324
60.3121833324
60.3121833324
60.3121833324
60.3121833324
60.3121833324
60.3121833324
59.7441387653
58.3624301434
57.315598917
57.2138909817
57.1121830463
57.1121830463
57.1121830463
57.1121830463
57.1121830463
57.1121830463
57.1121830463
57.1121830463
57.2647448778
57.2647448778
57.4173067093
57.5144209623
57.6115352154
57.6269553185
57.6269553185
57.6932293177
57.6932293177
57.6932293177
56.6715489864
56.1955987334
56.5344072342
55.4115626574
55.1932706371
55.2435806036
55.0286768079
55.0286768079
55.0949509263
54.9154809475
54.9154809475
54.9154809475
54.9154809475
54.8452744126
54.8452744126
54.8452744126
54.7750678778
54.7750678778
53.8939175263
53.8115622297
53.8939175263
53.8939175263
53.8115622297
53.8115622297
53.6162453651
52.7705288306
53.6162453651
52.6688208953
52.6379804626
52.6379804626
52.6379804626
52.53669938
52.53669938
52.3687172428
51.7572567567
51.6710861579
51.2651086405
51.2572432443
51.2572432443
51.2572432443
51.1246948704
51.0430002436
50.8082003117
50.8082003117
50.6131933272
50.5977733254
50.531499064
50.531499064
49.0810992569
48.2440803424
48.0469602451
48.0395220771
48.0395220771
47.7308928236
47.6091713816
47.5230004609
47.27320759
47.27320759
47.27320759
47.27320759
47.249261719
47.249261719
46.2908928186
45.2949145377
44.6645915806
44.6464353621
44.6464353621
44.220136863
44.0013009101
43.9903936192
43.8712949693
43.7741808385
43.8758886337
43.8758886337
43.8281243056
42.8527040392
42.1639931828
42.1532362998
41.334504807
41.334504807
41.0807788134
41.0807788134
40.4853505671
40.4853505671
40.4853505671
40.4853505671
40.2202538073
40.2202538073
39.2841572195
39.2841572195
38.8778743774
38.4595977753
38.1508221954
37.4361353666
37.4361353666
37.4234218746
37.1853108346
37.1853108346
37.1853108346
37.1814557821
37.1814557821
37.1814557821
36.9716432929
36.6556923985
36.7065462947
36.1695162982
36.4299105287
36.3892819852
34.8988085717
34.0253243774
33.4868874967
33.4868874967
33.4868874967
33.1742857039
33.1550104678
33.1550104678
33.1550104678
32.9743148446
32.9743148446
32.7606474429
32.5023710102
32.8926071942
32.8926071942
32.8926071942
32.9179661721
33.3082023352
33.1490253657
33.1607410997
32.0215576082
32.0157749891
