0.00331239 0.00314845 0.00283649
0.003646 0.00315079 0.00295139
0.00308736 0.0037004 0.00311384
0.00292989 0.00274782 0.00272826
0.00316811 0.00278145 0.00268203
0.00290968 0.00281691 0.00309001
0.00276221 0.00249345 0.00234363
0.0022708 0.00235009 0.00220618
0.0022135 0.00177121 0.00176023
0.00270551 0.00214813 0.00220862
0.00219883 0.00208323 0.00232996
0.00256783 0.00204502 0.0020769
0.00221534 0.00221229 0.0020993
0.00250781 0.00255392 0.00257962
0.00300623 0.00242545 0.00233458
0.00254321 0.00241328 0.00247122
0.00271856 0.00235074 0.0028372
0.00259517 0.00242506 0.00256952
0.00314343 0.0024852 0.00253702
0.00281991 0.00255705 0.00261819
0.00286988 0.00251962 0.00248267
0.00282421 0.00222485 0.00220392
0.00312475 0.00268596 0.0026318
0.00279424 0.00218571 0.00243604
0.001768 0.0024418 0.0024183
0.00192229 0.00200712 0.00207556
0.00269355 0.00214609 0.00205161
0.00205668 0.00194606 0.00209686
0.00246305 0.0023617 0.00219297
0.00222244 0.00218048 0.00214666
0.0027964 0.00219082 0.00233106
0.00253611 0.00253851 0.0022674
0.00207487 0.00222142 0.00222688
0.00270866 0.00202844 0.0021536
0.00257158 0.00248866 0.00221212
0.0029843 0.00210166 0.00240851
0.00201014 0.00208153 0.00206186
0.00235724 0.0022819 0.00219042
0.00204272 0.00220838 0.00219789
0.00230033 0.00217025 0.00233866
0.00293582 0.00270385 0.0026218
0.00238943 0.00237189 0.00219068
0.00228786 0.00226503 0.00226873
0.00238061 0.00241421 0.00240495
0.0032378 0.00232882 0.0023558
0.00241978 0.00220823 0.00228679
0.0032265 0.00278182 0.00267268
0.00246001 0.00235941 0.00240444
0.00217182 0.0021617 0.00211478
0.00261124 0.00222306 0.00222772
0.00238856 0.00211083 0.00209992
0.00226897 0.00209301 0.00207503
0.00241051 0.00241648 0.00241162
0.00220634 0.00220251 0.00220322
0.00220118 0.00195721 0.00203238
0.00203297 0.00270213 0.00191668
0.00258885 0.00219863 0.00195349
0.00225554 0.00188223 0.00185087
0.00235809 0.00207714 0.00199494
0.00245921 0.00211201 0.00202824
0.00211561 0.00191976 0.0019305
0.0021993 0.0020835 0.00223303
0.00217461 0.00235385 0.00216381
0.00239346 0.00222297 0.00219418
0.00225077 0.0020485 0.00212958
0.00281726 0.00237906 0.00231582
0.00270848 0.00219654 0.00227639
0.00273113 0.00239116 0.00239728
0.00241445 0.00233307 0.0023038
0.0025624 0.00235514 0.00235021
0.00229138 0.00222604 0.00223631
0.00232628 0.00210986 0.00204448
0.00241835 0.00234401 0.00233703
0.00249143 0.00265956 0.00251674
0.00275464 0.00276569 0.0026624
0.00254355 0.00262074 0.00258762
0.00229498 0.0025128 0.00260195
0.0025529 0.00251398 0.00258434
0.00244306 0.00248903 0.00248516
0.00225531 0.0025627 0.00261373
0.00241098 0.00258271 0.00264026
0.00275898 0.00259372 0.00267381
0.002394 0.00276164 0.00280496
0.0026269 0.00257675 0.00258798
0.00246801 0.00261817 0.00251395
0.00230211 0.00249978 0.0024141
0.00221597 0.00220503 0.00233831
0.00206808 0.00214959 0.00219913
0.00229716 0.00212617 0.00230781
0.00181493 0.00196712 0.00202479
0.00187174 0.00201586 0.00201446
0.00222471 0.00232784 0.0022191
0.00193154 0.00211102 0.0021838
0.0020014 0.00199241 0.00215627
0.00242114 0.002199 0.00210431
0.00201529 0.00211152 0.00209282
0.00243004 0.00213897 0.00231983
0.00246625 0.00221355 0.00238842
0.00215776 0.00217331 0.0023013
0.00216481 0.00218126 0.00222512
0.00222604 0.0024384 0.00236133
0.00214711 0.0023735 0.00234068
0.00239816 0.00241881 0.00235628
0.00217119 0.00260403 0.00238055
0.00273968 0.00274965 0.00262503
0.00269929 0.00244759 0.002499
0.00265923 0.00265341 0.00268625
0.00273763 0.00265675 0.00268231
0.00251024 0.00262039 0.00267186
0.00259583 0.00258142 0.0024915
0.00246991 0.00243118 0.00248194
0.00233668 0.002381 0.00239386
0.00237598 0.0025048 0.00242345
0.00256958 0.00260397 0.00234343
0.00256814 0.00237851 0.00248409
0.00217818 0.0020851 0.00209555
0.00228599 0.00233297 0.00241128
0.00230997 0.00215929 0.00223626
0.00235168 0.00246294 0.00227461
0.00218751 0.00211283 0.00230967
0.00238655 0.00233312 0.00236827
0.00219406 0.00200846 0.00210725
0.00192097 0.0021188 0.00196137
0.00179107 0.00203477 0.00200893
0.00224979 0.00197527 0.00217495
0.0021597 0.00224063 0.00218088
0.0020199 0.00198349 0.0020451
0.00224888 0.00232724 0.00226444
0.00234789 0.00233674 0.00230731
0.00224142 0.00219746 0.00210438
0.00224917 0.00203979 0.00208662
0.00241193 0.00235764 0.00233043
0.00223897 0.00238409 0.00218533
0.00235343 0.00221326 0.00212166
0.00233501 0.00230369 0.00230516
0.00247338 0.00256264 0.00231548
0.00239347 0.00230576 0.0022933
0.00248285 0.00240169 0.00225266
0.00245412 0.00249933 0.00246137
0.00247046 0.00252496 0.00243741
0.00248279 0.00238783 0.00242236
0.00265833 0.00244836 0.00249938
0.00259967 0.00249094 0.00254424
0.0026454 0.00253912 0.00234883
0.00235257 0.00224575 0.00225196
0.00259293 0.00240128 0.00253178
0.00269234 0.00254193 0.00247805
0.00245889 0.00241508 0.00235481
0.00244242 0.00216985 0.00209119
0.00218815 0.00214779 0.00194524
0.00290988 0.00263913 0.00250022
0.00230932 0.00214842 0.00198001
0.00250619 0.00237631 0.00204624
0.00239027 0.00205271 0.00178146
0.00249444 0.00232141 0.00208141
0.00245828 0.00256011 0.00211742
0.00201997 0.00206385 0.00216317
0.00160354 0.00164775 0.00153914
0.00215911 0.00228225 0.00181526
0.00258573 0.00255244 0.0023257
0.00245281 0.00239086 0.00213917
0.00232419 0.00220955 0.00212374
0.00208121 0.00205196 0.00211011
0.00217323 0.00224779 0.00249674
0.00233867 0.00209918 0.00198905
0.00197369 0.00234002 0.00205133
0.00241528 0.0023898 0.00206713
0.00211676 0.00204314 0.00183986
0.00208864 0.00204128 0.00190917
0.00255835 0.00236318 0.00188984
0.00223987 0.00214129 0.00226575
0.00277465 0.00235766 0.00197146
0.00266647 0.00263331 0.0024835
0.00298058 0.00321028 0.00190053
0.00204437 0.00211022 0.00175547
0.00184355 0.00201575 0.00187299
0.00198857 0.00197012 0.00190891
0.00172972 0.00217274 0.00154164
0.00200504 0.00183554 0.0017435
0.00213171 0.00192067 0.00208727
0.00142119 0.00156952 0.00197008
0.0017517 0.00241486 0.00191196
0.00205873 0.00185052 0.00191306
0.00185301 0.00180114 0.0019268
0.00196031 0.00181353 0.00169562
0.00174015 0.00170787 0.00183412
0.00182188 0.00154577 0.0016049
0.00206236 0.00220484 0.00193142
0.00202806 0.00233574 0.00207937
0.00180487 0.00189574 0.00178973
0.00190939 0.00161126 0.00200655
0.00192437 0.00207856 0.00249456
0.00207592 0.0019189 0.00223851
0.00223812 0.00198184 0.00173917
0.00243408 0.00233097 0.00188286
0.00222618 0.00223804 0.00197007
0.00248772 0.00218151 0.0016638
0.00178532 0.00185621 0.00160301
0.00176789 0.00161216 0.00142722
0.00244217 0.00232148 0.00215496
0.00174132 0.00159828 0.0018344
0.00238318 0.00167553 0.00172571
0.00194431 0.00206493 0.00185506
0.00167974 0.00159466 0.00172764
0.00238177 0.00226482 0.00194145
0.00166277 0.00123413 0.00243546
0.00181539 0.00152753 0.00118579
0.00203197 0.00206592 0.00203242
0.00185487 0.00199832 0.00197834
0.00236302 0.00227752 0.00211111
0.00252925 0.00186723 0.00192919
0.00158258 0.00184257 0.00135532
0.00212182 0.00199666 0.0019147
0.00163646 0.00172319 0.00152246
0.00209492 0.0014505 0.00200428
0.00222644 0.00266184 0.00165244
0.00203678 0.00238455 0.00182862
0.00154933 0.0021004 0.00204748
0.00181419 0.00201566 0.00173269
0.0017853 0.00221671 0.00180682
0.00208339 0.00222595 0.00201908
0.00222097 0.00223844 0.00228703
0.00173907 0.00186007 0.00167644
0.0020583 0.00225049 0.00193345
0.00214319 0.00161464 0.0018196
0.00257492 0.00229524 0.00218613
0.00219708 0.00221003 0.00211183
0.00212162 0.00144975 0.00180953
0.00221996 0.00242509 0.00211119
0.0021267 0.00211262 0.00194003
0.00177704 0.00201322 0.00211693
0.00225158 0.00231592 0.00178196
0.0015529 0.00210281 0.00245677
0.00205184 0.00200112 0.00237739
0.00229347 0.00131954 0.00226784
0.00195617 0.00210923 0.00200464
0.00115294 0.00233882 0.00210337
0.00139456 0.00183726 0.00234465
0.00230719 0.00219868 0.00221672
0.00170938 0.00175057 0.00208724
0.00196573 0.00176014 0.00177449
0.00162695 0.00199016 0.00170189
0.00212921 0.00206438 0.00208047
0.00245201 0.00223923 0.00194767
0.00188097 0.00186022 0.00190714
0.00186207 0.00179008 0.00184053
0.00158749 0.00153454 0.00206815
0.00175199 0.00182239 0.00189915
0.00207187 0.0020676 0.00186525
0.00188849 0.00182672 0.0016749
0.00167773 0.00185553 0.00181656
0.00149251 0.00189368 0.00175401
0.00198002 0.00184366 0.00202026
0.00170618 0.00197619 0.00189545
0.00200755 0.00224536 0.00140361
0.00192004 0.00221861 0.00180313
0.00212555 0.00212179 0.00174864
0.0022084 0.0023047 0.00222601
0.00206072 0.00137433 0.00149374
0.00212094 0.00212008 0.00160129
0.00186442 0.00262991 0.0017716
0.00204545 0.00194116 0.00221417
0.00163155 0.00144584 0.00202123
0.00200219 0.0019417 0.00188439
0.00178493 0.00200567 0.00181007
0.00181174 0.0013325 0.00181984
0.00173448 0.00204751 0.00174062
0.00208777 0.00201192 0.00206957
0.00195412 0.00187656 0.00182585
0.0024674 0.00214334 0.00195057
0.00186048 0.00222368 0.00147389
0.00171427 0.00150515 0.00142264
0.00197067 0.00193102 0.00187343
0.00229935 0.00226889 0.00232139
0.00303428 0.00163296 0.0021409
0.00217557 0.00217289 0.00166855
0.00185221 0.00207471 0.00184257
0.0020214 0.00239394 0.00187465
0.0019766 0.00199498 0.00200248
0.0023055 0.00225773 0.00238907
0.00226369 0.00182941 0.00220411
0.00184608 0.00206591 0.00194884
0.00205272 0.0020306 0.00198982
0.00216577 0.00196404 0.00196566
0.00200777 0.00154734 0.00274738
0.00214701 0.0019945 0.0022679
0.00229584 0.00203668 0.0023481
0.00234974 0.00221612 0.00184337
0.00190257 0.00200336 0.00215839
0.00217848 0.00215005 0.00222342
0.00198715 0.00221504 0.00193502
0.00263388 0.00183511 0.00224532
0.00227802 0.00220493 0.00187651
0.00187491 0.00143508 0.00166273
0.0019515 0.00196335 0.00187456
0.00205443 0.0019003 0.00185439
0.00201973 0.00209709 0.00210885
0.00207257 0.00189954 0.00223732
0.0019401 0.00244136 0.00188226
0.00184388 0.00165236 0.00215044
0.00232236 0.00176324 0.00205562
0.00231448 0.00196313 0.00208975
0.00157246 0.0016576 0.00161057
0.00218052 0.00177725 0.0020622
0.00181759 0.00230573 0.00180384
0.00226828 0.00205495 0.00175099
0.00199789 0.00232632 0.0020654
0.00158275 0.00212643 0.00211137
0.00194622 0.00158123 0.00168927
0.00192276 0.00148108 0.00166011
0.00152514 0.00196021 0.00159094
0.00186869 0.00178599 0.00154514
0.00202538 0.00188866 0.00268905
0.00204711 0.00159271 0.00205665
0.00184587 0.00182741 0.00173593
0.00165039 0.00128391 0.00185472
0.00217273 0.00249929 0.00225918
0.00206767 0.0012927 0.00183802
0.00173486 0.00210972 0.0021738
0.00197804 0.00202111 0.00184192
0.00185267 0.0018664 0.00175219
0.00178637 0.00204153 0.00220662
0.00161739 0.00156306 0.00169663
0.00166027 0.00152041 0.00178205
0.00162689 0.00152463 0.00175248
0.00176485 0.00232222 0.00237148
0.00171244 0.00188952 0.0017978
0.00204701 0.000970356 0.00159838
0.00146581 0.00126087 0.00141665
0.00159066 0.00124458 0.00146229
0.00127296 0.00140842 0.00133027
0.00153213 0.00147274 0.00153568
0.00141311 0.00165624 0.0014788
0.00148989 0.00141761 0.00137302
0.00136366 0.00189103 0.00154284
0.000871132 0.0013375 0.00161874
0.000837324 0.00098569 0.00135935
0.00120337 0.00127333 0.00125182
0.00172796 0.00121968 0.00109456
0.00131214 0.00116548 0.00127824
0.00139433 0.00186849 0.00167165
0.00150995 0.00106411 0.00130793
0.00100157 0.00111251 0.000908794
0.00139198 0.00139684 0.00149455
0.00150368 0.00135732 0.00138627
0.00142381 0.00110563 0.00171008
0.00129939 0.00135667 0.00120093
0.00150728 0.00151244 0.00165327
0.00157322 0.00140703 0.00174901
0.00146342 0.00142272 0.00158087
0.00135797 0.00137566 0.00174254
0.00132839 0.00130298 0.00138567
0.00168761 0.00187491 0.00160894
0.00192644 0.00186229 0.00139474
0.00142235 0.00128651 0.00144652
0.00150081 0.00156667 0.00137711
0.00127389 0.00156161 0.00188762
0.000972212 0.00147697 0.00157364
0.00160194 0.00149471 0.00159028
0.00163386 0.00140878 0.0014963
0.00126252 0.0011958 0.00111494
0.00151553 0.00187046 0.00133116
0.00116072 0.00140078 0.00125161
0.000968311 0.00114234 0.000873556
0.00126817 0.00131349 0.00116496
0.00110716 0.001043 0.00124617
0.00114506 0.00129645 0.00151765
0.00147243 0.00113682 0.00118683
0.00153973 0.00110064 0.00147356
0.0016034 0.00162374 0.00158126
0.00128855 0.00113676 0.00157671
0.0011691 0.00113133 0.00100663
0.00101111 0.00124762 0.00106866
0.00119328 0.00106013 0.00102298
0.00156484 0.00126823 0.00112448
0.00137933 0.00134938 0.000988841
0.00151191 0.0016564 0.0016398
0.00147404 0.00132016 0.001416
0.0015461 0.00165531 0.00153221
0.00173556 0.00161559 0.0014875
0.00154412 0.00134951 0.00137968
0.00169329 0.00157646 0.00196882
0.00184333 0.0015173 0.00140102
0.00138054 0.00114122 0.00130831
0.00140368 0.00115141 0.00177228
0.00186246 0.00131232 0.00144492
0.00116966 0.00131679 0.00114438
0.00136986 0.000977282 0.00157479
0.0012691 0.0011321 0.00117668
0.00145502 0.00178928 0.00152756
0.0009847 0.000977128 0.00132154
0.00136018 0.00116645 0.00111004
0.00122161 0.00153268 0.00128158
0.00105331 0.000990426 0.00122238
0.00176027 0.00119546 0.00130128
0.0011138 0.00130054 0.00108735
0.00130316 0.00124087 0.00113567
0.00125109 0.00114308 0.00121366
0.00118641 0.00142842 0.00138796
0.00134727 0.0010233 0.00156395
0.00110257 0.00099287 0.00105044
0.00118727 0.00106398 0.000975851
0.00130925 0.00147464 0.00159615
0.00153878 0.00132449 0.00114783
0.00124639 0.00136022 0.00128643
0.00105333 0.000852577 0.00107327
0.00152427 0.00111089 0.00120156
0.0011461 0.00122646 0.00109551
0.00146931 0.00115298 0.00118054
0.00103319 0.000953991 0.00143793
0.00112115 0.00132939 0.00111235
0.00144342 0.00122599 0.00117242
0.00130749 0.00148996 0.00119706
0.00107328 0.00129023 0.00160057
0.00120677 0.00129269 0.0010147
0.00145611 0.00154199 0.00117085
0.00125784 0.00127894 0.00135525
0.00157401 0.00145022 0.00127181
0.00123763 0.001475 0.00116178
0.00109993 0.0015864 0.00105175
0.00128042 0.00161012 0.00126229
0.00121631 0.00125666 0.00148397
0.00113449 0.00109379 0.00115215
0.001437 0.0010115 0.00133935
0.00131557 0.0011253 0.00167191
0.00120756 0.00117571 0.00116179
0.00126748 0.000906361 0.000950107
0.00134214 0.00110493 0.00164477
0.00122099 0.000930338 0.000851264
0.00119309 0.00137017 0.00148326
0.00125519 0.00117277 0.00125471
0.00127682 0.0012493 0.00127675
0.00115852 0.00094758 0.00110134
0.00156414 0.00193549 0.00189894
0.000941438 0.00144035 0.000892221
0.00155697 0.000973329 0.00134178
0.00162361 0.00143068 0.000869013
0.00123256 0.001351 0.00135749
0.00136997 0.00145726 0.0011737
0.00115627 0.00118403 0.00123718
0.00100119 0.00144173 0.000956734
0.00102632 0.00105035 0.0010022
0.00161326 0.00168709 0.00158095
0.000899369 0.00121458 0.00126242
0.00108634 0.00118379 0.000890378
0.00147322 0.00148081 0.00116746
0.00145531 0.00144565 0.00153646
0.00154513 0.00162172 0.00123595
0.0013194 0.00142997 0.001325
0.00124338 0.0012926 0.00142816
0.000809277 0.000935079 0.000991814
0.00122166 0.00111845 0.00139953
0.00119465 0.00101221 0.000969173
0.00121627 0.00135978 0.00117796
0.00140371 0.00127103 0.00139758
0.00111179 0.00110862 0.00107072
0.000928526 0.00085756 0.00103225
0.00112203 0.0012301 0.00129077
0.000991883 0.00119608 0.000895915
0.00107233 0.00116712 0.000995883
0.00115549 0.00127702 0.00106829
0.0013867 0.0010756 0.000903966
0.000930844 0.00140204 0.000960696
0.00130404 0.0013874 0.00146365
0.00161864 0.00123519 0.000986554
0.00098892 0.00143786 0.00123957
0.00137761 0.00129005 0.00130645
0.00138876 0.00148772 0.00104104
0.00127073 0.00143247 0.00145197
0.00162574 0.00145808 0.00142659
0.000942895 0.00124457 0.00117021
0.00122564 0.00118881 0.0013485
0.00149357 0.00142756 0.00131151
0.0011437 0.00135693 0.00115144
0.00135772 0.00110183 0.00122601
0.00164294 0.00151916 0.00109672
0.00141646 0.00142385 0.00131578
0.00167822 0.00146477 0.00115626
0.00148047 0.00150378 0.0013673
0.0010579 0.00158214 0.00120455
0.00121963 0.00119043 0.0010012
0.00091374 0.000883133 0.000926103
0.00116976 0.00131667 0.000909401
0.00163143 0.00155846 0.00110891
0.0010698 0.000840234 0.00107751
0.00106489 0.00110696 0.00134901
0.000953535 0.000788752 0.000953972
0.00137329 0.00143529 0.00137584
0.00112662 0.001187 0.000967548
0.00121587 0.000971149 0.0010058
0.0011177 0.0014794 0.00103892
0.00133311 0.000981799 0.00112517
0.00107615 0.000974486 0.000976631
0.00122937 0.00114722 0.0010015
0.0012643 0.00102323 0.000935205
0.00104689 0.000868264 0.00100789
0.000900898 0.00116364 0.000932249
0.00149268 0.00117528 0.00130908
0.00137158 0.00159398 0.00113058
0.00111465 0.00102488 0.00113814
0.00120726 0.00142153 0.0010532
0.00114189 0.0012455 0.00118973
0.000929266 0.00160981 0.000887131
0.00153828 0.000832646 0.00119004
0.000943156 0.000817087 0.00108594
0.000939299 0.000714521 0.000845874
0.00113029 0.00103883 0.000968349
0.00101922 0.00105175 0.000824
0.00124403 0.00127228 0.00120507
0.00100893 0.000772559 0.000932262
0.000884853 0.000954655 0.00129896
0.0015818 0.00109063 0.00129215
0.000663902 0.000780268 0.00124634
0.000969503 0.000965485 0.00104362
0.00132435 0.0011561 0.00117025
0.00131562 0.00109711 0.00102841
0.00118304 0.00117521 0.00112794
0.00106834 0.000924202 0.000911388
0.00109544 0.00137304 0.00138997
0.00117993 0.00128607 0.00115505
0.000997757 0.0013899 0.00112187
0.00132923 0.00143132 0.000962384
0.0011931 0.000815325 0.000822
0.000906041 0.000895139 0.000834079
0.00106363 0.0012548 0.000935406
0.00103794 0.000958692 0.00104142
0.000893946 0.00121361 0.00114102
0.00119325 0.00133456 0.00129752
0.00126087 0.001556 0.0012207
0.00166782 0.00131272 0.00129702
0.000867475 0.00118663 0.00114788
0.00112519 0.000924928 0.000837346
0.000947647 0.00100332 0.000818635
0.00115499 0.00120246 0.0013354
0.00127496 0.00127456 0.0011177
0.00147007 0.00128484 0.00139036
0.00125648 0.00135585 0.00120095
0.00112798 0.0012437 0.00114481
0.00132403 0.00113644 0.00103327
0.000974964 0.00130832 0.000736457
0.00156542 0.00127101 0.00097216
0.0011249 0.00113527 0.00123683
0.000992698 0.00109424 0.00107235
0.00133162 0.000995721 0.00118096
0.00123418 0.00133473 0.000848047
0.00131954 0.00151899 0.00123456
0.00120747 0.00128554 0.00116919
0.00100326 0.00117165 0.00106065
0.00104055 0.00146605 0.000951155
0.00117161 0.00100263 0.00116406
0.00117162 0.00113378 0.00122805
0.00111178 0.000881752 0.000977374
0.00166625 0.00151218 0.00153861
0.00111564 0.00109157 0.00126031
0.00126351 0.00130101 0.00122444
0.00129339 0.00144198 0.00130261
0.00115103 0.000902994 0.000879449
0.000963713 0.00103904 0.000934846
0.000988439 0.000985008 0.00115236
0.00116335 0.000886511 0.00101929
0.000820751 0.00096681 0.00087837
0.00128497 0.000988266 0.00118158
0.00113925 0.00118997 0.00135715
0.0011445 0.00118075 0.00120799
0.00121879 0.00118043 0.00130126
0.00132022 0.00129233 0.00153401
0.00137917 0.00112565 0.00131091
0.00117739 0.00125734 0.00109018
0.00124916 0.000997619 0.00100583
0.0012515 0.00123076 0.00151804
0.00117756 0.00121567 0.00127667
0.0013128 0.00122174 0.0012359
0.00128808 0.00139919 0.00136792
0.00125988 0.00120447 0.00126621
0.00130885 0.00126794 0.00123466
0.00094593 0.00101612 0.000926208
0.000975615 0.00113294 0.00133021
0.00121735 0.00125849 0.00133091
0.00116453 0.00135563 0.00125605
0.00140545 0.00156885 0.00135001
0.00105269 0.00143405 0.00116255
0.00100659 0.000822496 0.0010087
0.000891879 0.00125098 0.000876629
0.000956139 0.00126817 0.000844126
0.000959209 0.00103486 0.000999408
0.000978676 0.000903042 0.000809078
0.000978771 0.000869978 0.000928524
0.00131202 0.00110589 0.00107241
0.00120354 0.00138262 0.000946595
0.00140493 0.0010064 0.00121078
0.00126821 0.00104526 0.000907218
0.00124575 0.00106813 0.00105214
0.00107888 0.00154801 0.000986307
0.000994801 0.000907906 0.000954261
0.000994907 0.00106442 0.000980112
0.000880994 0.00098301 0.00104615
0.00102604 0.00122319 0.000930851
0.00133916 0.00111121 0.00101285
0.00128557 0.00167608 0.00136863
0.00111335 0.00141456 0.001057
0.00148427 0.00145316 0.000895141
