1.08211 1.08095 1.07858
1.07678 1.07383 1.07686
1.07253 1.06962 1.06984
1.06934 1.07112 1.07158
1.06716 1.06554 1.06667
1.06469 1.07637 1.06961
1.06419 1.07264 1.06528
1.05999 1.05884 1.05561
1.06749 1.05385 1.0541
1.06551 1.05213 1.06044
1.06215 1.0601 1.06181
1.06261 1.05079 1.06237
1.05999 1.06026 1.05956
1.05183 1.05415 1.05776
1.06207 1.06014 1.06123
1.05953 1.06177 1.05984
1.05942 1.05845 1.06037
1.05874 1.05874 1.0585
1.05738 1.05816 1.06358
1.06259 1.0579 1.061
1.05974 1.05954 1.06286
1.05905 1.05807 1.05953
1.06037 1.05928 1.05903
1.06193 1.05748 1.05953
1.05939 1.05906 1.06088
1.06018 1.06394 1.06432
1.06103 1.05998 1.06052
1.06058 1.06056 1.05939
1.05901 1.05916 1.05891
1.05801 1.06071 1.06084
1.05555 1.05803 1.05485
1.0548 1.05355 1.05478
1.05373 1.05282 1.05295
1.05081 1.04967 1.05084
1.05047 1.04815 1.04974
1.05274 1.05384 1.05186
1.05002 1.05043 1.05121
1.05152 1.04883 1.05191
1.04926 1.04733 1.04823
1.05223 1.05214 1.05148
1.04761 1.04942 1.04901
1.04897 1.04958 1.04881
1.04721 1.04723 1.04843
1.04799 1.04773 1.0476
1.04675 1.04724 1.04635
1.04687 1.04608 1.04618
1.0446 1.0447 1.04474
1.04603 1.04813 1.04785
1.04954 1.0495 1.0486
1.0442 1.04615 1.04601
1.04451 1.04551 1.04456
1.04364 1.04339 1.04301
1.04412 1.04398 1.04364
1.0415 1.03994 1.0398
1.03894 1.04106 1.04157
1.03964 1.03885 1.04055
1.03918 1.03945 1.04014
1.03928 1.03948 1.03958
1.03781 1.03719 1.03896
1.04073 1.0382 1.04048
1.04133 1.03916 1.04101
1.04125 1.03955 1.04184
1.04129 1.04102 1.04095
1.04223 1.04353 1.04223
1.0448 1.04347 1.04612
1.04534 1.04362 1.04378
1.04615 1.04571 1.04359
1.0395 1.03785 1.03974
1.03937 1.03881 1.04032
1.03952 1.03729 1.03992
1.0384 1.03722 1.03837
1.04133 1.04047 1.04143
1.0424 1.04358 1.04337
1.03864 1.03868 1.03894
1.03979 1.03936 1.03832
1.04115 1.03902 1.04008
1.04207 1.0397 1.04175
1.03923 1.04005 1.03867
1.04223 1.03964 1.03834
1.04354 1.04047 1.0416
1.04041 1.04128 1.03903
1.04047 1.04353 1.04467
1.0404 1.04185 1.04076
1.04351 1.04241 1.04526
1.04159 1.03965 1.03969
1.03982 1.0381 1.04086
1.04124 1.03857 1.04197
1.04224 1.04063 1.03819
1.04286 1.03912 1.03818
1.04116 1.0415 1.04098
1.03533 1.0373 1.0405
1.03673 1.03905 1.03761
1.0385 1.0415 1.03966
1.03648 1.03687 1.04031
1.0363 1.03572 1.03649
1.03557 1.03564 1.03515
1.03473 1.03498 1.03303
1.03434 1.0329 1.03238
1.03685 1.03594 1.03598
1.0359 1.03431 1.03694
1.03549 1.03736 1.03666
1.03614 1.03618 1.03469
1.03711 1.03554 1.03818
1.03764 1.03635 1.03893
1.03758 1.0385 1.04015
1.03725 1.03748 1.03912
1.03604 1.03563 1.03695
1.03409 1.03459 1.03538
1.03418 1.03384 1.03467
1.03193 1.0341 1.03364
1.03347 1.03256 1.03572
1.03342 1.03267 1.03473
1.03101 1.03355 1.03247
1.03326 1.03543 1.03462
1.03511 1.03736 1.03597
1.03863 1.03453 1.03679
1.03372 1.03776 1.03487
1.03333 1.03486 1.03423
1.03305 1.03468 1.03445
1.03229 1.03236 1.03291
1.03327 1.03447 1.03388
1.0352 1.03449 1.03526
1.03491 1.03637 1.03888
1.03847 1.03588 1.03888
1.03623 1.03618 1.03645
1.03983 1.03869 1.03943
1.03323 1.03707 1.03659
1.03218 1.03555 1.0344
1.03137 1.03176 1.03354
1.03126 1.03179 1.03148
1.0301 1.03223 1.02965
1.02821 1.03045 1.02929
1.02842 1.03137 1.03013
1.02831 1.02871 1.02844
1.02987 1.02958 1.02977
1.0319 1.03203 1.02958
1.03249 1.03343 1.0328
1.03581 1.03774 1.03661
1.03613 1.03877 1.03675
1.0364 1.03659 1.03652
1.04087 1.0424 1.0411
1.03851 1.03891 1.03875
1.03465 1.03601 1.03547
1.0302 1.03459 1.03332
1.03258 1.03213 1.03343
1.03221 1.03123 1.03051
1.02856 1.03094 1.02985
1.03204 1.03175 1.03266
1.03257 1.03156 1.03338
1.02906 1.03102 1.03171
1.02987 1.03169 1.03244
1.03461 1.03465 1.03284
1.03715 1.03778 1.03626
1.03865 1.03853 1.0386
1.03574 1.03915 1.03817
1.03745 1.03951 1.03856
1.03644 1.03993 1.03975
1.03693 1.03717 1.03869
1.03814 1.03783 1.03711
1.03727 1.03916 1.03758
1.03218 1.03601 1.03462
1.03253 1.03593 1.03388
1.03493 1.0367 1.03488
1.03388 1.03392 1.03396
1.03081 1.03304 1.03122
1.02932 1.03098 1.03069
1.0294 1.0314 1.03007
1.03004 1.02942 1.02917
1.0272 1.03024 1.02907
1.02653 1.02414 1.02529
1.02518 1.02683 1.02582
1.0318 1.03246 1.03102
1.0344 1.03435 1.03468
1.03875 1.03995 1.03725
1.03695 1.04091 1.03837
1.03933 1.03717 1.03663
1.03125 1.03291 1.03154
1.03075 1.03061 1.02978
1.02843 1.02748 1.02862
1.0273 1.02849 1.02712
1.02906 1.03165 1.02925
1.02963 1.03031 1.02957
1.03033 1.0327 1.03094
1.0317 1.03115 1.03284
1.03165 1.03277 1.03177
1.03437 1.03478 1.03509
1.03068 1.03407 1.03182
1.03636 1.03564 1.03672
1.0375 1.03804 1.03548
1.03598 1.03453 1.03553
1.03271 1.03526 1.03376
1.03035 1.0337 1.03077
1.02992 1.02997 1.03079
1.02804 1.02758 1.02855
1.02845 1.02765 1.02864
1.02986 1.02923 1.02906
1.03403 1.03257 1.03345
1.0326 1.03298 1.03358
1.03338 1.03769 1.0338
1.0348 1.03492 1.03541
1.03724 1.03566 1.03563
1.03617 1.03766 1.03558
1.04073 1.04315 1.04286
1.03686 1.04118 1.04089
1.03739 1.04007 1.03885
1.03792 1.03672 1.03777
1.02966 1.03182 1.03063
1.02771 1.02959 1.0283
1.0229 1.02408 1.02396
1.02421 1.02409 1.0238
1.02372 1.02415 1.02505
1.02512 1.02536 1.02469
1.02865 1.02863 1.02818
1.03055 1.02914 1.02984
1.03078 1.03334 1.03059
1.03254 1.03231 1.03387
1.0344 1.03373 1.03408
1.03272 1.033 1.03244
1.03019 1.03205 1.03215
1.03463 1.0366 1.03475
1.03602 1.03729 1.03605
1.03206 1.03392 1.03329
1.03484 1.03428 1.03393
1.03213 1.03542 1.03272
1.03294 1.03269 1.03223
1.03455 1.03464 1.03442
1.03318 1.03369 1.03371
1.03269 1.03256 1.03295
1.0313 1.03039 1.0327
1.03065 1.03597 1.03393
1.03129 1.03096 1.03099
1.031 1.03048 1.03012
1.032 1.03362 1.03199
1.03265 1.03474 1.03418
1.03349 1.03819 1.03495
1.0398 1.04062 1.03887
1.03889 1.03851 1.03804
1.03292 1.03363 1.03342
1.02674 1.02773 1.02723
1.02642 1.02722 1.02635
1.02307 1.02494 1.02492
1.02466 1.02545 1.0255
1.02737 1.02779 1.02713
1.02802 1.02927 1.02905
1.03205 1.03324 1.03242
1.0337 1.03219 1.03272
1.03158 1.03083 1.03095
1.03215 1.03141 1.03094
1.03315 1.03295 1.03227
1.03402 1.03336 1.03272
1.03694 1.03832 1.03729
1.03912 1.03874 1.03717
1.03263 1.03434 1.0348
1.03338 1.03446 1.03292
1.02889 1.03236 1.03272
1.02856 1.02947 1.02776
1.02686 1.02702 1.02734
1.0245 1.02631 1.0268
1.02717 1.02598 1.02573
1.02668 1.02606 1.02622
1.02734 1.03094 1.02622
1.02936 1.03036 1.02885
1.03578 1.03237 1.03224
1.03594 1.03528 1.03576
1.03725 1.03205 1.03187
1.03053 1.03139 1.03021
1.03126 1.0298 1.02923
1.0272 1.02851 1.02837
1.02794 1.02827 1.0264
1.03206 1.02773 1.02758
1.03213 1.02957 1.0275
1.03338 1.03279 1.03104
1.03139 1.03397 1.03179
1.03392 1.0346 1.03307
1.03432 1.03491 1.03285
1.03382 1.03551 1.03308
1.03518 1.03523 1.03355
1.03242 1.03087 1.03064
1.02992 1.0315 1.02807
1.03269 1.03138 1.02923
1.03035 1.02987 1.02808
1.03316 1.03465 1.02929
1.03412 1.03665 1.0324
1.03475 1.03401 1.03123
1.03344 1.03186 1.02952
1.02966 1.03282 1.02971
1.03521 1.03342 1.03073
1.03342 1.03279 1.02948
1.03162 1.03279 1.02812
1.02729 1.03002 1.02633
1.02501 1.0244 1.02052
1.02353 1.02402 1.02113
1.02542 1.02569 1.0221
1.0254 1.02757 1.02365
1.02845 1.03046 1.02708
1.03093 1.02965 1.02585
1.03112 1.03275 1.02813
1.0329 1.03062 1.02824
1.03436 1.03249 1.02948
1.0306 1.03173 1.02833
1.03111 1.03037 1.02538
1.03128 1.03101 1.02508
1.02848 1.03169 1.02547
1.02988 1.02862 1.02625
1.03207 1.03017 1.02494
1.03135 1.031 1.02602
1.03057 1.03027 1.02699
1.03247 1.03232 1.02651
1.03195 1.03256 1.02421
1.0314 1.03094 1.02468
1.0315 1.03123 1.0251
1.02568 1.02497 1.02529
1.02659 1.02811 1.02466
1.03106 1.0272 1.02531
1.03257 1.03209 1.024
1.03728 1.03535 1.02816
1.03903 1.03586 1.02953
1.03827 1.03595 1.02834
1.04004 1.03836 1.033
1.03778 1.03751 1.03156
1.03308 1.03336 1.02696
1.02649 1.02637 1.02671
1.02702 1.02778 1.02637
1.02699 1.02631 1.02579
1.03 1.03092 1.02539
1.03691 1.03536 1.02833
1.03722 1.03691 1.02763
1.037 1.037 1.03078
1.03314 1.03634 1.02946
1.03225 1.03532 1.02829
1.03052 1.0317 1.02573
1.03179 1.03249 1.02593
1.03656 1.03686 1.02977
1.03645 1.03807 1.03152
1.03581 1.03608 1.029
1.02874 1.03383 1.02684
1.03223 1.03282 1.02842
1.02705 1.02742 1.02714
1.03278 1.03142 1.02634
1.03577 1.0351 1.02555
1.02962 1.02932 1.02317
1.03292 1.03357 1.02563
1.03668 1.03635 1.02923
1.03718 1.03806 1.0299
1.04197 1.03715 1.03082
1.03969 1.03884 1.03035
1.03682 1.03793 1.03015
1.03211 1.03615 1.03026
1.03511 1.03444 1.02797
1.0361 1.03716 1.02706
1.02956 1.02934 1.02466
1.02368 1.02372 1.02262
1.02977 1.03244 1.0257
1.03674 1.03756 1.03222
1.04082 1.04246 1.03441
1.04543 1.04502 1.03816
1.03759 1.03912 1.03219
1.04197 1.03943 1.03325
1.04229 1.04232 1.03531
1.04212 1.04206 1.03419
1.04185 1.03941 1.03381
1.03487 1.03691 1.03215
1.03382 1.03545 1.02973
1.03451 1.03361 1.02749
1.02862 1.03263 1.02808
1.03222 1.03489 1.02967
1.03668 1.03601 1.03093
1.03336 1.03378 1.0285
1.03664 1.03605 1.03071
1.03922 1.03993 1.02941
1.0391 1.03847 1.02943
1.03192 1.03034 1.02865
1.02624 1.02605 1.02557
1.02892 1.02847 1.0265
1.03257 1.03491 1.03177
1.04155 1.04799 1.04141
1.04213 1.04693 1.04204
1.04686 1.04763 1.04537
1.04879 1.04648 1.04312
1.04186 1.0426 1.03924
1.03748 1.04583 1.04011
1.04564 1.04313 1.04055
1.04137 1.04319 1.03784
1.04333 1.04423 1.03753
1.04586 1.04584 1.03958
1.04348 1.04585 1.0376
1.04067 1.04156 1.0342
1.04299 1.04244 1.03565
1.03798 1.03846 1.02906
1.0331 1.03647 1.0285
1.03099 1.03231 1.02859
1.04005 1.04119 1.03746
1.04299 1.04806 1.04133
1.04722 1.04825 1.04183
1.0439 1.04293 1.03729
1.04413 1.04582 1.03632
1.04229 1.04374 1.03668
1.03768 1.03994 1.03277
1.03206 1.03392 1.03159
1.03731 1.04091 1.03557
1.04358 1.04406 1.03973
1.04488 1.04544 1.04011
1.04689 1.04681 1.04317
1.04602 1.04679 1.04471
1.04073 1.04193 1.0385
1.04113 1.04163 1.03999
1.03889 1.04085 1.03974
1.03895 1.04233 1.04246
1.04439 1.0432 1.04396
1.04304 1.04398 1.04349
1.04196 1.04852 1.04588
1.03977 1.0423 1.04039
1.04385 1.04777 1.04564
1.04531 1.04608 1.04524
1.04845 1.04866 1.04833
1.05105 1.05188 1.05151
1.05173 1.05191 1.05256
1.04885 1.04766 1.04949
1.04646 1.04628 1.0471
1.03983 1.04315 1.04428
1.04161 1.04068 1.04258
1.04365 1.04211 1.04244
1.0405 1.04075 1.04283
1.03839 1.04088 1.04136
1.03796 1.04027 1.04245
1.04219 1.04111 1.04376
1.04124 1.04092 1.04141
1.043 1.0405 1.04315
1.04106 1.04199 1.04364
1.04526 1.04388 1.04524
1.04173 1.04478 1.04538
1.04631 1.04853 1.04809
1.04679 1.04803 1.05104
1.05174 1.052 1.04991
1.04659 1.04869 1.04875
1.04425 1.04551 1.04617
1.04277 1.04383 1.04417
1.0411 1.04097 1.04149
1.04086 1.03895 1.04133
1.03803 1.03876 1.03934
1.0417 1.04001 1.04175
1.04272 1.04124 1.04348
1.04217 1.04559 1.04665
1.04739 1.04648 1.04805
1.04978 1.04792 1.04852
1.04643 1.04948 1.04934
1.04844 1.0504 1.04977
1.0506 1.04915 1.04886
1.05161 1.05333 1.05142
1.0541 1.05133 1.05277
1.05282 1.05194 1.05371
1.05025 1.0519 1.05153
1.05176 1.05247 1.05353
1.05307 1.05275 1.05214
1.05283 1.05111 1.05257
1.04976 1.05009 1.05027
1.04749 1.04936 1.04952
1.0453 1.0481 1.04814
1.04659 1.04725 1.04808
1.04387 1.04539 1.04567
1.04353 1.04421 1.04499
1.04128 1.04432 1.04432
1.04431 1.04473 1.0444
1.04256 1.04232 1.04459
1.03852 1.04178 1.04264
1.03997 1.03842 1.03934
1.04074 1.04047 1.04096
1.04349 1.0445 1.04349
1.0463 1.0491 1.05091
1.05151 1.05261 1.05272
1.05203 1.04993 1.05195
1.05101 1.04967 1.05318
1.05062 1.05127 1.05207
1.04985 1.05202 1.05242
1.05221 1.05333 1.05384
1.05723 1.05565 1.0562
1.05014 1.0544 1.05454
1.05219 1.05566 1.05625
1.05228 1.05344 1.05274
1.0545 1.05363 1.05628
1.05165 1.05609 1.05533
1.0528 1.05373 1.05584
1.05406 1.05495 1.0547
1.05298 1.05346 1.05285
1.04923 1.05049 1.05188
1.04581 1.04854 1.0511
1.04789 1.04758 1.04951
1.05179 1.05385 1.05163
1.05441 1.05716 1.05648
1.05279 1.05643 1.05685
1.06021 1.05985 1.0597
1.05676 1.06111 1.06013
1.06286 1.06086 1.06077
1.05802 1.06009 1.06238
1.06255 1.06067 1.06106
1.05839 1.05846 1.06244
1.05525 1.056 1.05661
1.05445 1.05971 1.05843
1.0542 1.05928 1.06072
1.062 1.06193 1.06169
1.05836 1.06098 1.06152
1.05664 1.06298 1.06113
1.05968 1.06171 1.0623
1.06014 1.05787 1.05752
1.05837 1.05582 1.05744
1.05459 1.05651 1.05787
1.06016 1.05616 1.05705
1.05418 1.05718 1.05661
1.0572 1.05621 1.05653
1.05258 1.05643 1.05833
1.05371 1.05468 1.05477
1.06057 1.05865 1.05999
1.06338 1.06213 1.06187
1.06431 1.06508 1.06517
1.06194 1.06571 1.06775
1.05983 1.06123 1.06039
1.06042 1.06283 1.06253
1.06163 1.06362 1.06439
1.06263 1.0663 1.06656
1.06638 1.0678 1.06551
1.06371 1.07054 1.06963
1.06932 1.07268 1.07185
1.0701 1.07025 1.07274
1.06817 1.07371 1.0717
1.06726 1.06853 1.06659
1.06298 1.06758 1.06738
1.06399 1.06711 1.06869
1.06759 1.06798 1.07
1.07109 1.07322 1.07422
1.07374 1.0751 1.0762
1.07909 1.08208 1.07853
1.0855 1.08207 1.08362
1.0792 1.08068 1.08022
1.08248 1.08319 1.08487
1.08083 1.08128 1.08042
1.08236 1.08047 1.07904
1.07466 1.08094 1.08107
1.07175 1.07184 1.07289
1.07639 1.07449 1.07541
1.07578 1.07821 1.07959
1.07663 1.07747 1.07748
1.0794 1.07994 1.07995
1.07914 1.07784 1.07858
1.07095 1.07806 1.07807
1.07688 1.07571 1.07514
1.08475 1.08133 1.08466
1.08628 1.08756 1.08702
1.08767 1.08758 1.08918
1.08564 1.08555 1.08566
1.0802 1.08199 1.08387
1.07728 1.07961 1.08154
1.08137 1.08136 1.08347
1.08723 1.08628 1.08584
1.09125 1.08969 1.09009
1.08912 1.09313 1.09146
1.08934 1.08906 1.08883
1.08911 1.08879 1.08952
1.09164 1.09391 1.09307
1.09435 1.09413 1.0935
1.0885 1.0897 1.09045
1.08734 1.08874 1.09045
1.0838 1.08641 1.08474
1.08505 1.08095 1.08369
1.08269 1.08051 1.08309
1.08885 1.0862 1.08837
1.09059 1.09187 1.09237
1.08315 1.09336 1.09305
1.09312 1.09388 1.09224
1.09126 1.08994 1.09098
1.08813 1.08889 1.09032
1.09141 1.08914 1.08817
1.08664 1.0897 1.08924
1.09071 1.091 1.09203
1.09348 1.09131 1.09167
1.09214 1.092 1.09195
1.09101 1.09063 1.09149
1.0887 1.08882 1.08951
1.08983 1.08826 1.08889
1.09165 1.08962 1.08948
1.09398 1.08931 1.0891
1.08445 1.08534 1.08546
1.08138 1.08321 1.08463
1.084 1.08239 1.08359
1.086 1.08686 1.0844
1.08347 1.087 1.08833
1.09164 1.09076 1.09149
1.099 1.09703 1.09441
1.09289 1.09987 1.09577
1.09417 1.10156 1.0972
1.09718 1.098 1.09799
1.09363 1.09843 1.099
1.09938 1.0983 1.09976
1.0954 1.09766 1.09812
1.09979 1.101 1.10018
1.10045 1.10387 1.10211
1.10095 1.10379 1.10413
1.10209 1.10151 1.10121
1.10374 1.10304 1.10304
1.10451 1.10266 1.10405
1.09549 1.1002 1.1006
1.09788 1.1014 1.10039
1.10429 1.10303 1.1035
1.10715 1.10256 1.10316
1.1007 1.10068 1.10095
1.10044 1.10041 1.10003
1.1022 1.09953 1.09979
1.10348 1.10278 1.10213
1.09869 1.10232 1.10365
1.10181 1.09968 1.10027
1.1014 1.10094 1.10048
1.10345 1.10187 1.1016
1.09979 1.10245 1.10322
1.10181 1.10532 1.10587
1.10648 1.10459 1.105
1.10782 1.10698 1.10668
1.11202 1.11412 1.1128
1.11892 1.12264 1.11837
1.11893 1.11797 1.11991
1.1183 1.11717 1.11665
1.11248 1.1215 1.11691
1.12013 1.11734 1.11891
1.11531 1.12033 1.11946
1.11815 1.11829 1.11781
1.11836 1.11706 1.11795
1.11104 1.11753 1.11801
1.11858 1.11896 1.11814
1.11438 1.11647 1.117
1.1148 1.11545 1.11558
1.112 1.11564 1.11678
1.11022 1.11265 1.11424
1.10849 1.11213 1.11167
1.10673 1.10931 1.11158
1.10847 1.11043 1.1086
1.11292 1.11163 1.111
1.1109 1.11069 1.11083
1.11355 1.10963 1.11248
1.10989 1.11263 1.11235
1.11478 1.11354 1.1165
1.118 1.11834 1.11795
1.11913 1.12517 1.12518
1.12429 1.13073 1.1286
1.13207 1.13288 1.13224
1.134 1.13083 1.13131
1.13929 1.13231 1.1324
1.12972 1.12912 1.1296
1.13024 1.12621 1.12646
1.12668 1.12388 1.12555
1.12361 1.11972 1.12
1.11391 1.12002 1.12057
1.12546 1.11962 1.12058
1.12212 1.1203 1.12089
