89.7904945152
89.7858771022
89.7711347924
89.977137877
89.9828504601
89.9939472218
90.0058607888
87.3750935099
85.9618356472
89.3702637926
83.5843879763
82.7654580245
82.7671093135
82.7596297872
82.7593280164
82.7476205141
82.7546659087
82.7744113214
82.7639121391
82.7936686116
82.7951796947
82.8070987107
82.8158468941
82.8113874709
82.8057177836
82.764168207
82.8816621266
80.2535418439
79.2210691314
76.5495404349
76.528340717
75.733846106
75.733261595
75.7522651381
75.7639956591
75.728481465
75.7012463212
75.7184453826
75.7868011622
75.7880547472
75.8210616499
75.8117943828
75.8096434623
75.1889717721
72.7136872197
73.3411703467
71.5704478305
70.7499227977
70.9967574581
70.521541004
69.7443048107
69.3068649779
68.9297604065
68.9122861153
68.9112312259
68.9213207934
68.9313878922
68.9173441459
68.9578845667
68.9953569357
68.9933437943
68.9890675235
68.9967064033
68.9971247655
68.9844542649
68.1719980669
68.9899645173
63.301564392
62.3412563549
62.3602799208
62.3079874671
62.2884695263
62.2893863669
62.2729474362
62.2466763973
62.2653424498
62.31117213
62.2768207279
62.2777348912
62.3149857687
62.348669983
62.3480411502
62.3043294156
62.312434518
62.3128334671
62.2963545549
59.7390741253
57.9089505407
55.8545445922
55.8105546636
55.8127739998
55.7614610218
55.6769752091
55.7807822687
55.7776421197
55.6915789373
55.7365844071
55.6867613893
55.7450958589
55.7427301155
55.7527553389
55.8352194969
55.8308398459
55.8456725736
55.8628381528
55.8577218243
54.8428274192
52.9890723916
52.8530376614
51.3594896105
50.0591463574
49.5953043239
49.4916933614
49.4256416829
49.3936634596
49.4241657365
49.3753491379
49.3553190196
49.4896833846
49.5498576929
49.5965644605
48.1203297549
47.7201612976
46.6898514399
46.1247862926
45.2497865731
44.231219374
44.220407084
44.2357555739
44.2037018385
44.3449581884
44.3727288752
44.4182297541
43.7907490171
42.4091591839
42.1806162046
41.7867814208
41.4127693319
40.9120006559
40.4991137078
40.146691296
38.9416219866
38.9535775397
38.6691694699
39.10783495
39.1356768764
38.8965011772
38.7755528693
39.2780551042
38.5370817791
38.529406613
37.7206464285
38.3894486236
37.3658988815
37.8781024771
37.3380397648
37.2746468244
36.561474843
36.6059842152
35.8136614167
35.8133443537
35.0993116836
35.0135460764
34.9431904378
34.3521887328
34.2860415548
33.8889527303
33.7382326217
33.6686681853
33.6079009844
33.669113171
33.8946945323
33.4693403835
33.5794716991
32.8150214115
32.349769112
32.3667702423
32.3762447251
32.3158773049
32.1828469555
31.8034760752
32.3769204744
32.3563910184
32.2609800586
31.9519031795
31.8126604273
31.5870579362
31.4754551417
31.1601355638
30.9562779099
31.1770020842
31.0584555646
30.8452231851
30.7749512455
30.7640799248
30.41524296
30.5883084756
30.1746393409
29.9538147551
30.1002023504
29.8078327512
30.0830326017
29.7445055462
29.5700270923
29.5849042241
28.9336248026
29.1053743304
28.715457083
28.5125102276
28.3873023
28.3745638343
28.3317304761
28.4303795563
28.4131007921
28.3031929964
28.3613247261
28.4048611001
28.3090589736
28.2522233902
28.1999422029
28.2232079046
27.9830275372
28.0039693714
28.0103038862
27.9871463361
27.9661290616
28.0169833628
28.1764743283
28.2130561922
28.0784010786
28.128180443
28.1879606256
28.1625348262
28.1588169933
28.192856792
28.2392271144
28.1469644161
28.1874321365
28.1681870516
28.1107513612
28.1431296913
28.1099934589
28.2344289661
28.183458294
28.154435909
28.1632167776
28.2054599377
28.2199169969
28.1400678897
28.1887385394
28.1230232098
28.1616604045
28.0713451518
28.118293243
28.1034694588
28.1190072624
28.0858545251
28.1652285963
28.2313083424
28.0558586814
28.1908703252
28.1322460623
28.1248278344
28.1173298302
28.0748471473
28.0818742518
28.1964904979
28.0603487494
28.0751541507
28.0843101664
28.054925158
28.1362106699
28.1375184459
28.146911915
28.2476656273
28.1516792923
28.1543935211
28.1364060014
28.1804237739
28.0984354224
28.1173834123
28.0454538486
28.0791970246
28.0391399858
28.0585264658
28.0884269666
28.1876663568
28.2610425839
28.2907813608
27.9391215143
28.2841091713
27.8738463068
27.9489100005
27.887420761
27.8840929656
27.9507268416
27.8825645366
27.905327352
27.9360229021
28.0438620862
27.9661468976
27.9227986139
28.000105925
28.0519476298
27.9924058611
28.0320976701
28.0660496043
27.9961312609
28.012467923
28.029596392
28.0275917588
27.8504819118
28.0484184313
28.0978551697
27.9174006753
27.9167907512
27.5546284992
28.000487927
27.9922538032
27.3938990147
27.704438758
28.0963828823
28.063811953
27.9439836967
27.9281225783
27.5365382104
27.9945028217
27.8962081853
28.1194113632
28.0869334618
27.9473005624
28.0508907516
27.4679004372
27.2736914138
27.3069374023
27.4865738313
27.3475637436
27.3033325844
27.5893401839
27.443074999
27.3509865857
27.6039598815
27.8352654433
27.4835573307
27.3385712387
27.5825668901
27.3087496914
27.3286958515
27.4433017943
27.482456986
27.5722984243
