0.00478551 0.00387331 0.00281245
0.0047309 0.00504539 0.00446062
0.00208082 0.00261576 0.00151259
0.00210276 0.00219245 0.000871961
0.00183828 0.00265427 0.00115063
0.00164205 0.0027362 0.00111396
0.00231544 0.00251886 0.00118588
0.00203494 0.00291115 0.00138487
0.00269851 0.00265749 0.00103338
0.00120186 0.00262138 0.00104533
0.00211746 0.00314602 0.00153085
0.00176082 0.00277962 0.00108211
0.00210352 0.00267185 0.00102122
0.00149695 0.00279503 0.00132901
0.00136302 0.00236843 0.00161323
0.00142832 0.00336289 0.00152588
0.00177657 0.00289661 0.00141008
0.00125653 0.00249808 0.00114894
0.00212965 0.00311216 0.00139922
0.00144387 0.00318998 0.00144531
0.00173613 0.00209408 0.00162974
0.00152475 0.00274701 0.00182323
0.00140562 0.00285113 0.00172299
0.00175844 0.00202606 0.00106873
0.00130769 0.0023923 0.00121154
0.00174745 0.00257569 0.00145096
0.00165484 0.00210925 0.000958306
0.0014357 0.00182748 0.00097274
0.00210656 0.00200476 0.0010116
0.00168921 0.00221191 0.00114093
0.00165453 0.00188778 0.0010061
0.00156171 0.0018601 0.000834196
0.00158943 0.00210604 0.0010764
0.00168625 0.00189215 0.000996476
0.00205643 0.00159848 0.000723532
0.00140422 0.00178226 0.000828205
0.00158345 0.0016135 0.000740288
0.00166203 0.00152738 0.000797434
0.00151608 0.00180674 0.000701154
0.00163804 0.00190663 0.0010112
0.0018169 0.00156334 0.000831288
0.00148398 0.00174253 0.000716213
0.00166855 0.00175124 0.000884337
0.00161108 0.00183129 0.0010115
0.00149975 0.00205349 0.00133704
0.00140652 0.0018832 0.00125264
0.0018684 0.00139572 0.000949673
0.00149218 0.00148638 0.000972576
0.00161232 0.00153218 0.000899533
0.00199143 0.00224458 0.00134983
0.00159494 0.00225547 0.00181481
0.00165667 0.0024607 0.00148442
0.00180859 0.00193783 0.001136
0.00197121 0.0023712 0.00143933
0.00208459 0.00246856 0.00150622
0.00153419 0.00275196 0.00169326
0.00220053 0.00333778 0.00223487
0.00170094 0.00293403 0.00195779
0.00185216 0.00216933 0.00131197
0.00183199 0.00293933 0.00191588
0.00209035 0.0030634 0.0022399
0.00172475 0.0027174 0.0018114
0.00218191 0.00235655 0.00197359
0.00200576 0.00251905 0.00183186
0.00238649 0.00238501 0.00140113
0.00215632 0.00295158 0.00203746
0.00176204 0.0024795 0.00193046
0.00187349 0.00261671 0.00148507
0.00207404 0.00262785 0.00193928
0.00167437 0.00224954 0.00178373
0.00167441 0.00232539 0.00165743
0.00211898 0.00258191 0.00182316
0.00172782 0.00271553 0.00177661
0.00223567 0.00245237 0.00154717
0.00205771 0.00247735 0.00187656
0.00146153 0.00240224 0.00152688
0.00154794 0.00241528 0.00150901
0.00214751 0.00249199 0.00199089
0.00168229 0.00220951 0.00171777
0.0017924 0.00228821 0.00152413
0.00204304 0.00232178 0.0018573
0.001884 0.00229038 0.00174102
0.0018196 0.0022264 0.00156228
0.00249904 0.00243926 0.00214663
0.00228624 0.00221372 0.00200962
0.00216376 0.00193241 0.00167737
0.0027403 0.00218015 0.00230164
0.00249632 0.00227432 0.00219768
0.00224923 0.00206007 0.00188305
0.00265062 0.00245411 0.00220536
0.00265324 0.00227181 0.00222666
0.00240034 0.00190834 0.0018161
0.00318967 0.002571 0.00266613
0.00264102 0.00216476 0.00220631
0.00145793 0.00148471 0.00101913
0.00199278 0.00227801 0.00188813
0.00158897 0.00189927 0.00132876
0.00167813 0.00161127 0.0011222
0.0019659 0.00201074 0.00156773
0.00167675 0.00188999 0.00138235
0.00183528 0.00228064 0.00164495
0.00240588 0.00245886 0.00208641
0.00228487 0.00268993 0.00189274
0.0018158 0.00268788 0.00193056
0.00212255 0.00308804 0.00231546
0.00196856 0.00292615 0.00219296
0.00160552 0.00216794 0.00150854
0.00188023 0.00262169 0.00186439
0.00196743 0.00241216 0.00193101
0.00178893 0.00219655 0.00156043
0.00157317 0.0020159 0.00184982
0.00210517 0.00246764 0.00209143
0.00181005 0.00196758 0.00136798
0.00159984 0.00204954 0.00176318
0.00219493 0.00266776 0.00204072
0.00183437 0.00263434 0.00209952
0.00232226 0.00268529 0.00178333
0.00173176 0.00243961 0.00149438
0.00200152 0.00232764 0.00218773
0.00211798 0.00254087 0.00224386
0.00206579 0.00276221 0.00192133
0.0020429 0.00261517 0.00238425
0.00172622 0.00218538 0.00213006
0.00170954 0.00189381 0.00190406
0.00195865 0.00224649 0.00186925
0.00189776 0.00241976 0.00186498
0.00214359 0.00208995 0.00230373
0.00193833 0.00257625 0.00209945
0.00176821 0.0021274 0.00225424
0.00200354 0.00252478 0.00212222
0.00187385 0.00239603 0.00219948
0.00208633 0.00203189 0.00192024
0.00179025 0.00238567 0.00181722
0.00196439 0.00232998 0.00219828
0.00187129 0.00239099 0.00217009
0.00170948 0.00293192 0.00206476
0.00215903 0.00239441 0.00270306
0.0019028 0.00304022 0.00215724
0.00190958 0.00238702 0.00234178
0.00163744 0.00212795 0.00234695
0.00171426 0.00270518 0.00202188
0.00195547 0.00324627 0.00226716
0.00240135 0.00231723 0.00257364
0.00187865 0.0020209 0.00227972
0.00121734 0.0021425 0.00178464
0.00167146 0.00244757 0.00226631
0.00196726 0.0020234 0.00230532
0.00161799 0.0021661 0.00211283
0.00167088 0.00264931 0.0021858
0.00143764 0.00275214 0.00169583
0.00146271 0.00270639 0.00177616
0.00212954 0.00234299 0.00234676
0.00147559 0.00192521 0.00182423
0.00174697 0.00243122 0.00169376
0.0016033 0.00196912 0.00173641
0.00186384 0.00227057 0.00208103
0.00170633 0.00263684 0.00176697
0.00227103 0.00216018 0.00181055
0.00156207 0.0028256 0.00200165
0.00157457 0.00252618 0.00200038
0.00185738 0.00198573 0.00219911
0.00230959 0.00280432 0.00205627
0.00174327 0.00222052 0.00212411
0.00171238 0.00200954 0.00210402
0.00170475 0.0019796 0.00193716
0.00178752 0.00267819 0.00193786
0.00132411 0.00240027 0.00176881
0.00243399 0.00204034 0.00198999
0.00187036 0.00229726 0.00192975
0.00223124 0.00200892 0.00175609
0.00166791 0.0018539 0.00165848
0.00146918 0.00262988 0.00176391
0.00161781 0.00229151 0.0017002
0.00165801 0.00205798 0.00199433
0.00172071 0.00251205 0.00225706
0.00144061 0.0025649 0.00204312
0.00197366 0.00251935 0.00213765
0.00233429 0.00283022 0.0024447
0.00247364 0.00338372 0.0027175
0.00311769 0.00423644 0.00355462
0.00335633 0.00368471 0.0041266
0.00272958 0.00407611 0.00335688
0.00258006 0.00289776 0.00320191
0.00224907 0.00319251 0.00290589
0.00230865 0.00305954 0.00308181
0.00246432 0.00376643 0.00295527
0.00295092 0.00333232 0.00273732
0.00231008 0.00362107 0.00297452
0.00277023 0.00413037 0.00346862
0.00317703 0.00373814 0.0040767
0.0028068 0.00275905 0.00339006
0.00240822 0.00317196 0.00332814
0.00261792 0.00344419 0.00288226
0.0023168 0.00271523 0.00312939
0.00243898 0.00374313 0.00336303
0.0024495 0.00280772 0.00348539
0.002491 0.00395937 0.00328241
0.00255091 0.00344711 0.00268892
0.00245566 0.00382308 0.0030656
0.00335404 0.00332408 0.00396513
0.00272512 0.00393802 0.00351793
0.00275314 0.00313745 0.00353215
0.0025463 0.00413816 0.00323488
0.00278246 0.00337594 0.00363571
0.00276097 0.00316513 0.00361965
0.00264233 0.00388753 0.00333043
0.00288514 0.00298968 0.00368212
0.00246111 0.00377826 0.00341168
0.00292571 0.0031246 0.00368478
0.00304142 0.0033907 0.00355344
0.00264786 0.00346135 0.00320083
0.00273031 0.0033989 0.00361198
0.00235742 0.00404699 0.00334569
0.00291902 0.0034998 0.00382433
0.00255896 0.00392961 0.00343228
0.00251565 0.00322939 0.00358686
0.00302461 0.00351513 0.00376801
0.00269118 0.00323937 0.00360903
0.00276445 0.00403643 0.00336811
0.00278311 0.00339345 0.00378514
0.00237295 0.00343167 0.00355241
0.00219146 0.00301966 0.00295143
0.00239978 0.00373988 0.00306055
0.00246013 0.0043402 0.00352816
0.00314569 0.00347466 0.00386081
0.00278757 0.00317787 0.00350704
0.00258372 0.00430601 0.00314153
0.00295352 0.00331978 0.00357291
0.00289944 0.00355232 0.0036669
0.00304002 0.00391256 0.00356535
0.00241023 0.00384638 0.0032982
0.00269047 0.00373217 0.00343971
0.00296611 0.00346155 0.00377418
0.00268863 0.00475483 0.00374595
0.00303276 0.00406035 0.00367344
0.00344898 0.00387052 0.00420248
0.00310529 0.00462204 0.00397018
0.00343755 0.00364499 0.0042715
0.00294675 0.0049561 0.00405583
0.00316122 0.00461468 0.00412264
0.00396589 0.00419548 0.0045888
0.00318586 0.00447561 0.00422017
0.00275112 0.0044048 0.00381988
0.00292823 0.00422762 0.00389195
0.00343765 0.00487522 0.00419476
0.00358976 0.00384554 0.00451812
0.0035261 0.00425289 0.00462565
0.00331673 0.00493781 0.00425294
0.00316774 0.00436758 0.00419085
0.00261809 0.00448973 0.00377875
0.00267579 0.00443171 0.0038747
0.00309296 0.00432081 0.00403872
0.00332198 0.0035041 0.00408422
0.00324549 0.00452608 0.0040394
0.00310295 0.00411283 0.00385254
0.00284133 0.0046148 0.00374484
0.00314324 0.00420093 0.00380969
0.00304753 0.0050266 0.0041237
0.00301879 0.00368274 0.00374405
0.00280756 0.00425837 0.0036586
0.00305747 0.00461007 0.00402162
0.00318726 0.00384294 0.00415082
0.00327341 0.0044691 0.00409356
0.00298521 0.00430566 0.00364639
0.00277756 0.00353912 0.00360217
0.00299904 0.00411373 0.00367948
0.00342494 0.0044263 0.00401703
0.00308559 0.00457885 0.00369951
0.00364032 0.00395159 0.00395278
0.00310439 0.00398219 0.00394162
0.00351976 0.00427553 0.00406467
0.00296359 0.00398865 0.00386297
0.00300364 0.00441203 0.00388787
0.00339464 0.0045614 0.00421213
0.00321282 0.0043005 0.00399667
0.00342549 0.00364188 0.00409106
0.00319691 0.00394341 0.00397748
0.00413009 0.00396242 0.00363195
0.00303505 0.00404537 0.00354542
0.00309247 0.00401717 0.00378238
0.00325881 0.00422716 0.00390073
0.00377082 0.004229 0.00429315
0.00320374 0.0035995 0.00408029
0.00330787 0.00418677 0.00394175
0.00336938 0.00453659 0.00401743
0.00280484 0.00356062 0.00358542
0.00318729 0.0043034 0.00376151
0.00319519 0.00415294 0.0036029
0.00302099 0.00405127 0.0037988
0.00341418 0.00415363 0.00396134
0.00333089 0.00439048 0.0040166
0.00352776 0.00349387 0.00406973
0.0032197 0.00447323 0.00387163
0.00305367 0.00418396 0.00392529
0.00276354 0.00387706 0.00358061
0.00309644 0.00412589 0.0038365
0.00317825 0.00426788 0.00383022
0.00312169 0.00364252 0.00397398
0.0032126 0.00375809 0.00390036
0.00302147 0.00459701 0.00395238
0.00268953 0.00281347 0.00352109
0.00255356 0.00276056 0.00310501
0.00278561 0.00352154 0.00308116
0.00276352 0.00277978 0.00324381
0.00248284 0.00317654 0.0028516
0.00275913 0.00286071 0.00320963
0.00285743 0.0029375 0.00297654
0.00262208 0.0034453 0.00294558
0.00310754 0.00342228 0.00390822
0.00330574 0.00389036 0.00393792
0.00313285 0.00347615 0.00397145
0.00295646 0.00406124 0.00372481
0.00308157 0.0041204 0.00372499
0.00285018 0.00397 0.00360826
0.00346967 0.00368746 0.00392482
0.00293804 0.003083 0.0037066
0.00344495 0.0038393 0.00404364
0.00342768 0.00459109 0.00386295
0.00275109 0.00376282 0.00355164
0.00307169 0.00401109 0.00364224
0.00321356 0.00434648 0.00374832
0.00301841 0.00444095 0.00375188
0.00361324 0.00395861 0.00419136
0.00342229 0.00358203 0.00400445
0.00325346 0.00460583 0.00416261
0.00340232 0.00368883 0.003985
0.00300735 0.00341655 0.00378902
0.00323832 0.00357857 0.00395279
0.00293962 0.00364597 0.0037458
0.00282773 0.00405545 0.00360581
0.00304173 0.00422559 0.00375477
0.00354034 0.00434832 0.00391791
0.00314076 0.00375113 0.00406121
0.00304522 0.00413675 0.00392452
0.00281301 0.00409308 0.00357845
0.00359951 0.00413675 0.00393769
0.00312382 0.00424147 0.00387114
0.0027572 0.00370879 0.00379769
0.00283775 0.00421475 0.00375505
0.00292872 0.00410023 0.00366399
0.00257681 0.00370652 0.0033831
0.00297702 0.00404751 0.00359373
0.00291086 0.00434966 0.00387479
0.00274366 0.00449644 0.00360175
0.00412222 0.00445926 0.00386317
0.00299625 0.00382632 0.00378414
0.00344864 0.00441039 0.00393956
0.00330857 0.00385992 0.00424888
0.00329902 0.00457721 0.00399203
0.00364423 0.00443784 0.00432853
0.0032081 0.00438381 0.00413283
0.0036158 0.00409598 0.00445015
0.00358161 0.00486045 0.00436711
0.00342021 0.00445724 0.00410697
0.00358578 0.00455778 0.00427711
0.00342941 0.00370395 0.00432993
0.00383552 0.00388593 0.00442691
0.0035261 0.00479018 0.00433936
0.00391653 0.00397082 0.00460597
0.00318717 0.00428348 0.00405808
0.00358568 0.00474037 0.00428659
0.00369851 0.00401127 0.00446474
0.00324093 0.00443987 0.00413827
0.00368313 0.00392037 0.00446773
0.00318495 0.00459313 0.00409918
0.00361318 0.00489216 0.00438097
0.00362379 0.00421154 0.00462939
0.00362482 0.0042418 0.00450562
0.00380133 0.00400411 0.00450326
0.00364164 0.00506577 0.00436417
0.00375704 0.00409122 0.00472799
0.00347194 0.00486778 0.00427179
0.00366695 0.00503726 0.00445806
0.00320462 0.00449742 0.00419983
0.00372678 0.00501524 0.00438491
0.00367887 0.00396871 0.00461796
0.00331737 0.00496319 0.00430273
0.00374028 0.00459384 0.00481943
0.00372179 0.00509334 0.00452422
0.00377193 0.00463975 0.0049157
0.00356189 0.00411329 0.00473063
0.00418963 0.0045791 0.00484683
0.00376656 0.00505832 0.00485066
0.00354447 0.00482372 0.00440848
0.00373245 0.0050565 0.00471997
0.00378704 0.00449014 0.004718
0.00403542 0.00447495 0.00484818
0.00392066 0.00528101 0.00483193
0.00394792 0.00448888 0.00487567
0.00360335 0.00520713 0.00466075
0.0039591 0.00449548 0.00506852
0.00366411 0.00518606 0.00465201
0.0037919 0.00527621 0.00472316
0.00377171 0.00453596 0.00510655
0.00399084 0.00496929 0.00510794
0.00357076 0.00602023 0.00496769
0.00416524 0.00419242 0.00516098
0.00357961 0.00492888 0.00489137
0.00371056 0.00426754 0.00504242
0.00365965 0.00522982 0.00480023
0.00405919 0.00462266 0.00489072
0.00401675 0.00442217 0.00489505
0.00380399 0.00418383 0.0048902
0.00348967 0.00547545 0.00475574
0.00376413 0.00510756 0.00468888
0.0034489 0.00435636 0.00474318
0.00403665 0.004525 0.00505216
0.00412298 0.0044943 0.00516645
0.00367637 0.00505827 0.00478446
0.00370733 0.00473671 0.00476012
0.00390551 0.00380069 0.00476281
0.00412679 0.00480628 0.00480712
0.00409211 0.00457193 0.00488071
0.00380077 0.00431609 0.00482447
0.00401984 0.00511301 0.00463776
0.00332071 0.00506805 0.00446054
0.00368688 0.00546865 0.00451829
0.00371617 0.00410256 0.00467124
0.0038776 0.00442395 0.00484833
0.00409639 0.00430397 0.00504674
0.00397989 0.00545629 0.00486452
0.00389689 0.00409078 0.00465747
0.00391152 0.00508547 0.00451904
0.00411978 0.00447706 0.00487415
0.00394348 0.00453599 0.00476955
0.00366476 0.00469321 0.00466573
0.00433798 0.00461972 0.00480814
0.00397017 0.0045775 0.00451074
0.00376855 0.00496573 0.00463842
0.00404809 0.00430492 0.00473271
0.00388505 0.00540192 0.00476312
0.00387629 0.00499747 0.00448361
0.00411083 0.00522281 0.00466766
0.0039126 0.00499044 0.00465037
0.00379088 0.0042042 0.00482658
0.00374062 0.0039841 0.00475099
0.00417974 0.00444867 0.00488561
0.00362394 0.00479241 0.00444155
0.00410895 0.00417493 0.00480837
0.00386466 0.0048269 0.00450619
0.00377664 0.0049147 0.00444148
0.00414617 0.00518317 0.00452212
0.00389237 0.00506738 0.00449094
0.00399315 0.00418421 0.00471243
0.00388185 0.00509789 0.00468019
0.00410117 0.00422518 0.00481366
0.0037192 0.00479838 0.004592
0.00405838 0.00404494 0.004732
0.00357812 0.00491879 0.00440655
0.00379601 0.0046129 0.00428101
0.00359862 0.00486068 0.00437199
0.00348389 0.00466051 0.00440332
0.00387757 0.00375468 0.00439534
0.00366475 0.00509379 0.00430105
0.00352451 0.00462392 0.00437354
0.00369436 0.00410277 0.00448251
0.00349132 0.00445528 0.00425881
0.00368831 0.0043999 0.0044448
0.00355267 0.00485432 0.00427662
0.00381106 0.00419563 0.00458886
0.00371398 0.00383647 0.00429541
0.00365659 0.00454867 0.00436072
0.00370504 0.0048464 0.00430991
0.00343934 0.00389259 0.00437153
0.00344163 0.00363888 0.00438971
0.00338097 0.00455507 0.00438469
0.00381362 0.00483702 0.00460814
0.00331908 0.00371857 0.0042118
0.00338012 0.00399634 0.00419816
0.0037148 0.00485204 0.0043388
0.00365603 0.00406707 0.00443053
