-nan -nan -nan
-nan -nan nan
-nan -nan -nan
0.196056060412 -nan -nan
0.211595371682 -0.0106748076589 -nan
0.223507115896 -0.0105589780513 0.388665898638
0.131736998711 -0.0104655712055 0.408933601037
0.136370365761 11.4066992341 0.425850017103
0.140335215546 11.6785278374 5.1433779977
0.103292501002 11.9155748455 5.24957252917
0.105475480743 9.08052086853 5.34356261808
0.107430801199 9.22110053827 4.02437324623
0.0832896992019 9.34826322756 4.08075119732
0.0845836752996 7.57439346882 4.13216981425
0.0857721037437 7.65970432188 3.32475579838
0.0718497666335 7.7385288586 3.35946685127
0.072689777706 6.50964930599 3.39170672684
0.0734735682305 6.56660566834 2.84107571075
0.0630323118186 6.61996569755 2.86448192657
0.0636181736768 5.71597077897 2.88648944319
0.0641708085179 5.75652598412 2.56675789508
2.47171032582 5.79489265385 2.58349597748
2.48724392933 5.51530076852 2.5993726133
2.5020134753 5.54652622733 2.35743181429
2.26420422687 5.57628096084 2.36997081551
2.27606113944 5.01467323831 2.38194328547
2.28740332168 5.03873165624 2.15443374509
2.07190791831 5.06178504664 2.16411325044
2.08131571536 4.60244451383 2.17340310579
2.09035809827 4.62170875045 1.98070181997
1.91051076152 4.64025013068 1.98851906379
1.91815654539 4.25564454836 1.99605261429
1.92553368731 4.2714364704 1.83309405097
1.77355964503 4.28669064799 1.83952730523
1.77988075181 3.98190864844 1.84574805516
1.7859991325 3.99494282793 2.80230536945
1.69626314386 4.00757080598 2.81087856544
1.70158229346 3.76531369327 2.81919193478
1.70674455494 3.77624990029 2.6283028085
1.60173880461 3.78687196359 2.63560645071
1.60625115738 3.57425686848 2.64270563389
1.6106403268 3.58355620028 2.52067523383
1.51053777132 3.59260782042 2.52692152728
1.51443301593 3.3789823215 2.53300537284
1.51822929977 3.387053699 2.38524851791
1.42938976678 3.39492465629 2.39068698129
1.43278523957 3.20442990144 2.3959933898
1.43610004976 3.21150920036 2.26391289092
1.35656934378 3.21842388913 2.26868866128
1.3595554471 3.0472843492 2.27335568985
1.36247494202 3.05352792553 2.29380783138
1.41160185354 3.0596350102 2.29816197043
1.41439214746 3.13411002706 2.30242278539
1.4171237838 3.13990057061 2.19371332197
1.36675929155 3.14557167853 2.19757624155
1.36924297934 3.00506449173 2.20136095828
1.37167729945 3.01022254809 2.13840231646
1.30908616506 3.01527990855 2.14185701321
1.3113182275 2.88171944336 2.14524544988
1.31350821761 2.88636895397 2.05384762999
1.2561371484 2.89093231112 2.05697104462
1.25815385813 2.76826257653 2.06003754861
1.26013442481 2.77247350633 1.97586042931
1.20743345336 2.7766101869 1.97869983517
1.20926386087 2.66345962644 1.98148997069
1.21106300339 2.66729151479 1.90360414105
1.46454939924 2.67105895941 1.9061981097
1.46658813766 2.68845945097 1.90874911566
1.46859361427 2.69203118136 1.84912798117
1.41743036777 2.69554549795 1.85148747781
1.41929051845 2.59900725007 1.85380959755
1.4211216243 2.60227405149 1.79689817714
1.37012277284 2.6054905645 1.79905303594
1.37183156575 2.52183823987 1.80117518524
1.37351477648 2.52483197251 1.76979624605
1.32542807546 2.52778149365 1.77178113908
1.32700545101 2.44170965871 1.7737371112
1.32856014675 2.4444782076 1.71582233454
1.28351470012 2.44720746844 1.71766563615
1.28497527613 2.36649391131 1.71948311626
1.28641565189 2.3690613994 1.66489013269
1.24433452323 2.37159382377 1.66660694731
1.24568996488 2.34468661518 1.66830060625
1.24702734872 2.34707842931 1.81818259672
1.20759897762 2.34943876407 1.8199402878
1.20885983584 2.30516329028 1.82167512193
1.21010449161 2.30738644276 1.7701261762
1.17275423697 2.30958136064 1.77176067874
1.17393064251 2.26526147544 1.77337466234
1.17509244847 2.26733193715 1.73324872997
1.14868798397 2.26937699379 1.73476984365
1.14978482045 2.20631641714 1.73627250126
1.15086849568 2.20825382204 1.68864334153
1.11746198246 2.2101682334 1.69007131345
1.11849032814 2.14966909263 1.69148252103
1.11950673015 2.1514895737 1.64620841431
1.08780174869 2.15328913461 1.64755218895
1.08876790382 2.09578163486 1.64888068322
1.08972318644 2.09749545819 1.60576911183
1.05987692196 2.09919019308 1.60703732872
1.06078576583 2.04468926102 1.60829156376
1.06168469062 2.04630434394 1.5808787704
1.17364926952 2.04790197542 1.58207021119
1.17459700871 2.02696925492 1.58324890505
1.17553470728 2.02849392131 1.54446067381
1.14551272815 2.03000259115 1.54558591034
1.14640763925 1.98218423497 1.54669945417
1.14729333929 1.98362286044 1.51480172477
1.11966485656 1.98504681777 1.51586195718
1.12051005217 1.94225168145 1.51691148021
1.12134678928 1.94360959682 1.48888932977
1.09354798076 1.94495404684 1.48988986717
1.09434973991 1.9066710389 1.49088057297
1.09514369152 1.90795425345 1.45762373966
1.09592998045 1.86494559381 1.45857237044
1.06990720049 1.86617643048 1.45951192651
1.07066031526 1.86739559587 1.42715192687
1.07140635067 1.8257834896 1.42805420764
1.07214543359 1.78589771903 1.42894807982
1.07287768756 1.75852453963 1.42983369284
1.07360323291 1.76491930861 1.43071119223
1.07432218687 1.73787664754 1.43158071976
1.07503466365 1.71258206755 1.43244241357
1.07574077457 1.70917828596 1.4332964083
1.07644062816 1.67857604891 1.43414283519
1.07713433022 1.66276435745 1.43498182221
1.07782198393 1.63962332435 1.43581349415
1.07850368994 1.61094662248 1.43663797275
1.07917954644 1.58308826544 1.43745537674
1.07984964926 1.55615914205 1.43826582203
1.05555769391 1.55700121919 1.4390694217
1.05620064083 1.55783623863 1.41808822887
1.05683824045 1.53849274373 1.41885885139
1.05747057769 1.51432728522 1.41962311364
1.05809773552 1.51325543786 1.42038111589
1.05871979496 1.48973797481 1.42113295608
1.05933683519 1.47224513174 1.4218787299
1.05994893359 1.45031944579 1.42261853086
1.06055616576 1.43020917954 1.42335245036
1.06115860565 1.41048010991 1.42408057775
1.06175632552 1.41116953303 1.40788573297
1.06234939606 1.40006950357 1.40858597396
1.06293788638 1.40073743399 1.38826235944
1.0635218641 1.38141665815 1.38893541715
1.06410139538 1.38206491391 1.36633106232
1.06467654494 1.36365333546 1.36697835987
1.06524737612 1.36428250711 1.34302954131
1.06581395093 1.34529060102 1.34365290005
1.04174052736 1.3459025068 1.3442716426
1.04228596661 1.33296501462 1.34488583435
1.04282742132 1.33355864261 1.31990903642
1.04336494717 1.32433483662 1.32050224274
1.0438985987 1.30790345382 1.3210911734
1.04442842933 1.30846787103 1.30035807023
1.04495449141 1.29155600073 1.30092593561
1.04547683621 1.29210547807 1.2806871388
1.04599551402 1.27498217864 1.28123510175
1.04651057408 1.27551822262 1.2625030013
1.04702206471 1.26449373566 1.26303202753
1.04753003324 1.25205292311 1.26355741091
1.04803452609 1.2525631221 1.24218519203
1.0485355888 1.23778323393 1.24269390798
1.04903326601 1.23828018272 1.22225034158
1.04952760152 1.22286882718 1.22274303178
1.05001863829 1.20998853846 1.22323243422
1.05050641848 1.21046401381 1.20289058302
1.05099098343 1.19761759425 1.20336546359
1.05147237374 1.19808080738 1.18675517492
1.03132707997 1.19854100407 1.18721483521
1.03179080407 1.18921185161 1.18767152016
1.03225154443 1.17818042821 1.18812526666
1.03270933783 1.17862006363 1.16918907159
1.03316422037 1.16637840629 1.16962971382
1.03361622752 1.16681408344 1.16326776001
1.0340653941 1.15539883049 1.16369578563
1.03451175432 1.15582372175 1.14579772256
1.03495534177 1.14535070374 1.14621389202
1.03539618946 1.1457651175 1.12898167981
1.03583432983 1.13333139947 1.12938986545
1.03626979473 1.12104732723 1.12979555855
1.03670261549 1.1214454253 1.11271819361
1.03713282288 1.10946497604 1.11311307905
1.03756044715 1.1098541056 1.09666363015
1.03798551802 1.09797109354 1.09704798779
1.03840806474 1.08643979803 1.09743006302
1.03882811604 1.08681416371 1.08129540755
1.03924570017 1.07563795499 1.0816676129
1.03966084493 1.07600409094 1.06854254113
1.04007357764 1.06495483659 1.06890429719
1.04048392517 1.0653130517 1.05367758879
1.01792559611 1.06566920772 1.05403024753
1.01832240341 1.05481417126 1.05438088988
1.01871695388 1.04407355899 1.05472953797
1.01910927215 1.04441673949 1.03996710176
1.01949938243 1.03396946634 1.04030706838
1.01988730858 1.03430546075 1.02587846499
1.02027307404 1.02416897181 1.02621012719
1.0206567019 1.02449795591 1.01213618089
1.0210382149 1.01772366488 1.01245986108
0.999329193949 1.01804548953 1.01278176596
0.999698505384 1.00791738477 1.01310191423
1.00006581167 1.00823279466 0.999550310206
1.0004311337 0.99867495939 0.999862746174
0.979494726052 0.998983978062 1.00017350273
0.979848659708 0.999291343942 0.98665716605
0.980200709704 0.989335022329 0.986960803129
0.98055089528 0.980186123345 0.987262832179
0.980899235391 0.980483156028 0.974232490318
0.960439369394 0.980778630985 0.974527549942
0.960777301945 0.971699416304 0.974821069691
0.961113479381 0.971989098052 0.962271809738
0.961447919205 0.962817782684 0.962558540821
0.96178063866 0.954032916291 0.962843796951
0.962111654736 0.954313032779 0.950722447531
0.942553123278 0.954591721983 0.951001133071
0.942874370102 0.94570582795 0.951278405312
0.943193995426 0.945979301537 0.939346949667
0.943512014969 0.940062545571 0.939617976335
0.924618636934 0.940330591244 0.939887647706
0.924930459069 0.934556054706 0.940155976799
0.925240736268 0.934818830927 0.928122866748
0.925549483234 0.925438858923 0.928385506601
0.925856714463 0.925697664449 0.91694814757
0.915507297529 0.925955205189 0.917205055365
0.915805612206 0.917738682075 0.917460713328
0.916102482145 0.90864406102 0.917715133139
0.916397920787 0.908894290833 0.907070404057
0.898936202105 0.9091433196 0.907319150353
0.899223322642 0.901345516476 0.907566708027
0.899509077257 0.901590054891 0.896465866149
0.899793478437 0.896777898859 0.896708275175
0.88283278483 0.897017868793 0.896949541102
0.8831124271 0.89233494198 0.897189674286
0.883390762161 0.892570470345 0.886413002578
0.883667801754 0.885074024223 0.886648164026
0.883943557468 0.885305436324 0.876025651403
0.884218040737 0.877851001121 0.876256043204
0.867917185562 0.878078423758 0.876485376431
0.868184187962 0.870873902664 0.876713660433
0.868449973975 0.871097403114 0.866940604753
0.868714554251 0.864022657688 0.867164078532
0.852968304636 0.864242331836 0.867386542785
0.853225803547 0.864461017775 0.857414621953
0.853482148923 0.857217383647 0.857632595882
0.853737350699 0.857432436593 0.847983902788
0.853991418683 0.850857261872 0.848197481586
0.838636433806 0.851068646965 0.848410115418
0.838883870844 0.844198362691 0.848621812324
0.839130222055 0.844406251152 0.839196730371
0.8393754966 0.837642051713 0.839404210555
0.83961970353 0.837846528206 0.830416788067
0.82487837353 0.838050118257 0.830620109758
0.825116289787 0.831464707509 0.830822553556
0.825353182893 0.825014325378 0.83102412675
0.825589061309 0.825212181204 0.824359212499
0.811461955529 0.825409192916 0.824556613892
0.811691825679 0.81894395459 0.82475317644
0.81192072286 0.81913781425 0.815775494594
0.812148654993 0.813625277174 0.815968328062
0.812375629906 0.813815939006 0.808046956915
0.81260165533 0.807626740441 0.808235969786
0.798925567741 0.807814381251 0.808424195041
0.799145944357 0.808001243183 0.802668111717
0.799365409735 0.801837241001 0.802852579073
0.799583971124 0.802021182869 0.794290284854
0.799801635688 0.795996702555 0.794471409254
0.786391834272 0.796177781758 0.794651793274
0.786604192063 0.790272830213 0.794831442736
0.786815688361 0.790451106418 0.786427567734
0.787026329891 0.784871624326 0.786604003329
0.774220655684 0.785047124776 0.78677972853
0.774426201147 0.785221921237 0.778712095113
0.77463092517 0.778396027147 0.778884648726
0.77483483407 0.778568588216 0.771029681791
0.775037934092 0.773200674333 0.771199133529
0.762469886654 0.773370585245 0.771367915551
0.762668187821 0.76773497043 0.771536032951
0.762865710981 0.767902340155 0.763825115784
0.76306246201 0.762409417575 0.763990249118
0.763258446715 0.762574291547 0.759424248359
0.750934064914 0.762738525675 0.759586313119
0.751125525474 0.75728805226 0.759747751203
0.751316248349 0.757449864435 0.752206679925
0.751506239011 0.751935002709 0.752365343813
0.75169550287 0.752094469243 0.745312358416
0.751884045279 0.748956845695 0.745468235778
0.74017611616 0.749113906545 0.745623521059
0.740360327377 0.743909670778 0.745778218587
0.740543843808 0.744064460315 0.738437155562
0.7407266705 0.739029400177 0.738589271586
0.729391136614 0.73918195333 0.738740817884
0.729569821136 0.734116435926 0.738891798564
0.729747841063 0.734266813436 0.731963366041
0.729925201156 0.72912567082 0.732111782335
0.730101906123 0.729273940167 0.72499144566
0.719169628025 0.729421663722 0.72513744625
0.719342380572 0.724488758774 0.725282911238
0.719514501537 0.724634407656 0.718653977294
0.719685995367 0.719851533844 0.718797006785
0.719856866462 0.714976219857 0.718939516903
0.709370194394 0.715118358958 0.719081511279
0.709537284947 0.715259985389 0.712418123187
0.709703774857 0.710554170673 0.712557798097
0.709869668281 0.710693843098 0.7061866139
0.710034969335 0.706029615359 0.706323991655
0.699719492912 0.706167375852 0.706460880491
0.6998812088 0.706304647686 0.701172520777
0.700042352946 0.701751075155 0.701307087463
0.700202929246 0.697199578319 0.701441179957
0.700362941553 0.697333624185 0.695304986039
0.690341694038 0.697467200779 0.695436914078
0.690498286979 0.692948582535 0.695568381762
0.690654335271 0.693080372693 0.689694776199
0.690809842564 0.688663866674 0.689824119101
0.681067231043 0.688793900266 0.689953015033
0.68121946085 0.688923485945 0.683902648285
0.681371167967 0.684697647135 0.684029524544
0.681522355851 0.68035488262 0.684155966556
0.681673027927 0.680481495993 0.678194957734
0.672252040368 0.680607678768 0.678319439137
0.672399576331 0.676317769998 0.678443498532
0.672546613706 0.676442309367 0.673528570164
0.672693155739 0.67231517969 0.673650627763
0.672839205646 0.672438095786 0.668079303946
0.663613593871 0.672560600388 0.668199471012
0.663756654074 0.668403202123 0.66831923704
0.663899238318 0.66425654197 0.668438604608
0.664041349654 0.664376324239 0.662876902616
0.664182991106 0.660387420146 0.662994452285
0.655304427873 0.660505671056 0.663111614476
0.65544319985 0.660623533372 0.66183126037
0.655581517193 0.660741009557 0.65864089641
0.655719382772 0.656769160506 0.658754921943
0.655856799432 0.656885151348 0.653806505328
0.655993769988 0.652949968874 0.653918794826
0.647277496915 0.653064503068 0.654030720894
0.647411740873 0.653178667685 0.648749842576
0.647545552954 0.649283073941 0.648860128648
0.647678935837 0.645220099121 0.64897006098
0.647811892175 0.64533182467 0.647110669479
0.639798469364 0.645443193995 0.647218993934
0.639928779452 0.645554209286 0.642460206385
0.640058676519 0.641769995749 0.64256692684
0.640188163091 0.641879644479 0.63777794716
0.640317241669 0.637945299816 0.637883109348
0.632074443615 0.638053626285 0.637987941156
0.632201019457 0.63445333596 0.638092444585
0.632327199964 0.634560336937 0.633393229183
0.632452987517 0.630899425773 0.633496220091
0.632578384476 0.631005133237 0.629561372438
0.624096141248 0.631110513408 0.629662844231
