1.08183 1.08534 1.08549
1.08585 1.08691 1.08833
1.08689 1.08612 1.08535
1.07856 1.0812 1.08097
1.08392 1.0857 1.08508
1.08875 1.08883 1.08891
1.08797 1.08145 1.08297
1.08609 1.08375 1.08553
1.08299 1.0832 1.08614
1.08208 1.08235 1.08698
1.08401 1.08377 1.08677
1.09715 1.08118 1.08835
1.08904 1.08411 1.08884
1.08875 1.09443 1.09457
1.09177 1.09335 1.09361
1.0834 1.09012 1.08924
1.08407 1.09262 1.08982
1.09706 1.09964 1.09852
1.0894 1.09539 1.0953
1.08102 1.08229 1.08489
1.0758 1.08027 1.07964
1.08094 1.07289 1.07513
1.07308 1.07674 1.07713
1.06625 1.07226 1.07361
1.06836 1.0628 1.06561
1.06668 1.06775 1.06495
1.06201 1.05839 1.06001
1.06207 1.05525 1.05834
1.0615 1.05904 1.05943
1.05756 1.05638 1.05916
1.06602 1.05454 1.05433
1.06415 1.07337 1.07716
1.06278 1.07421 1.07375
1.06582 1.07877 1.07491
1.05365 1.07193 1.06663
1.06718 1.08014 1.07952
1.08938 1.09661 1.09557
1.07414 1.09094 1.0908
1.0798 1.09599 1.08919
1.08123 1.09795 1.0936
1.07593 1.09026 1.08619
1.08707 1.1003 1.09796
1.08518 1.09685 1.09449
1.07301 1.08511 1.08276
1.08087 1.09359 1.0895
1.07508 1.08616 1.08421
1.06689 1.07657 1.07594
1.0851 1.09556 1.0915
1.09025 1.09901 1.09846
1.09397 1.11459 1.11516
1.08419 1.10944 1.10904
1.10091 1.10687 1.10638
1.0783 1.09773 1.09313
1.07922 1.09767 1.09377
1.06813 1.0954 1.08952
1.04681 1.06386 1.06076
1.06025 1.07202 1.06872
1.05506 1.07348 1.06839
1.06681 1.05803 1.05561
1.07296 1.06369 1.06009
1.05017 1.06272 1.05792
1.06864 1.05409 1.0493
1.04525 1.07114 1.05958
1.08115 1.06995 1.06454
1.08181 1.0936 1.09074
1.11444 1.1038 1.09815
1.08695 1.10824 1.10373
1.06343 1.08294 1.08082
1.06791 1.08138 1.08018
1.0682 1.09197 1.08336
1.06952 1.05815 1.06343
1.05392 1.06979 1.06844
1.07202 1.06932 1.06401
1.10557 1.08053 1.08096
1.09598 1.0859 1.08289
1.10355 1.09019 1.0839
1.09241 1.10886 1.10683
1.1215 1.10353 1.10562
1.084 1.10395 1.10335
1.093 1.08614 1.0763
1.07514 1.09769 1.08812
1.08205 1.09874 1.09066
1.09304 1.08309 1.08345
1.09141 1.09817 1.09841
1.09241 1.10386 1.10913
1.08245 1.09393 1.09233
1.099 1.11734 1.11569
1.11543 1.12353 1.1238
1.12855 1.15303 1.13714
1.12663 1.12662 1.12586
1.15433 1.15761 1.15648
1.14095 1.15714 1.15642
1.14734 1.17741 1.17171
1.16512 1.18989 1.18154
1.14407 1.16361 1.16092
1.1418 1.17578 1.16726
1.15657 1.18236 1.17449
1.13662 1.16436 1.15394
1.16386 1.18285 1.17329
1.1625 1.19042 1.1815
1.13913 1.16834 1.15972
1.1566 1.18951 1.17636
1.17425 1.1944 1.18574
1.14914 1.18329 1.17565
1.20228 1.20254 1.19509
1.18788 1.21105 1.20732
1.16641 1.1963 1.18632
1.18719 1.20372 1.20225
1.18971 1.20903 1.20434
1.16561 1.18335 1.18472
1.16307 1.19083 1.18002
1.16693 1.18778 1.18155
1.14541 1.16667 1.16047
1.15165 1.17654 1.16875
1.15768 1.17835 1.17121
1.15849 1.19391 1.18137
1.135 1.15539 1.14828
1.13009 1.15747 1.14671
1.14874 1.1814 1.16144
1.17684 1.19931 1.19048
1.19926 1.21392 1.20097
1.19849 1.22712 1.21747
1.21546 1.24159 1.22977
1.22721 1.24765 1.24308
1.22901 1.25031 1.24518
1.2391 1.25282 1.25109
1.24801 1.26181 1.26728
1.26259 1.28454 1.28204
1.28429 1.2988 1.30169
1.29038 1.32029 1.31345
1.31208 1.33916 1.33335
1.28961 1.31329 1.31063
1.29396 1.32327 1.31858
1.31881 1.34557 1.33751
1.3244 1.35929 1.3494
1.33568 1.34593 1.36169
1.35259 1.3542 1.37258
1.33467 1.33423 1.35565
1.31082 1.33784 1.33624
1.32795 1.35364 1.34949
1.33923 1.35533 1.37007
1.35849 1.36684 1.38268
1.34442 1.3562 1.36918
1.35695 1.36122 1.37518
1.34006 1.34288 1.36075
1.34782 1.3516 1.36679
1.32679 1.3367 1.35067
1.33293 1.33334 1.35537
1.33686 1.34763 1.36045
1.30848 1.34207 1.33596
1.32862 1.3295 1.34989
1.33813 1.34207 1.3573
1.32211 1.3488 1.34622
1.33543 1.33762 1.3548
1.3112 1.34391 1.34004
1.32462 1.33997 1.34596
1.33443 1.33996 1.35814
1.32223 1.34484 1.34667
1.33966 1.34644 1.35928
1.35994 1.34687 1.3484
1.33766 1.33975 1.35332
1.32167 1.34029 1.33874
1.32899 1.35207 1.34479
1.34377 1.34927 1.36545
1.35228 1.35816 1.37289
1.34111 1.34276 1.35873
1.34288 1.34939 1.36575
1.35783 1.35782 1.34894
1.33572 1.34053 1.35524
1.33698 1.33718 1.33484
1.3363 1.35162 1.34459
1.32807 1.35669 1.34972
1.35125 1.34763 1.36701
1.35496 1.35968 1.37303
1.34183 1.33951 1.35788
1.34114 1.35101 1.36406
1.33928 1.35181 1.34935
1.34189 1.33901 1.35543
1.34423 1.34253 1.33382
1.33891 1.34654 1.33675
1.34172 1.34562 1.35666
1.35943 1.35372 1.34329
1.3516 1.36035 1.34561
1.36154 1.35985 1.37303
1.36352 1.36714 1.37691
1.36261 1.35323 1.36418
1.35394 1.35076 1.36665
1.36225 1.36042 1.34487
1.35928 1.36117 1.34824
1.35846 1.3602 1.37264
1.35979 1.35965 1.37576
1.35047 1.35047 1.35245
1.36516 1.36265 1.35154
1.35233 1.35233 1.35437
1.35282 1.35282 1.35439
1.35568 1.35568 1.35743
1.35584 1.35584 1.35773
1.35851 1.35851 1.36017
1.35875 1.35875 1.36056
1.36169 1.36169 1.36328
1.36193 1.36193 1.36368
1.36482 1.36482 1.36636
1.36496 1.36496 1.36677
1.35936 1.36782 1.36942
1.36804 1.36804 1.36964
1.36324 1.36275 1.37199
1.35651 1.35651 1.35795
1.35817 1.35817 1.35959
1.35803 1.35803 1.35979
1.36117 1.36117 1.36271
1.36178 1.36178 1.36338
1.36455 1.36455 1.36559
1.36473 1.36473 1.36579
1.36706 1.36706 1.36857
1.3674 1.3674 1.36906
1.37029 1.36094 1.37193
1.37059 1.36193 1.37216
1.34854 1.34795 1.3583
1.34939 1.34861 1.36011
1.3558 1.34784 1.34415
1.34541 1.34835 1.34558
1.34406 1.34015 1.3539
1.34653 1.34591 1.35825
1.33328 1.34877 1.34338
1.34103 1.34938 1.34546
1.34551 1.34493 1.35648
1.34952 1.34919 1.36177
1.34989 1.34814 1.34697
1.34983 1.34854 1.34873
1.33709 1.34804 1.34913
1.34235 1.34242 1.35288
1.34132 1.34253 1.33696
1.34356 1.34422 1.33777
1.36403 1.35328 1.34884
1.35181 1.35181 1.35297
1.35242 1.35242 1.35357
1.35513 1.35513 1.35615
1.35553 1.35553 1.35616
1.35737 1.35737 1.35845
1.35799 1.34907 1.35906
1.36021 1.36021 1.36117
1.36069 1.36069 1.36162
1.35376 1.36292 1.36375
1.36318 1.36318 1.36424
1.35413 1.36577 1.36676
1.34821 1.34821 1.34938
1.34964 1.35303 1.34696
1.34858 1.34858 1.34969
1.34909 1.34909 1.35036
1.35206 1.35206 1.35284
1.35191 1.35191 1.35282
1.35422 1.35422 1.35536
1.35677 1.35677 1.35784
1.35736 1.35736 1.35813
1.35936 1.35936 1.36021
1.35971 1.35971 1.36048
1.36174 1.36174 1.36246
1.36389 1.36389 1.36502
1.36465 1.36465 1.36523
1.3664 1.3664 1.36731
1.36659 1.36659 1.36753
1.36852 1.36852 1.36943
1.36889 1.36889 1.36989
1.37022 1.37022 1.37128
1.36957 1.36957 1.37043
1.37144 1.37144 1.37283
1.37302 1.37302 1.37411
1.37611 1.37611 1.37731
1.37653 1.37653 1.37757
1.37826 1.37826 1.37941
1.37812 1.37812 1.37924
1.38008 1.38008 1.38102
1.38048 1.38048 1.38153
1.38301 1.38301 1.38386
1.38274 1.38274 1.38368
1.38522 1.38522 1.38604
1.38499 1.38499 1.38582
1.38691 1.38691 1.38778
1.38755 1.38755 1.38844
1.3877 1.3877 1.38853
1.38961 1.38961 1.3906
1.39013 1.39013 1.39106
1.3922 1.3922 1.39274
1.39225 1.39225 1.39323
1.39469 1.39469 1.39553
1.39439 1.39439 1.395
1.39629 1.39629 1.39734
1.39916 1.39916 1.3995
1.39979 1.39979 1.40064
1.40162 1.40162 1.40289
1.40212 1.40212 1.40327
1.4046 1.4046 1.40584
1.4048 1.4048 1.40605
1.40746 1.40746 1.40863
1.4074 1.4074 1.40842
1.40934 1.40934 1.4098
1.40958 1.40958 1.41073
1.41128 1.41128 1.41231
1.41198 1.41198 1.41247
1.41361 1.41361 1.41367
1.41456 1.41456 1.41471
1.41697 1.41697 1.41737
1.41801 1.41801 1.41844
1.42047 1.42047 1.42042
1.42328 1.42328 1.42351
1.42493 1.42493 1.42548
1.42584 1.42584 1.42628
1.42851 1.42851 1.42874
1.42951 1.42951 1.42994
1.43159 1.43159 1.43207
1.43246 1.43246 1.43269
1.43444 1.43444 1.43477
1.43482 1.43482 1.4357
1.43698 1.43698 1.43666
1.43804 1.43804 1.43772
1.43848 1.43848 1.43808
1.44015 1.44015 1.43973
1.4411 1.4411 1.44071
1.44293 1.44293 1.44261
1.44405 1.44405 1.44363
1.44587 1.44587 1.44562
1.44687 1.44687 1.44728
1.44877 1.44877 1.4495
1.45013 1.45013 1.45033
1.45212 1.45212 1.45249
1.45326 1.45326 1.45366
1.45577 1.45577 1.45595
1.45909 1.45909 1.4595
1.46112 1.46112 1.46189
1.46151 1.46151 1.46226
1.46332 1.46332 1.46411
1.46633 1.46633 1.46689
1.46752 1.46752 1.46841
1.47029 1.47029 1.47059
1.4734 1.4734 1.47398
1.47458 1.47458 1.4753
1.47681 1.47681 1.47685
1.47707 1.47707 1.47718
1.47784 1.47784 1.47813
1.4791 1.4791 1.47939
1.48015 1.48015 1.4807
1.48173 1.48173 1.48232
1.48272 1.48272 1.4833
1.48415 1.48415 1.48448
1.48526 1.48526 1.48562
1.48643 1.48643 1.48674
1.48762 1.48762 1.48786
1.48876 1.48876 1.48938
1.49095 1.49095 1.49227
1.49205 1.49205 1.49319
1.49369 1.49369 1.495
