64.7973217655
64.7123019191
64.5828894755
64.4711254443
64.3273666941
64.1536156225
64.0034221152
63.8661037956
63.7005448557
63.5548016872
63.3731703907
63.1722976616
63.0072089763
62.8286828575
62.6252632384
62.4471260774
62.2336645776
61.9993945065
61.7809392147
61.5463259715
61.3024261215
61.1305918636
60.9166767611
60.6731952452
60.4440867452
60.1997696936
59.9417501373
59.7371996967
59.5125758454
59.2695257156
59.0976558007
58.8672756268
58.620032803
58.4067618064
58.146848926
57.8830323965
57.6774116005
57.4151237886
57.1288869946
56.9201733865
56.6535037951
56.3585632974
56.1572039477
55.9160330269
55.6335223261
55.4329037582
55.224134542
54.9762706352
54.7959063697
54.5676096557
54.3209803622
54.1717974398
53.9468617851
53.6683097359
53.4630412202
53.2483492518
52.9728325758
52.7538331663
52.4812746943
52.1901127616
51.9749109852
51.720095555
51.4424435605
51.1870431199
50.9032533651
50.6105514376
50.3623401776
50.0712581004
49.7673233565
49.5547807496
49.2953091129
49.0140059036
48.7682176383
48.4968526154
48.215185464
48.0130108222
47.7666507681
47.4963668613
47.2680536132
47.0161942886
46.7311142914
46.5111713426
46.251502778
45.9754306529
45.7487024781
45.4760624559
45.1927767207
44.9471441001
44.667871283
44.3824130801
44.1441125919
43.8773599032
43.5991833402
43.3582736603
43.1113132765
42.8429922239
42.5877986167
42.3317277635
42.0485954289
41.8367826301
41.6441194815
41.4023402039
41.1959044298
40.9466326177
40.6652212053
40.4644192581
40.2739691323
40.0362657597
39.8514427691
39.6266339066
39.3648645976
39.2137485404
39.0251532424
38.7791289664
38.513307529
38.3045870235
38.1314165658
37.9037633219
37.6526922377
37.3799462942
37.107491564
36.8312012766
36.5559754363
36.2830019906
35.997052483
35.7265528439
35.4469400229
35.1633120523
34.9023150336
34.6315131903
34.396975319
34.1530764181
33.9004220864
33.649539223
33.4011119487
33.1514746003
32.9126846386
32.6788084433
32.4517270827
32.2175737433
31.9966113771
31.7812072376
31.5651123315
31.3680671668
31.1611673873
31.0792249208
31.0311883778
30.9997021882
30.9722911813
30.9554390658
30.9452120603
30.9367167847
30.9336272205
30.9273540255
30.9218164012
30.9165432836
30.9109105073
30.9069791087
30.9042205921
30.9015066881
30.8987545013
30.9118424252
30.9174901671
30.9188167139
30.8183082564
30.6644396239
30.4946600649
30.3228249853
30.2477742697
30.1088277831
29.9435507721
29.7708471775
29.5749700865
29.5023901091
29.3620109151
29.1995199931
29.0347122109
28.8652139154
28.7921409954
28.6587180294
28.5146904313
28.3600657445
28.2090995871
28.1450977925
28.0251663233
27.8817086056
27.7447627832
27.6148475778
27.5525447482
27.4535118562
27.4048689262
27.3079315403
27.1917972384
27.0443401074
26.9957640483
26.9019455696
26.7954371578
26.6878552122
26.5766953645
26.5212184963
26.4171696384
26.3183864606
26.2194214649
26.124170811
26.0886761138
26.0222081856
25.9336782052
25.8458451608
25.7789749603
25.7378771339
25.6326613886
25.5476115604
25.511665935
25.4275063308
25.3561650663
25.3213589031
25.3090096918
25.3015547875
25.2868612513
25.2744839211
25.2634700823
25.2590970691
25.2511462716
25.2422778554
25.2020828772
25.1816361768
25.1069728616
25.0793867267
25.0264372205
24.9788460257
24.9446797128
24.8851622859
24.8608853525
24.804475426
24.7401674967
24.7099930927
24.6995790457
24.6561530305
24.5915313506
24.5617696061
24.5387069514
24.4967226883
24.43994912
24.3731245415
24.3376840068
24.32533603
24.2813020687
24.2205043607
24.1956723524
24.1801805488
24.1468069824
24.0973280346
24.0651393938
24.0380254408
23.9959547775
23.9483746255
23.9059076433
23.8906535198
23.8887791423
23.8480382853
23.8119486216
23.7769385229
23.7533051132
23.7321559525
23.6884522238
23.6333184404
23.613949738
23.5738112452
23.5459681439
23.4996407786
23.4771494392
23.4545449913
23.4099893807
23.37187206
23.3490130374
23.3322286536
23.282077125
23.2662895999
23.2521597202
23.2739613958
23.2327852191
23.2134643281
23.2351202007
23.2264853433
23.2344314068
23.1904884048
23.1789133526
23.145507056
23.1388400993
23.0992381204
23.059223288
23.0095388836
23.0602467709
23.0441484645
23.0825181376
23.0666573691
23.0343654735
22.9864876377
22.9940402911
23.0111528781
23.001525298
22.9320902921
22.9543890872
22.9296036713
22.933018838
22.9064561963
22.8965592098
22.8631039749
22.8457599861
22.8136048822
22.771517602
22.7473291344
22.7331394193
22.7083478574
22.6730762274
22.6636413319
22.676753799
22.6525063695
22.6171041699
22.5940712926
22.6214427457
22.6149937841
22.5815589705
22.5538438517
22.5634421108
22.5462415822
22.5133524602
22.4949826615
22.4594559183
22.4605056154
22.4402303752
22.3838300909
22.3512820378
22.3167657389
22.2807018204
22.2813618579
22.2607664863
22.2425068521
22.2070470219
22.1900092894
22.1640618789
22.1380091742
22.1076351004
22.1014525983
22.0809205934
22.0513425206
22.0366709208
22.032932298
22.018371274
21.9876639095
21.9724846884
21.9808354613
21.9617910157
21.9340533887
21.9055939193
21.8800446026
21.8479352079
21.8136178688
21.7859159605
21.7550956391
21.7597372749
21.7508547082
21.7312592994
21.7087087342
21.6743040714
21.6575451586
21.6324775996
21.6055617709
21.589668632
21.5627109717
21.5359669169
21.5029360652
21.4757771085
21.4509988154
21.4338737404
21.4139706633
21.3827296217
21.3603609294
21.3316884216
21.3060822163
21.2754263436
21.2465856124
21.2320139397
21.2096818649
21.1971374914
21.179973335
21.1746053509
21.1616025743
21.1491486731
21.1292510703
21.1084549632
21.0925923397
21.0743007441
21.0569840287
21.0284016764
20.9884994103
20.9855287072
20.9734025011
20.9559451106
20.9304668587
20.9209342094
20.9032519832
20.8761222311
20.8591769936
20.8577197186
20.8512681748
20.8480641844
20.8323797232
20.8074568346
20.8131719843
20.7978404782
20.7824133249
20.757982849
20.7420781345
20.7177579128
20.6993103161
20.6764194031
20.6539592242
20.6596803497
20.648810894
20.6275110871
20.5944614838
20.5604235023
20.5465577999
20.5215621426
20.4885492704
20.4676504734
20.4240290036
20.4066600269
20.3998942833
20.3895198244
20.3733376933
20.3617718803
20.3366167953
20.3212800596
20.3042151679
20.286393209
20.2763734326
20.2652812313
20.2530129127
20.245738574
20.2342435026
20.2215196748
20.1831494571
20.1592688086
20.1394128033
20.119243012
20.1076330596
20.083839868
20.060109051
20.0441777189
20.0014225714
19.9736031367
19.9540151735
19.9538560172
19.9274562585
19.9247106933
19.9255001097
19.9047392194
19.8910852308
19.8769160752
19.8423781283
19.8196100399
19.7912509793
19.7731510837
19.7438823163
19.7221302307
19.7049026071
19.691428527
19.6254810081
19.6022911703
19.5790211889
19.550688207
19.541470994
19.5339106827
19.512562634
19.5288331792
19.4684947198
19.4585107155
19.432928321
19.443827733
19.4003078514
19.3882846401
19.3556244028
19.3356838706
19.3218841144
19.2984662048
19.2841351905
19.2644143293
19.2537978033
19.2369450748
19.2277425478
19.2134309918
19.2109931957
19.1903482823
19.1494703376
19.1380352707
19.1210284502
19.1183053435
19.1146419426
19.1042804069
19.0844910423
19.0826485217
19.0805397608
19.0701574939
19.0630871111
19.052476806
19.0494491812
19.0295705379
19.0159010244
18.9987292257
18.9888293473
18.9805239773
18.9719755541
18.9581653429
18.9395829258
18.9205230452
18.9153274435
18.9103335231
18.8770933739
18.8404033475
18.8301223296
18.79244831
18.7740433458
18.7621254043
18.7497254862
18.7278514126
18.7135036042
18.6910643977
18.6718041763
18.6489111017
18.6341661208
18.6145876416
18.5898635855
18.5642456127
18.5461698854
18.5197462392
18.5016626338
18.4947825161
18.4881630731
18.4718751885
18.4594445457
18.4338971599
18.4200949957
18.4070654689
18.3933393537
18.3832535405
18.3712044822
18.34285379
18.3255078631
18.3056389765
18.2968322916
18.2874576322
18.278984661
18.2409133323
18.2180562765
18.2057284982
18.1883701187
18.1638220422
18.1413723936
18.1310441522
18.0951238914
18.0811509139
18.065743062
18.0627235841
18.0530062481
18.0447743062
18.0332153158
18.0167718423
17.9797339168
17.9693714232
17.9433289543
17.9269798712
17.9121102309
17.9017831651
17.8950873524
17.8850728071
17.8492492041
17.8374396512
17.8264940431
17.81366591
17.8049818352
17.796843113
17.7662062106
17.7499007149
17.7269838709
17.7123989809
17.7028754714
17.6922366345
17.6823909163
17.6742644753
17.6607518571
17.6454923809
17.6196505001
17.5982375886
17.5789962911
17.5609125029
17.528128005
17.5057426391
17.5121675252
17.5067412241
