0
-0.0331370592117
0
-0.054709020257
-0.0272962164879
-0.0162763834
-0.00954545225416
0.0887224942446
0.136853427192
0.116583382934
0.111970985884
0.102640070394
0.084842157937
0.0916096421225
0.0899205976725
0.0738016908988
0.0694604149636
0.0656015030212
0.0748981696995
0.0590413527191
0.0562298597324
0.0561889592897
0.0537459610597
0.0604382141183
0.10351753515
0.0995360914904
0.0977498731127
0.0942588062159
0.105349700821
0.10360883524
0.101907067626
0.0987224717624
0.0937225750901
0.0866140236749
0.0904930086647
0.0939305046366
0.11708679014
0.116508326797
0.123851927733
0.12392273128
0.130841012844
0.145457160118
0.149041226714
0.145785348185
0.152448884911
0.149134778717
0.145961698319
0.142920829604
0.140004077979
0.139485817671
0.137053158996
0.15240390828
0.147609347836
0.170156691306
0.167062933282
0.175916292146
0.172950443259
0.169091747753
0.166447295678
0.173021499266
0.170185081245
0.164575324328
0.163169060955
0.160619544378
0.158021623217
0.17201119273
0.16716681661
0.171395157146
0.174297723649
0.171807756169
0.169387928617
0.172963160525
0.184375387716
0.186513858067
0.185314391971
0.183513345138
0.18215942615
0.176472869477
0.174239035686
0.171577965729
0.166806591918
0.169456650789
0.167644766189
0.165648995162
0.16347582782
0.174964046028
0.172907763274
0.171159609577
0.169561495272
0.178619639261
0.176656786082
0.174736603625
0.171711467239
0.169884749502
0.168096488981
0.166368850973
0.164653708179
0.162918489016
0.161272847713
0.171308837116
0.169612710016
