60.4138912201
60.5155991793
60.3121833324
60.3121833324
60.3121833324
60.3121833324
60.3121833324
60.3121833324
60.3121833324
60.3121833324
58.4281609297
58.115598917
58.5298687696
57.5773067251
57.1121830463
57.1121830463
57.1121830463
57.1121830463
57.1121830463
57.1121830463
57.1121830463
57.2647448778
57.4173067093
57.4173067093
57.5144209623
57.5144209623
57.6115352154
57.5298410654
57.6269553185
57.6269553185
57.6423754215
56.460694921
56.4252611041
56.6058185607
56.4252611041
56.1601649165
56.4252611041
55.0641106248
55.0641106248
55.0138006583
55.0138006583
55.0949509263
55.0949509263
54.9154809475
54.9154809475
54.8452744126
54.8452744126
54.8452744126
54.8452744126
54.0030633688
53.8276434079
53.7452881113
53.7452881113
53.7452881113
53.6864523292
53.6162453651
53.6162453651
53.6162453651
53.6162453651
53.6162453651
53.5149642825
53.5149642825
53.5149642825
53.491018486
52.6807354301
52.3572300181
52.3572300181
51.4098055482
51.4098055482
51.3789648652
51.2727806956
51.2727806598
51.0269199371
51.2413961306
51.2413961306
51.1405421227
51.1405421227
50.9522365227
50.3595847771
50.0514991969
50.0514991969
49.3972344264
49.4437272295
49.4437272295
49.4437272295
48.6457291394
48.6537110716
48.482340315
48.4160661966
47.7028976917
47.43375182
47.1760932267
47.1760932267
47.1053423047
46.0915265501
45.781774199
45.781774199
45.781774199
45.7074479014
45.7074479014
45.7074479014
45.7044546112
45.5675666064
45.1985661715
45.1985661715
45.1168721169
45.2166523874
43.5158336997
42.98289226
42.3383998066
42.1601381242
42.2772661418
42.2772661418
41.8464562744
41.844952324
41.8391697407
41.7316112429
41.7316112429
41.7316112429
41.7316112429
40.5166920841
40.4022707105
39.9351103872
39.0031057477
38.95860852
38.2407598615
38.6075647086
38.5807017893
38.5807017893
38.5807017893
38.5807017893
38.2647508949
38.2647508949
37.8088703513
37.8088703513
37.7382485121
37.7382485121
37.7288839042
36.3782485366
35.3335804313
35.2608524203
35.2432181627
35.0199130923
34.6584528297
34.8927088857
34.8927088857
34.8917111158
34.8848482102
34.8848482102
34.7670779586
34.7670779586
34.7670779586
34.7670779586
34.7587936968
34.3878717616
34.708227548
33.7089721948
32.5758486688
32.6255689263
32.6091363668
32.6091363668
