0.0036654 0.00337884 0.00326095
0.00420237 0.00443987 0.00416228
0.00344467 0.00324341 0.00291231
0.00212905 0.00202129 0.00150724
0.0014792 0.00216764 0.00142464
0.00254273 0.00253812 0.00187944
0.00218222 0.00254659 0.00162927
0.00221884 0.00275496 0.00205196
0.00213253 0.00255919 0.00195293
0.00170568 0.00225099 0.00182711
0.00254905 0.00276419 0.00247969
0.00211056 0.00199518 0.00237291
0.00201354 0.00205791 0.00218935
0.00205097 0.00235217 0.00219858
0.00227547 0.00190604 0.00177896
0.00251695 0.0015615 0.00133195
0.00189907 0.00214955 0.0018891
0.00184367 0.00160792 0.00103007
0.0023406 0.00154938 0.00120565
0.00196714 0.00182403 0.00165734
0.00149211 0.00171224 0.00129968
0.00124807 0.0015589 0.00104921
0.00141285 0.0015946 0.00112114
0.00142314 0.00169308 0.00109422
0.00172113 0.00164308 0.00109346
0.00160111 0.00154752 0.00111153
0.00225249 0.00178216 0.0014272
0.00208695 0.00176476 0.00137094
0.00178163 0.00208681 0.00188919
0.00171241 0.0023638 0.002158
0.00178185 0.00240984 0.00209809
0.00196794 0.00157852 0.00139884
0.00185382 0.00171876 0.00152937
0.00179676 0.00246981 0.00209696
0.00174297 0.00152359 0.00134905
0.00292372 0.00208382 0.00158063
0.00233881 0.00184073 0.00167643
0.00134538 0.00160952 0.00113393
0.00223873 0.00174018 0.0016211
0.00245803 0.00228781 0.00216291
0.00218745 0.00232245 0.001988
0.00207374 0.0018906 0.00166014
0.00248928 0.00186177 0.00176612
0.00244708 0.00184327 0.00174186
0.00315911 0.00233948 0.00232933
0.00244319 0.00207579 0.00199494
0.00158176 0.00159309 0.00141892
0.00202025 0.00211195 0.00205
0.00165221 0.00216927 0.00192606
0.00170249 0.00173729 0.00162943
0.0018321 0.0018589 0.00158957
0.00153335 0.00166983 0.00154915
0.00154806 0.00166786 0.00141899
0.00165222 0.00166565 0.00135854
0.00156146 0.00196374 0.00151221
0.00171677 0.00204695 0.00173979
0.00212351 0.0020776 0.00169735
0.00169189 0.00206229 0.00153912
0.00160532 0.00183216 0.00142256
0.00168457 0.00182356 0.0011575
0.00190881 0.00218807 0.0018421
0.00196112 0.00210517 0.00164246
0.00165957 0.00171915 0.00153804
0.00165338 0.00230262 0.00217158
0.00181673 0.00219958 0.00202291
0.00195328 0.00200493 0.00180474
0.00176688 0.00224971 0.00205397
0.00238855 0.00222958 0.0020191
0.00141991 0.00189756 0.00153052
0.00151753 0.00220729 0.00174374
0.00201551 0.00263258 0.00209615
0.00166707 0.00236447 0.00196458
0.00168592 0.00209172 0.00163731
0.00169223 0.002102 0.00162796
0.00188454 0.00262863 0.00192864
0.00166635 0.00265321 0.0019389
0.00197905 0.0025128 0.00188186
0.0015256 0.00226388 0.00146784
0.00175415 0.00255139 0.00178336
0.00233388 0.00254962 0.00201233
0.00181999 0.00212665 0.00180502
0.00198025 0.00230716 0.00214724
0.0022464 0.00243107 0.00232215
0.001603 0.00212105 0.00210346
0.00236839 0.00198473 0.0018771
0.00256342 0.00157537 0.00147689
0.00208862 0.00185661 0.00185947
0.00270953 0.00245235 0.00230973
0.0019183 0.00241352 0.0022753
0.00162767 0.00259944 0.0023247
0.00198354 0.00271932 0.00237133
0.00164477 0.00279943 0.00239097
0.00195808 0.00306775 0.00262975
0.00144309 0.00300981 0.00245452
0.00202893 0.00270863 0.00229018
0.00172043 0.00269236 0.00234371
0.00168136 0.00329606 0.00262375
0.00202344 0.00273855 0.00227025
0.00167633 0.00295696 0.0023403
0.00207047 0.003341 0.00306062
0.00164031 0.00245023 0.00235849
0.00179507 0.00281231 0.0028314
0.00189097 0.00327752 0.00316304
0.00191701 0.0030009 0.00291464
0.00186366 0.00326483 0.0030548
0.00185095 0.00360993 0.0031933
0.00195351 0.00326331 0.00287575
0.00179659 0.0028498 0.00286883
0.00158052 0.00343789 0.00316156
0.0018573 0.00309849 0.00277239
0.00148878 0.00307149 0.00251806
0.00157005 0.00361599 0.00286462
0.00190631 0.00340711 0.0027166
0.00194067 0.00318954 0.00260639
0.0016212 0.0031088 0.00242306
0.00163483 0.00311588 0.00231247
0.0020678 0.00332665 0.00252836
0.00170152 0.00212135 0.00221752
0.00175891 0.00295212 0.00256245
0.00209097 0.00333928 0.00274111
0.0019926 0.00352898 0.00279026
0.00203475 0.00331347 0.00328237
0.00164857 0.00281882 0.00269405
0.0020172 0.00281058 0.00270253
0.00179438 0.00356996 0.00342735
0.00245985 0.00426579 0.00424867
0.00252209 0.00440283 0.00431235
0.00262876 0.00471736 0.00441778
0.00306764 0.00420073 0.0046397
0.00305628 0.0050091 0.00478389
0.00364049 0.00439447 0.00541029
0.00329924 0.00542383 0.00504136
0.00364754 0.00530127 0.00517761
0.00356375 0.00458309 0.00540021
0.00336268 0.00430392 0.00516459
0.0032348 0.00555091 0.00507448
0.00364227 0.00515762 0.0054204
0.00341199 0.00581599 0.00560254
0.00362812 0.00529179 0.00612104
0.00346199 0.00575622 0.00589916
0.00366877 0.00582429 0.0061158
0.00355717 0.00614606 0.00582618
0.00375375 0.00490543 0.0058051
0.00384804 0.00570927 0.00594953
0.00392278 0.00523951 0.00601639
0.00375657 0.00453643 0.00561878
0.00370775 0.00505198 0.00550251
0.00392965 0.00479369 0.00576837
0.00357643 0.00568473 0.00542793
0.00333201 0.00473088 0.00511889
0.00368696 0.00522199 0.00526769
0.00334031 0.00424094 0.00484956
0.00334488 0.00569307 0.00522516
0.00373888 0.00494361 0.00529531
0.00316119 0.00498048 0.00481784
0.00317287 0.00439838 0.00466155
0.00309642 0.00397233 0.00409933
0.00291386 0.00417935 0.00449539
0.00428078 0.0053045 0.00499973
0.00388549 0.00510022 0.00533406
0.00321739 0.00394777 0.00503105
0.00275081 0.0050313 0.00458472
0.00387008 0.00441811 0.00540962
0.00301505 0.00506556 0.00487817
0.00398684 0.00428669 0.00544952
0.0035104 0.00407736 0.00496101
0.00457131 0.00526362 0.00500483
0.00416275 0.00435041 0.00540496
0.0033451 0.00491155 0.0045394
0.00315369 0.00418803 0.00443143
0.00341371 0.00449105 0.00478158
0.00338058 0.00408803 0.00455795
0.00345717 0.00393755 0.00477599
0.00312974 0.00392124 0.0044189
0.00363428 0.00419002 0.00482812
0.00321546 0.00405789 0.00448346
0.00313267 0.00379107 0.00446601
0.00349665 0.00343746 0.00472038
0.0029541 0.0037402 0.00413208
0.00339955 0.00383999 0.00451882
0.00327356 0.00397433 0.00448461
0.00281016 0.00358537 0.00413194
0.00289671 0.00382532 0.00430051
0.00253514 0.00358095 0.00377003
0.00297586 0.00425788 0.00390401
0.00276629 0.00398994 0.00390869
0.00316322 0.00374952 0.0039045
0.00327783 0.00335603 0.00341401
0.00316411 0.00386206 0.00381994
0.00273971 0.00368632 0.00388649
0.0029321 0.00353176 0.00349818
0.00372904 0.00384302 0.00354459
0.00299959 0.00418177 0.00381717
0.00355399 0.00307607 0.00334403
0.00339729 0.00385147 0.00322204
0.00263722 0.00338056 0.00346866
0.00322775 0.00353486 0.00327585
0.00352482 0.00382065 0.00307709
0.00263058 0.00303925 0.00312098
0.00285581 0.00339288 0.00269543
0.00340985 0.00349732 0.00278862
0.00332123 0.00371515 0.00286583
0.00309514 0.00381623 0.00277773
0.00285714 0.00338164 0.00262162
0.0025033 0.00277548 0.00299892
0.00225366 0.0028264 0.0028547
0.00278207 0.00340099 0.00277505
0.00310762 0.00313364 0.00308945
0.00325462 0.00344581 0.00318654
0.00266258 0.00326429 0.00303597
0.00307614 0.00314964 0.00317378
0.00262987 0.00320412 0.00307874
0.00289755 0.00292476 0.00327493
0.00293204 0.00326201 0.00300728
0.00268982 0.00303951 0.00311154
0.00290271 0.00307522 0.0030785
0.00316099 0.00357955 0.00311495
0.00282751 0.00303896 0.00323101
0.00276001 0.00295135 0.00321385
0.00273873 0.0031084 0.00301882
0.00299259 0.00284086 0.00322168
0.00274164 0.0029424 0.00327372
0.0028348 0.00352912 0.00296693
0.00279605 0.00341707 0.00317228
0.00303674 0.003312 0.00339261
0.00270257 0.00314808 0.00320243
0.00275948 0.00325998 0.00325627
0.00282167 0.00291529 0.00332468
0.00329295 0.00350694 0.00321972
0.0031706 0.00342336 0.00330032
0.00279897 0.00264404 0.00321463
0.00323613 0.00329671 0.00298064
0.00278992 0.00311562 0.00307386
0.00265702 0.00326366 0.00309273
0.00326799 0.003493 0.0035122
0.00285411 0.00311179 0.00334391
0.00268386 0.00307321 0.00333803
0.00350995 0.0034689 0.00320414
0.00270917 0.00371675 0.00314506
0.00259362 0.00328394 0.00306593
0.00281529 0.00281564 0.002991
0.00283629 0.00291758 0.00328433
0.00282659 0.00295514 0.00311779
0.00310221 0.0032647 0.00308902
0.00316918 0.00313881 0.00305361
0.00264642 0.00322644 0.0032369
0.00300427 0.00312 0.00296461
0.00309681 0.00275934 0.00304
0.00320596 0.00323625 0.00289173
0.00283516 0.00308295 0.00307905
0.00275882 0.00287108 0.00299113
0.00319154 0.00313503 0.00325308
0.00300275 0.00367882 0.00322484
0.0031023 0.00300764 0.00319608
0.00300271 0.0031954 0.00318921
0.00325004 0.00319913 0.00336817
0.00314346 0.002933 0.00306327
0.00296398 0.00314609 0.00327814
0.00311552 0.00323537 0.00327916
0.00280619 0.00283289 0.00334286
0.00312786 0.00333318 0.00320933
0.00318358 0.00320824 0.00333239
0.00273241 0.00291882 0.00307774
0.00326803 0.00330204 0.00331008
0.00304602 0.00327842 0.00325811
0.00347879 0.0035875 0.00350466
0.00314857 0.00319097 0.00323491
0.00341337 0.00304973 0.00332895
0.00313765 0.00291648 0.00329451
0.00307112 0.00286935 0.0030951
0.00317866 0.00311072 0.00326278
0.00296452 0.00315469 0.00339717
0.00297609 0.00293887 0.0031038
0.0032739 0.0035741 0.00331431
0.00293869 0.00312584 0.00339142
0.00313743 0.00300068 0.00312008
0.00328227 0.00335676 0.00332783
0.00267496 0.00337357 0.00336908
0.00329524 0.00355782 0.00300949
0.00326312 0.00318401 0.00356662
0.00313402 0.00331093 0.00311665
0.0032197 0.00338356 0.00336572
0.00265613 0.00284225 0.00329524
0.00347269 0.00315932 0.00320178
0.00298846 0.00373424 0.0033424
0.00273746 0.00291486 0.00352073
0.0027639 0.00267606 0.00351361
0.00367736 0.00344696 0.00325794
0.00310863 0.00314281 0.00349949
0.00275856 0.00273419 0.00345098
0.0034795 0.00301247 0.00327131
0.00313514 0.00350296 0.003443
0.00302773 0.00307871 0.00353418
0.00340857 0.00361774 0.00323486
0.003717 0.00362062 0.00345819
0.00284867 0.00295712 0.00320615
0.00299359 0.00296452 0.00331842
0.00285059 0.00345292 0.00335266
0.00328853 0.00281547 0.00336983
0.00292177 0.00289551 0.0034061
0.00331764 0.00269245 0.0033306
0.00309091 0.00327466 0.00348543
0.00339391 0.00292907 0.00326974
0.00368602 0.00365746 0.00329714
0.00346505 0.00293385 0.00337971
0.00344283 0.00368366 0.00317849
0.00314272 0.00319806 0.00351316
0.00256616 0.0030092 0.00344258
0.00314716 0.0029716 0.00330709
0.00340572 0.00326757 0.00339814
0.00330418 0.00363654 0.00337066
0.0027918 0.00290763 0.00345056
0.00312278 0.00317596 0.00326523
0.00322991 0.00314659 0.00343955
0.00295689 0.003294 0.00316762
0.00349641 0.00329431 0.00334205
0.00312329 0.00340385 0.00315021
0.00336878 0.00298483 0.00327103
0.00296307 0.00335735 0.00335161
0.00337989 0.00333903 0.00339131
0.00311251 0.00311298 0.0034692
0.00323444 0.00352251 0.00342681
0.00331452 0.00298775 0.00349244
0.00322199 0.00306373 0.00317463
0.00313664 0.0031576 0.00341629
0.00299815 0.00339755 0.00317127
0.00312083 0.00309147 0.00344153
0.00290019 0.00283682 0.00335387
0.0033371 0.00341012 0.00309899
0.0034002 0.00326122 0.00351586
0.00313309 0.00303756 0.00339481
0.00325562 0.00323752 0.0034103
0.00323889 0.00352505 0.00343284
0.00294958 0.00308058 0.00344246
0.00321677 0.00324925 0.00319481
0.00301454 0.00309887 0.00344743
0.0028187 0.00306245 0.00349471
0.00331771 0.00337293 0.00339772
0.00313558 0.0030407 0.00353099
0.00352395 0.0034907 0.00335541
0.00319591 0.00301294 0.00356652
0.00320685 0.00309489 0.00335782
0.0034735 0.00349901 0.00353149
0.00291375 0.00308463 0.00336012
0.0029869 0.00326255 0.00350472
0.00331473 0.00324555 0.00337095
0.00354756 0.0032025 0.00343774
0.0028441 0.00301422 0.00351166
0.0038478 0.00359319 0.00333759
0.00344827 0.00269471 0.00343631
0.00299581 0.00313835 0.00348924
