0.00265846 0.00264496 0.00237683
0.00231966 0.00272956 0.00284822
0.00212122 0.0021495 0.0024409
0.00193973 0.0020525 0.00194311
0.00184638 0.00198719 0.00193098
0.00209871 0.00161338 0.00168764
0.00223375 0.00188467 0.00169064
0.00171333 0.00170011 0.00176512
0.0014733 0.00179462 0.0017468
0.00169124 0.00168852 0.00169021
0.00163639 0.00173151 0.0017209
0.00193498 0.00195761 0.00205693
0.00193338 0.00190272 0.00209073
0.00181215 0.00209748 0.00181619
0.00179507 0.0018342 0.00184643
0.00190635 0.00176457 0.00192629
0.00177208 0.00174504 0.00201392
0.00170479 0.00194355 0.00180311
0.0015694 0.00161926 0.00170118
0.0020603 0.00201491 0.00202061
0.00185384 0.00171287 0.00169332
0.00183769 0.00190251 0.0019249
0.0017025 0.00193541 0.0020276
0.00189811 0.00203837 0.00195903
0.00194512 0.00221261 0.00215846
0.00205204 0.00212742 0.00209932
0.00199261 0.0020303 0.00213635
0.00198238 0.00203058 0.00204201
0.00218393 0.00215958 0.00225938
0.00221775 0.00221284 0.00208347
0.00228843 0.00194301 0.00198612
0.00199112 0.00216101 0.00213547
0.0018478 0.00186437 0.00212582
0.00176654 0.00184759 0.00192925
0.00218475 0.00213752 0.00190677
0.00191568 0.00196456 0.00200862
0.00181407 0.00182853 0.00193282
0.00197154 0.00184589 0.00182651
0.00194824 0.0018659 0.00191596
0.00197114 0.00201252 0.00198647
0.00189861 0.00192716 0.00198882
0.00197962 0.00196254 0.00188723
0.00177745 0.00180825 0.00183797
0.00187372 0.00190998 0.00187249
0.00189131 0.00178209 0.00191247
0.0018255 0.00192585 0.00187263
0.00192543 0.00188216 0.00187543
0.00192897 0.00204679 0.00197199
0.00175193 0.00182859 0.00194584
0.00191499 0.00210234 0.0021365
0.00199332 0.00200766 0.00206363
0.00196231 0.0019354 0.00208316
0.00201359 0.00188172 0.00197551
0.00178614 0.00182293 0.00189218
0.00196971 0.00210655 0.00193494
0.00163959 0.00177075 0.00171109
0.00166934 0.00181139 0.0017355
0.00192165 0.00192795 0.00177541
0.0018011 0.00172709 0.00166875
0.0016118 0.00168868 0.0016408
0.00166034 0.00162232 0.0015987
0.00176276 0.00191458 0.00187697
0.00177216 0.00183749 0.00185084
0.00173887 0.00176544 0.00182848
0.00164008 0.001674 0.00165959
0.00163377 0.00162837 0.00167973
0.00159882 0.00166645 0.00169837
0.00155224 0.00154481 0.00171853
0.00126684 0.00141792 0.00139678
0.00141983 0.00130513 0.00145499
0.00147024 0.00155247 0.0015936
0.00136034 0.00146231 0.00141538
0.00142784 0.00140906 0.00134787
0.00149143 0.00164213 0.00152345
0.00141644 0.00140218 0.00144054
0.00154254 0.00135232 0.00136651
0.00156128 0.00162725 0.0015964
0.00164213 0.00169827 0.00167876
0.00163902 0.00162408 0.00154273
0.00141113 0.00139204 0.00141794
0.00129087 0.00137047 0.00140375
0.00123691 0.00124675 0.00118065
0.00123868 0.00131326 0.00128353
0.00149944 0.00146218 0.00150375
0.00120283 0.00119317 0.00131175
0.00130168 0.00141407 0.00131165
0.00153397 0.00139356 0.00147143
0.00171908 0.00140039 0.00140077
0.00167394 0.00160429 0.00163916
0.00121231 0.00105167 0.00126791
0.00146187 0.00145707 0.001387
0.00173612 0.00158661 0.00160658
0.00145731 0.00152466 0.00145831
0.00143167 0.00148178 0.00168567
0.00128023 0.00119945 0.00126964
0.0015186 0.00122071 0.00137124
0.0012849 0.00123243 0.00127266
0.00151024 0.0014806 0.00144006
0.00130662 0.00172876 0.0013922
0.00142033 0.00145917 0.00145903
0.00155792 0.00128707 0.00113826
0.00140875 0.00143982 0.00141321
0.00159258 0.00134404 0.00123048
0.00216079 0.00182245 0.00177182
0.00191149 0.00146539 0.00128097
0.00157143 0.00142221 0.00137504
0.00165633 0.00165443 0.00153206
0.00131983 0.00138066 0.00132241
0.00137513 0.0013483 0.00155987
0.00158894 0.00139419 0.00134899
0.0018233 0.00121241 0.00130572
0.00188198 0.00148623 0.00132746
0.00219347 0.00162221 0.00190646
0.00159977 0.00147411 0.00147673
0.00141771 0.00132282 0.00123833
0.00112261 0.00106625 0.00112478
0.00141117 0.00118337 0.0013979
0.00169492 0.00136838 0.00139841
0.0012684 0.00144717 0.00126869
0.00177357 0.00131529 0.00132746
0.00168399 0.0015075 0.00150682
0.0013698 0.00121498 0.0012952
0.00147601 0.00144894 0.00145597
0.00154878 0.00160745 0.00159791
0.00148241 0.00148245 0.00132334
0.00167256 0.00169525 0.00155302
0.00167304 0.00165901 0.00163304
0.00140491 0.00149804 0.00148133
0.00154832 0.00138308 0.00151309
0.00162957 0.00154911 0.001521
0.00117036 0.0012196 0.00129096
0.00111829 0.0011941 0.00123092
0.00172515 0.00145904 0.00161694
0.00155439 0.00137062 0.00138727
0.00143274 0.00144544 0.00149443
0.00134311 0.00150022 0.00145379
0.00141291 0.00157597 0.00139527
0.00178835 0.00163648 0.00154593
0.00186416 0.00191217 0.0020011
0.00157194 0.00178459 0.00154197
0.00116421 0.00140864 0.00140564
0.00140702 0.00137307 0.00147003
0.00161087 0.0014336 0.00146898
0.00191139 0.00178196 0.0017356
0.00177723 0.00147648 0.00145346
0.00102823 0.00111002 0.00108452
0.00116616 0.00117078 0.00119067
0.00110983 0.00109769 0.00104024
0.00148787 0.00125101 0.00142363
0.00156773 0.0011665 0.0012901
0.00123326 0.00110692 0.00109564
0.00147521 0.00141668 0.00136469
0.00169688 0.0015159 0.00157858
0.00155667 0.00118196 0.00131992
0.00158807 0.00114545 0.00116116
0.00153792 0.00138545 0.00129104
0.0009891 0.00114468 0.00108426
0.00159554 0.00141179 0.00140873
0.00134763 0.00163017 0.00169956
0.000987067 0.00106986 0.00108543
0.0013297 0.00136071 0.00121991
0.00140253 0.00109179 0.00108036
0.00187042 0.00143853 0.00136297
0.00113524 0.00132546 0.0010962
0.00102647 0.00121243 0.00111832
0.00133387 0.00115244 0.000995137
0.00127873 0.0010157 0.0010787
0.00114225 0.000975259 0.00109156
0.00133832 0.00132056 0.00129988
0.00122479 0.00120188 0.0011446
0.00114954 0.00131503 0.00103303
0.00124746 0.00121876 0.00110622
0.00140589 0.00139559 0.0012582
0.00134879 0.00122041 0.00132121
0.00132301 0.0012895 0.0013139
0.00114052 0.00117308 0.00127347
0.00105004 0.00110593 0.001167
0.00119901 0.00103187 0.00100159
0.00120674 0.000907101 0.00089384
0.000898905 0.000949342 0.00103927
0.00104848 0.00100423 0.000941487
0.00116012 0.00129307 0.00103416
0.00119444 0.00123906 0.00100601
0.00134963 0.00120369 0.0011801
0.00122054 0.00127757 0.00113333
0.00137027 0.00143843 0.00138803
0.00115524 0.00128262 0.00111287
0.00153317 0.00132068 0.00133408
0.00186009 0.00140451 0.0013525
0.00143601 0.00134486 0.00118286
0.00129755 0.00127185 0.00130425
0.00149151 0.00143575 0.00147723
0.00132513 0.00123996 0.00120905
0.0013128 0.00111885 0.0011473
0.00175873 0.00154208 0.00149588
0.00145287 0.00132214 0.00125699
0.0016343 0.00159675 0.00152238
0.00126149 0.00126373 0.00125362
0.00151152 0.00102098 0.00114464
0.00214706 0.00179532 0.00147211
0.001304 0.00115487 0.00142836
0.00156331 0.00150742 0.00144289
0.00109226 0.00129937 0.001268
0.00108823 0.00130806 0.00134427
0.00122016 0.00150371 0.00117136
0.00111925 0.00113856 0.00131577
0.00104592 0.00108445 0.00106841
0.00106398 0.00114532 0.00113394
0.00115328 0.00107911 0.00102592
0.00107243 0.000974881 0.00108505
0.00106046 0.00114858 0.00119476
0.00115432 0.000895376 0.00104227
0.00150784 0.00116105 0.00112281
0.00115803 0.00124641 0.00114026
0.00123739 0.00120949 0.0010336
0.00101571 0.00138113 0.0010649
0.00101609 0.00113442 0.00104993
0.00155475 0.00120455 0.00128321
0.00121714 0.00122835 0.00114592
0.00104814 0.00119721 0.00117604
0.00113268 0.00167736 0.00112282
0.00131277 0.00143036 0.00114311
0.00105219 0.00136809 0.00133921
0.00147094 0.00111163 0.00125526
0.00134091 0.0014506 0.00147741
0.00143253 0.00139446 0.00123621
0.00106251 0.00120629 0.00136703
0.00153861 0.00122192 0.00108687
0.00123339 0.0011993 0.00111741
0.00149601 0.0011749 0.0011037
0.00146796 0.00146753 0.00113441
0.00136979 0.00126163 0.00131003
0.00129006 0.00120903 0.00118926
0.00137149 0.00150407 0.00144864
0.00134833 0.00154948 0.00111747
0.00136356 0.00143519 0.00141338
0.00156535 0.00127681 0.00148836
0.00144677 0.00126122 0.00123486
0.00133806 0.00147596 0.00135501
0.00136309 0.00148879 0.0012534
0.00135705 0.00135789 0.0013446
0.00169518 0.00114422 0.00108994
0.0013552 0.00123644 0.00123025
0.00156162 0.00142789 0.00147185
0.00137274 0.00139352 0.00144585
0.00133648 0.00132308 0.00134329
0.00140162 0.00131056 0.00123874
0.00161989 0.00135308 0.00130549
0.00144427 0.00152815 0.00157836
0.00144965 0.00153155 0.00147734
0.00151537 0.00152912 0.00107899
0.00140425 0.00140673 0.00146712
0.001198 0.001507 0.00128459
0.00144373 0.00125036 0.00129837
0.0013876 0.00134072 0.00133684
0.00123057 0.00151132 0.00159604
0.00128284 0.00117931 0.00140947
0.00128535 0.00144949 0.00118808
0.00160462 0.00145062 0.00152218
0.00125712 0.00163846 0.00141781
0.00124471 0.00141183 0.00137919
0.00118568 0.00119694 0.00176392
0.00118654 0.00133837 0.00136446
0.00140888 0.0015163 0.00129411
0.00120606 0.00108568 0.00109846
0.00124287 0.00125588 0.00140678
0.00133706 0.00116591 0.00128029
0.00117769 0.000975115 0.00115536
0.00146279 0.00135695 0.00139454
0.00144141 0.00154324 0.00122198
0.00125777 0.00117555 0.00130877
0.00152261 0.00122319 0.00109145
0.00124756 0.00118323 0.00140111
0.00142201 0.00150309 0.00136102
0.00133825 0.0012084 0.00113966
0.00188458 0.00121009 0.00164381
0.00136698 0.00118024 0.00107786
0.00121186 0.00129059 0.00143699
0.00126412 0.000976375 0.001126
0.00112551 0.00107131 0.00115434
0.0012769 0.0013383 0.0012203
0.00128478 0.00117589 0.00123772
0.000788683 0.00107596 0.0010937
0.00137104 0.00132012 0.00163995
0.00118468 0.000890643 0.00154273
0.00132151 0.00135724 0.00136145
0.0016563 0.00130135 0.00149376
0.00118091 0.0010314 0.0013067
0.00110397 0.00133731 0.00121512
0.000825082 0.00101151 0.00126607
0.00111484 0.0011607 0.00108479
0.00143554 0.00125872 0.00129234
0.000886527 0.000930919 0.000808938
0.00144312 0.00128088 0.00126899
0.00102931 0.00089085 0.000884878
0.00133413 0.00148634 0.00143285
0.00128387 0.00132695 0.00137996
0.00141737 0.0012944 0.00181203
0.00153266 0.00104303 0.00130272
0.00110699 0.00114378 0.00107521
0.00130784 0.00122123 0.000941426
0.0012677 0.00106748 0.001058
0.00141487 0.00114299 0.00123195
0.000997216 0.000960969 0.000803216
0.00111013 0.00103663 0.00112515
0.00144429 0.000924606 0.000971708
0.00107063 0.00132438 0.00109852
0.00121566 0.00110338 0.00111588
0.00140833 0.00139812 0.00124604
0.00108931 0.00106978 0.00106441
0.00146669 0.000985758 0.00107895
0.00135403 0.0013126 0.00148497
0.00119362 0.000948108 0.00106463
0.00104433 0.00106185 0.00110184
0.000998981 0.00116163 0.00107959
0.00112847 0.00108379 0.00107849
0.00117331 0.00164902 0.00174423
0.00134036 0.00132957 0.000962883
0.00148593 0.00130661 0.00129697
0.0012064 0.00130075 0.00140685
0.00146237 0.00144084 0.00149306
0.00111043 0.00153071 0.00142395
0.00159955 0.0014365 0.00141906
0.00150417 0.00103667 0.00167608
0.000978079 0.00110128 0.00118518
0.00162766 0.00126881 0.00137693
0.00123587 0.00103882 0.00131625
