33.3821842287
33.3702012163
33.3432642217
33.3021840738
33.2403973045
33.1598557058
33.0754682809
32.9864627151
32.8693650133
32.7790639971
32.6862479328
32.5960816031
32.5083137715
32.4177954986
32.3262421102
32.2291341213
32.1211209268
32.0114371594
31.9081774478
31.8036136196
31.7017536447
31.5990932591
31.489099888
31.3854017187
31.2877189453
31.1823698856
31.0783016601
30.9727508889
30.8628342766
30.7463693966
30.6276399926
30.5061001036
30.3887556052
30.2812776745
30.1644221327
30.0456527231
29.9319149876
29.8175266626
29.6941515469
29.5714932042
29.4408806149
29.3063890414
29.1837552534
29.0601505523
28.9138151112
28.8047705475
28.6904337453
28.582503456
28.4714969779
28.3611777797
28.2425162376
28.1618961807
28.0169708319
27.8878134047
27.777411735
27.6684535643
27.5517141046
27.4519810757
27.345103158
27.2345863957
27.133707033
27.0327326982
26.9204936057
26.7945985964
26.6912786569
26.5754325551
26.4553084662
26.3364016231
26.2043033249
26.1060860505
26.0084374204
25.8622059685
25.7515773994
25.5964263796
25.4593394124
25.3144403508
25.1837351141
25.0521005297
24.9298310934
24.8093792298
24.6806913176
24.5702627504
24.4449299939
24.3461843234
24.2632536138
24.1820325938
24.082693312
23.9998350532
23.9162298982
23.8187676673
23.7444833444
23.7004984181
23.6209320427
23.543745498
23.4551187059
23.3642928829
23.2956284403
23.2111453481
23.1250607496
23.0401370016
22.953287132
22.8507355689
22.7549687392
22.6897211978
22.6127485058
22.5556190425
22.4902155402
22.4205763202
22.3567328668
22.291370281
22.2143112545
22.1582936041
22.1086774892
22.0474399921
21.9760984241
21.8910326841
21.8330592734
21.7601433549
21.677187697
21.5854813051
21.5011383309
21.4288585843
21.3497607307
21.2782760511
21.1922150619
21.102105753
21.0326997396
20.9559898457
20.8960992374
20.8289816216
20.7613627354
20.6997369179
20.6327522365
20.5594713032
20.5084438951
20.4415708426
20.3558188476
20.281320146
20.2458863412
20.1899537364
20.1435158593
20.0954161373
20.0677099024
20.0386273388
19.9953088087
19.9442182331
19.8899232295
19.8532962017
19.7833427662
19.7071974753
19.6705542862
19.6375069415
19.5951452024
19.5339444156
19.4953641739
19.4679354355
19.4184532605
19.3696816909
19.3204253393
19.237669958
19.1899571956
19.1472430507
19.0996053652
19.0233095902
18.9664846198
18.9075949701
18.8519387831
18.7899218502
18.7449714168
18.6917647413
18.6285016224
18.5651425168
18.4995326136
18.4453268567
18.3853310335
18.3324764298
18.3014299154
18.2664236706
18.2245933398
18.2032628462
18.1675251943
18.1215703653
18.0513266852
18.0227011756
17.9619228522
17.9525428657
17.9210440495
17.8880172449
17.8500822687
17.8151952182
17.7841734041
17.7412065897
17.7040944974
17.6677077691
17.608149688
17.5773206102
17.5498968203
17.5186782789
17.4996856961
17.479017586
17.4620385247
17.4498943466
17.4082117612
17.4062819099
17.3948551977
17.3948935775
17.3879435239
17.3782730717
17.3600363688
17.3381075359
17.3113453124
17.2908103401
17.2665841805
17.2431479174
17.2037685783
17.1707760291
17.141800887
17.0845768633
17.0502280204
17.0179107529
16.9901027716
16.9596047575
16.9500205104
16.9010701413
16.8762903528
16.877403259
16.8610915266
16.8441760563
16.8220895617
16.7715184358
16.7591952702
16.7204076246
16.6989428489
16.6834878173
16.6589800295
16.6321093334
16.6176016903
16.6007642443
16.5870761889
16.6039913736
16.5896072678
16.5554193586
16.5391520763
16.522583501
16.5027622713
16.5125985016
16.4954694796
16.4307343835
16.3978426372
16.3666027111
16.3522258866
16.3083572326
16.2945276991
16.274849766
16.2600771948
16.2665237693
16.2474215842
16.2229137981
16.1963435907
16.1739587139
16.1554842905
16.1453348139
16.1500924621
16.1364173705
16.1179182232
16.104467786
16.1234307518
16.0857695151
16.0713612465
16.0327061777
16.0147036851
15.988701186
16.0110119825
16.0010529611
16.0025381604
16.0064692761
15.9715552434
15.9850398423
15.9804003996
15.940195548
15.9293181329
15.9143895505
15.9046630499
15.8966034912
15.8853496405
15.8811342282
15.887964656
15.8853401287
15.8730776545
15.8652824325
15.8496988838
15.8296815123
15.8034767461
15.7917442985
15.7759400495
15.7488949773
15.7337688992
15.7132923726
15.7093779753
15.6955375336
15.6652933746
15.688568448
15.678878402
15.6817968274
15.6784998481
15.6673868642
15.6617184281
15.651170401
15.6104307481
15.5901334298
15.5991526623
15.5739212642
15.5443626831
15.5396490265
15.5330897225
15.5148104047
15.5029187119
15.5008883376
15.4922809344
15.4771338655
15.452209227
15.4397405473
15.4340921059
15.4196944758
15.4119651973
15.3951982225
15.3818174373
