1.08413 1.08662 1.08549
1.07715 1.08149 1.08165
1.08184 1.08032 1.0792
1.0827 1.07532 1.07696
1.08366 1.07562 1.07824
1.07096 1.06688 1.06632
1.07422 1.06726 1.06368
1.08349 1.07806 1.07729
1.07735 1.07178 1.07236
1.07533 1.06984 1.06998
1.08265 1.07681 1.07851
1.08137 1.07873 1.07941
1.08329 1.07838 1.08127
1.07745 1.08495 1.08474
1.1009 1.08446 1.08846
1.09406 1.08885 1.08877
1.08332 1.08382 1.086
1.08697 1.08026 1.08493
1.07817 1.0726 1.08327
1.088 1.08776 1.08333
1.08281 1.08284 1.08544
1.08251 1.0842 1.08742
1.07785 1.07172 1.07372
1.08302 1.07413 1.07093
1.07049 1.06984 1.06732
1.06419 1.06487 1.07055
1.06759 1.05829 1.05863
1.0556 1.05551 1.05795
1.05906 1.06057 1.06001
1.05421 1.05913 1.06045
1.05534 1.06206 1.0622
1.0544 1.05389 1.05393
1.05656 1.06116 1.06013
1.05418 1.06864 1.07001
1.04764 1.06564 1.05863
1.07422 1.08097 1.07671
1.07952 1.07903 1.07469
1.06482 1.0943 1.08587
1.08085 1.09374 1.09413
1.07686 1.09073 1.09368
1.05912 1.07859 1.0708
1.09387 1.09178 1.08234
1.06301 1.08045 1.08276
1.05381 1.06606 1.05933
1.07729 1.08481 1.08034
1.07878 1.09383 1.1056
1.05861 1.07091 1.06683
1.09186 1.09745 1.09616
1.09143 1.09874 1.09499
1.0963 1.11152 1.10797
1.11313 1.09885 1.09796
1.08642 1.10219 1.10041
1.06817 1.07783 1.07921
1.08081 1.07704 1.07798
1.07264 1.08465 1.07956
1.0801 1.0756 1.06928
1.06549 1.09038 1.08052
1.10269 1.09025 1.084
1.09314 1.12208 1.11514
1.11231 1.14372 1.12922
1.10731 1.13296 1.1327
1.07509 1.10538 1.0957
1.09313 1.11228 1.10899
1.12376 1.1178 1.1151
1.10649 1.13183 1.13001
1.16009 1.13213 1.13314
1.11309 1.13206 1.1338
1.08395 1.11066 1.10379
1.08828 1.11406 1.11187
1.13405 1.11778 1.11377
1.11779 1.14978 1.14343
1.16333 1.14865 1.14865
1.12483 1.15064 1.14308
1.08635 1.12542 1.11448
1.11644 1.14077 1.12597
1.10651 1.12448 1.12408
1.07515 1.11083 1.10057
1.10915 1.11842 1.1112
1.08957 1.12386 1.10854
1.09494 1.08699 1.08109
1.08119 1.1014 1.0937
1.09994 1.10541 1.09848
1.09091 1.10688 1.10448
1.12572 1.11902 1.11528
1.12942 1.12418 1.12339
1.15591 1.14797 1.14199
1.13263 1.14831 1.14945
1.16227 1.15893 1.15538
1.17848 1.16499 1.16954
1.15273 1.17394 1.17204
1.15834 1.19055 1.18193
1.16826 1.15805 1.15451
1.15014 1.1687 1.16163
1.18372 1.17056 1.16725
1.20873 1.1979 1.19807
1.2155 1.21122 1.20562
1.19532 1.22052 1.21281
1.1668 1.20589 1.19047
1.19241 1.22242 1.21534
1.19946 1.22162 1.22311
1.1733 1.20274 1.19573
1.19426 1.21683 1.21227
1.19542 1.2219 1.2197
1.16715 1.19811 1.18852
1.21838 1.20915 1.20557
1.18673 1.21601 1.21254
1.15632 1.18858 1.17931
1.17677 1.2004 1.19574
1.21311 1.18834 1.19836
1.24211 1.22332 1.22181
1.24596 1.21958 1.22356
1.23567 1.22982 1.22087
1.25549 1.2385 1.23876
1.24953 1.23777 1.23262
1.24596 1.2256 1.22762
1.21268 1.23557 1.22325
1.21975 1.21689 1.20528
1.19008 1.20887 1.20608
1.22146 1.22173 1.21123
1.21019 1.2325 1.22846
1.21626 1.23018 1.23278
1.22309 1.24216 1.22923
1.23225 1.25939 1.24964
1.24985 1.27815 1.27144
1.27064 1.30198 1.29298
1.29395 1.32963 1.32278
1.32433 1.35219 1.34675
1.33833 1.34993 1.36754
1.3307 1.36439 1.35564
1.36021 1.36382 1.38379
1.34885 1.35099 1.37141
1.32879 1.36257 1.35282
1.33847 1.34509 1.36602
1.32967 1.35326 1.35134
1.34054 1.35059 1.36878
1.32587 1.33557 1.35808
1.30905 1.33828 1.3341
1.32275 1.35059 1.3504
1.33646 1.34568 1.36635
1.32334 1.35242 1.34722
1.3412 1.34673 1.3611
1.32032 1.35909 1.34652
1.34598 1.35096 1.36938
1.32786 1.35384 1.3482
1.34427 1.34679 1.36001
1.33067 1.35164 1.34672
1.34083 1.34483 1.35851
1.32311 1.35502 1.34352
1.34995 1.3492 1.36526
1.3258 1.33965 1.35055
1.33694 1.34296 1.35519
1.32761 1.34941 1.34201
1.33532 1.34612 1.3586
1.32291 1.35061 1.3511
1.33624 1.3401 1.35678
1.31547 1.34482 1.33895
1.333 1.34475 1.35826
1.35083 1.35685 1.36897
1.34194 1.34982 1.36251
1.35387 1.35876 1.37103
1.33585 1.33709 1.35702
1.342 1.34147 1.333
1.35004 1.34513 1.33721
1.3338 1.33211 1.35572
1.31092 1.34156 1.33022
1.31378 1.34564 1.33628
1.3306 1.33637 1.35746
1.3455 1.34717 1.36441
1.32544 1.33149 1.34726
1.30373 1.31744 1.32173
1.30529 1.29984 1.31949
1.30499 1.30793 1.32655
1.28681 1.31668 1.30811
1.29453 1.30373 1.31751
1.28138 1.28752 1.30584
1.29193 1.30497 1.31467
1.28677 1.30086 1.30638
1.30363 1.30548 1.3144
1.29268 1.31122 1.30826
1.30275 1.31012 1.316
1.29617 1.29538 1.31221
1.29741 1.29501 1.2931
1.28239 1.28825 1.30043
1.28833 1.28683 1.3053
1.27708 1.28444 1.28374
1.27788 1.27419 1.28966
1.28305 1.27854 1.29342
1.27365 1.27787 1.27543
1.27416 1.28761 1.28568
1.28766 1.28391 1.29305
1.28396 1.2833 1.29494
1.29056 1.27974 1.28255
1.28217 1.27799 1.28407
1.28672 1.28247 1.28708
1.27216 1.28289 1.28446
1.27343 1.27091 1.2871
1.27504 1.28701 1.29096
1.28676 1.28259 1.28968
1.28864 1.28543 1.2845
1.27977 1.29015 1.28718
1.29599 1.27849 1.29451
1.29012 1.28811 1.27539
1.26891 1.28618 1.27902
1.2834 1.29334 1.2951
1.28205 1.2911 1.29915
1.29596 1.29436 1.29076
1.28026 1.27962 1.29969
1.28505 1.28565 1.30297
1.28958 1.29497 1.28146
1.28997 1.28868 1.30495
1.29233 1.29742 1.30885
1.29203 1.28705 1.29386
1.29082 1.28615 1.29643
1.29439 1.29242 1.28391
1.28666 1.27714 1.29935
1.28789 1.30777 1.30326
1.27116 1.29308 1.28216
1.2814 1.29087 1.30152
1.28148 1.30404 1.28991
1.2843 1.30512 1.29301
1.29622 1.30032 1.31422
1.30383 1.29767 1.31813
1.2728 1.30663 1.29023
1.30047 1.30027 1.31662
1.30451 1.29818 1.32019
1.27551 1.30733 1.28868
1.31482 1.30561 1.31801
1.30085 1.30972 1.32175
1.31029 1.30629 1.30639
1.30997 1.30794 1.30876
1.30147 1.30099 1.31198
1.29484 1.2821 1.29929
1.29709 1.28991 1.30308
1.27906 1.28114 1.28556
1.28542 1.28358 1.28869
1.29255 1.29031 1.28395
1.29323 1.28963 1.29737
1.28857 1.28776 1.30102
1.28254 1.2887 1.28167
1.28313 1.28103 1.29548
1.28509 1.28176 1.3
1.28246 1.28038 1.27431
1.29312 1.27922 1.28666
1.29565 1.30008 1.29155
1.29111 1.2903 1.30759
1.30004 1.28834 1.2856
1.30223 1.28734 1.28747
1.29066 1.29476 1.28979
1.29522 1.29576 1.3011
1.29259 1.29787 1.30535
1.28923 1.29015 1.29702
1.28757 1.287 1.28809
1.28947 1.2913 1.28969
1.28823 1.29414 1.29441
1.29522 1.29076 1.2967
1.28596 1.29162 1.29866
1.2891 1.28892 1.29174
1.28231 1.30547 1.29479
1.29769 1.29796 1.31438
1.30592 1.30557 1.29415
1.28577 1.30387 1.29676
1.30306 1.30356 1.30915
1.29203 1.31012 1.30357
1.2909 1.30352 1.30676
1.2931 1.30431 1.30509
1.29248 1.29794 1.30677
1.28893 1.29112 1.2952
1.2906 1.29311 1.29157
1.29724 1.28962 1.29487
1.29273 1.29779 1.28861
1.29663 1.30112 1.30398
1.29722 1.29568 1.30657
1.29891 1.29354 1.29359
1.29896 1.29934 1.29714
1.29797 1.30002 1.29975
1.28824 1.30682 1.30219
1.30026 1.30152 1.31207
1.30131 1.30561 1.31619
1.30217 1.29313 1.29518
1.29476 1.29234 1.29268
1.28816 1.29398 1.29451
1.28654 1.30332 1.29839
1.29521 1.29712 1.31063
1.30178 1.30001 1.29283
1.28082 1.29404 1.29416
1.29747 1.29327 1.29528
1.2902 1.28992 1.29338
1.29258 1.28891 1.2961
1.29007 1.29212 1.28937
1.29095 1.28814 1.2926
1.29448 1.29431 1.28927
1.28919 1.28973 1.29629
1.29441 1.29489 1.28842
1.28856 1.29133 1.28964
1.29281 1.29316 1.29264
1.2924 1.29711 1.2959
1.29378 1.29687 1.29771
1.29296 1.29498 1.30094
1.29568 1.29515 1.29461
1.2966 1.29627 1.29883
1.29496 1.29223 1.29773
1.28931 1.29203 1.29143
1.29219 1.29767 1.29446
1.29616 1.2884 1.29655
1.29553 1.29491 1.29798
1.28772 1.29063 1.2944
1.28718 1.28919 1.29106
1.29128 1.28953 1.29271
1.29322 1.28103 1.29108
1.29236 1.29046 1.29728
1.28484 1.28801 1.2901
1.28822 1.29161 1.29314
1.28495 1.28719 1.29196
1.28532 1.28951 1.2945
1.28837 1.28474 1.28898
1.28259 1.28931 1.28927
1.2908 1.28538 1.29284
1.27663 1.28519 1.28461
1.28116 1.2815 1.27328
1.28836 1.2925 1.29053
1.28967 1.28405 1.2967
1.28756 1.29477 1.29831
1.29022 1.28615 1.29337
1.28503 1.28442 1.28419
1.28398 1.28872 1.28861
1.28143 1.28924 1.28975
1.27635 1.28848 1.28104
1.2797 1.28566 1.2841
1.284 1.28883 1.29025
1.28452 1.2854 1.28902
1.28644 1.28546 1.29093
1.28543 1.28503 1.28363
1.28721 1.28761 1.2893
1.29239 1.2884 1.29016
1.29428 1.28982 1.29346
1.29156 1.29049 1.29533
1.28828 1.28912 1.29181
1.29362 1.29659 1.29191
1.29533 1.29241 1.30073
1.29255 1.29353 1.30311
1.29126 1.28626 1.29049
1.29303 1.29284 1.29036
1.29318 1.28948 1.29169
1.29165 1.28486 1.29519
1.28501 1.29159 1.28571
1.29427 1.29389 1.29738
1.29263 1.29554 1.2992
1.29143 1.28888 1.29433
1.29214 1.28931 1.29751
1.29134 1.29497 1.29297
1.2904 1.29727 1.29526
