0.00162815 0.00168891 0.00144002
0.00127896 0.00175935 0.00157404
0.00128548 0.00169958 0.00133389
0.00151832 0.00171862 0.00140728
0.00137856 0.00172135 0.00128409
0.00149928 0.00166695 0.00122057
0.00164359 0.0017313 0.00120284
0.00211848 0.00189447 0.00138586
0.00216732 0.00221672 0.0017756
0.00207998 0.00196793 0.00168369
0.00224794 0.0019003 0.00173567
0.00207383 0.00197325 0.0019111
0.00151721 0.00232075 0.00216313
0.00169037 0.00162991 0.00148423
0.00214745 0.00174658 0.00166103
0.00163554 0.00254707 0.00226271
0.00202719 0.00184884 0.00159759
0.00231544 0.0023993 0.00181775
0.00221275 0.00213377 0.0017519
0.00192797 0.00191815 0.00151227
0.0023242 0.00203742 0.00171591
0.00243903 0.00212714 0.00204676
0.00230576 0.0022632 0.00198673
0.00193189 0.00222858 0.00186727
0.00222798 0.00226035 0.00215907
0.0020293 0.00200699 0.00182465
0.00274998 0.0024738 0.00238363
0.0024202 0.0021845 0.0020597
0.00215883 0.00222875 0.00210653
0.00261348 0.00242985 0.00241822
0.0016536 0.00246187 0.00238811
0.00182488 0.00193341 0.00200057
0.00103197 0.00172222 0.00151769
0.00143163 0.00239114 0.00197452
0.00174158 0.00179764 0.00160166
0.00164836 0.00192548 0.00140036
0.00200769 0.00230841 0.00178725
0.00227743 0.00258988 0.00208507
0.00164369 0.00251319 0.00226423
0.0017247 0.00256637 0.00229578
0.00177499 0.00205029 0.00182923
0.0013211 0.00158813 0.00169304
0.00200487 0.00243921 0.0021214
0.00160403 0.00271065 0.00230324
0.00225036 0.00264455 0.0022728
0.00168719 0.00288873 0.00251098
0.00184703 0.00259294 0.00222304
0.00203578 0.00265214 0.00219692
0.00144972 0.00274748 0.00252431
0.00208508 0.00275835 0.00233514
0.00168285 0.00216841 0.00165114
0.00160646 0.00197848 0.00141293
0.00201725 0.00267557 0.00195861
0.00172093 0.00286563 0.00246511
0.00152105 0.00267151 0.00231423
0.00214459 0.00275151 0.00250881
0.00197932 0.00242461 0.00213954
0.00179303 0.00242185 0.00195851
0.0016942 0.00250249 0.0022715
0.0017633 0.00248615 0.00209437
0.00189307 0.00196931 0.00175168
0.00213693 0.00191558 0.00177951
0.00216036 0.00199359 0.00194353
0.00262149 0.00322279 0.00272275
0.00207338 0.0030535 0.00275488
0.00155112 0.00286765 0.00259581
0.001888 0.00287999 0.0028471
0.00207654 0.00277668 0.00250394
0.00162739 0.00262848 0.00278488
0.00183081 0.00313105 0.0028944
0.00182402 0.00294202 0.002754
0.00164319 0.00265675 0.00269299
0.00170988 0.00321115 0.00284735
0.00228554 0.00288645 0.00246552
0.00165211 0.00316444 0.00263289
0.00156029 0.00325274 0.00270897
0.00168859 0.00284094 0.00248998
0.00168814 0.00282373 0.00247049
0.00246703 0.00307555 0.00256722
0.00221144 0.00351832 0.00303417
0.0021611 0.00376732 0.00304836
0.00170763 0.00380595 0.00310971
0.00183851 0.00378547 0.00299935
0.00207237 0.00372271 0.00299253
0.00196413 0.00360177 0.00371902
0.00240057 0.00390595 0.00377148
0.00200041 0.00307711 0.00319593
0.00206913 0.00325486 0.00324289
0.00262451 0.00353337 0.00317094
0.00225483 0.0035144 0.00320385
0.00203365 0.00345656 0.00312277
0.00251429 0.00333534 0.00298452
0.00211897 0.00322217 0.0028211
0.00189009 0.00295269 0.00257831
0.00235036 0.00311494 0.00266659
0.0017859 0.0021988 0.00180654
0.00166033 0.00203786 0.0017067
0.00152487 0.0018607 0.00167459
0.00190668 0.00213683 0.00177848
0.00213586 0.00285408 0.00236206
0.00204221 0.00346265 0.00292254
0.00197544 0.00347248 0.00290705
0.00188699 0.00334488 0.00336456
0.00249993 0.00325595 0.00328655
0.0025838 0.00346598 0.00323124
0.00211443 0.00346346 0.00323644
0.00205745 0.00312931 0.00293034
0.00233203 0.00327433 0.00310861
0.00199595 0.00324069 0.00318669
0.00202383 0.0031334 0.00277913
0.00234533 0.00333868 0.0030389
0.0017597 0.00346049 0.00287948
0.00211681 0.00276928 0.00242357
0.00204524 0.00336987 0.00276858
0.00170553 0.00343527 0.00276722
0.00190374 0.00377749 0.00301442
0.00192132 0.00309811 0.00243269
0.00245255 0.00343754 0.00270994
0.00194905 0.00365677 0.00300827
0.00198441 0.00363027 0.00352966
0.00232455 0.00360317 0.00360653
0.00228139 0.00390104 0.003687
0.00221198 0.00402387 0.00356006
0.00234954 0.00388566 0.00347937
0.00235728 0.00271599 0.00328163
0.0021519 0.00362728 0.00305004
0.00230671 0.00304949 0.00309869
0.0021414 0.00314548 0.00298384
0.0021605 0.00318122 0.00289615
0.00214075 0.00299066 0.00277851
0.00187619 0.00243175 0.00216049
0.00184552 0.00315473 0.0025724
0.00198456 0.00260292 0.00215798
0.00190302 0.00242369 0.00200791
0.00169281 0.00270752 0.00239324
0.00231642 0.00380117 0.00324127
0.00233905 0.00339889 0.00327274
0.00214313 0.00323579 0.0030064
0.00208006 0.00356652 0.00303472
0.00230675 0.00357987 0.00334734
0.00330974 0.00396492 0.00317373
0.00296217 0.00390122 0.00358854
0.00268269 0.00354752 0.0038002
0.00240449 0.00305151 0.00341461
0.00255627 0.00320043 0.00347059
0.00239342 0.0036283 0.00315845
0.00253123 0.00296635 0.00329529
0.00329784 0.00331547 0.0029578
0.00243862 0.00357814 0.00332588
0.0026101 0.00261756 0.00269384
0.00191774 0.00309652 0.00285783
0.00214451 0.00384237 0.00326491
0.002296 0.003162 0.00327063
0.00343291 0.00359558 0.00291301
0.0021155 0.00383133 0.00321146
0.00253692 0.00282361 0.00359497
0.00231805 0.00226367 0.00346537
0.00209848 0.00207668 0.00297196
0.00178326 0.00319847 0.00272401
0.00199629 0.00294092 0.00281696
0.00197503 0.00295938 0.00296346
0.00214565 0.00258392 0.00313029
0.00209808 0.00295295 0.00304132
0.00217778 0.00324905 0.0031721
0.00218595 0.00264508 0.00333363
0.00206388 0.00327705 0.0031122
0.0020744 0.00399063 0.00328273
0.00282979 0.00339741 0.00357232
0.00267034 0.00407969 0.00357523
0.00241947 0.00400481 0.00317072
0.00238263 0.00355065 0.00359925
0.0022362 0.00288293 0.00353993
0.00226876 0.00413309 0.00324181
0.00209715 0.00378478 0.00328329
0.00242245 0.00461122 0.00355168
0.00258649 0.00460684 0.00389541
0.00264389 0.00421187 0.00384577
0.00274792 0.00443872 0.00398906
0.00274541 0.00485534 0.0040472
0.00375083 0.00344172 0.00435213
0.00368942 0.00388872 0.00437732
0.00303693 0.00446542 0.00414158
0.00315836 0.0043066 0.00426438
0.00350032 0.00371245 0.00440634
0.00331244 0.0033178 0.00436117
0.00274183 0.00442384 0.00409887
0.00345571 0.00355957 0.0043901
0.00355443 0.00345349 0.00445546
0.0028358 0.00480279 0.00417429
0.00281327 0.00364954 0.00415688
0.00284226 0.00408619 0.00412553
0.00441095 0.00448882 0.00383958
0.00461535 0.00473016 0.00388764
0.00303712 0.00424775 0.00426511
0.00330908 0.00436077 0.0040813
0.00353651 0.00435259 0.0042413
0.00360398 0.0037396 0.00439821
0.00357992 0.00343007 0.00434367
0.00369327 0.00475184 0.00415533
0.00344061 0.0040202 0.00428417
0.00346668 0.00393175 0.00429748
0.00332928 0.00358868 0.00431557
0.00336276 0.00338312 0.00442589
0.0032024 0.0042984 0.00399961
0.00321 0.00412535 0.00414608
0.00350249 0.00381491 0.00434894
0.00343685 0.00344198 0.00429322
0.0030853 0.00429196 0.00420611
0.00297427 0.00321842 0.00393062
0.00334675 0.00350287 0.00408386
0.00311636 0.00332297 0.00409697
0.00249557 0.00297744 0.00383179
0.00259659 0.00282684 0.00383184
0.00227264 0.00390305 0.00353015
0.00234507 0.0028656 0.00359248
0.00238648 0.00377507 0.00335942
0.00358912 0.00353452 0.00310395
0.00359357 0.00370382 0.00320008
0.00238149 0.00306793 0.00359819
0.00229557 0.00274626 0.00346773
0.00360315 0.0036519 0.00316851
0.00228018 0.00361344 0.00325916
0.0039014 0.00286874 0.00342767
0.00247588 0.00404095 0.00353926
0.00244956 0.00275399 0.00376273
0.00262925 0.00301534 0.00372029
0.00231493 0.00285693 0.00348907
0.00238871 0.00360821 0.00357593
0.00241805 0.00306645 0.00363557
0.00241666 0.00332111 0.00362756
0.00239147 0.00301687 0.00348302
0.00252824 0.0029319 0.0035714
0.00370884 0.0036289 0.00322821
0.00361515 0.00373877 0.00328063
0.00238936 0.00311456 0.00359597
0.00265976 0.00306441 0.00358918
0.00349234 0.00357197 0.00330178
0.00227647 0.00360243 0.00349126
0.00355288 0.00360598 0.00359044
0.00239106 0.00314166 0.00356138
0.00250595 0.00346933 0.00359325
0.00367867 0.0036808 0.00354211
0.00280465 0.00308808 0.00349357
0.00230913 0.0030261 0.00350889
0.00374994 0.00377431 0.00341938
0.00282773 0.00324028 0.00364899
0.00257018 0.00310377 0.00355909
0.00283035 0.00395141 0.00333953
0.00399805 0.00380926 0.00349284
0.00348038 0.00354156 0.00362101
0.00339732 0.00333268 0.00359066
0.0027205 0.00310476 0.00361756
0.00332189 0.00299866 0.00352065
0.00267694 0.00377092 0.00357352
0.00289722 0.00332133 0.00363389
0.00259706 0.00276421 0.0036176
0.00300735 0.00414028 0.00345919
0.00336977 0.00401191 0.00355369
0.00316074 0.00319634 0.0036024
0.00254858 0.00248599 0.00359405
0.00368356 0.00325493 0.00341038
0.00395546 0.00367604 0.00359631
0.00241764 0.00384633 0.00371544
0.00269984 0.00368989 0.00378068
0.00293905 0.00299621 0.0036494
0.00364137 0.00348477 0.00330548
0.00243764 0.00335934 0.00341045
0.00310764 0.0037908 0.00353594
0.00371195 0.00311452 0.0035983
0.0035466 0.00360651 0.00334633
0.00361589 0.00320135 0.00340795
0.00292695 0.00381041 0.00347277
0.0025366 0.00350402 0.00356367
0.0036074 0.00363018 0.00356425
0.0025132 0.00344706 0.00357804
0.00297076 0.0032731 0.00369212
0.00281893 0.00298461 0.00373066
0.0034625 0.00383508 0.00354349
0.00289918 0.00344879 0.00368854
0.00318478 0.0031236 0.00372276
0.00288954 0.0036174 0.00350457
0.00366407 0.00394233 0.00352713
0.00276596 0.00281313 0.00377402
0.00265163 0.0026519 0.00363813
0.00346019 0.00348702 0.00335369
0.00293827 0.00274484 0.00343459
0.00358303 0.00357689 0.00320096
0.00359396 0.00377888 0.003355
0.00251457 0.0031965 0.00362789
0.00269355 0.00285483 0.00364418
0.00330507 0.00346831 0.00343949
0.00297059 0.00313299 0.00346679
0.00364006 0.00378889 0.00356022
0.00259342 0.0038367 0.00357687
0.0028666 0.0029856 0.00366523
0.00276927 0.00278721 0.00369664
0.0029593 0.00295619 0.00352217
0.00280842 0.00381606 0.00356367
0.00283484 0.00333892 0.00360525
0.00275034 0.00311658 0.00365123
0.00307121 0.00302199 0.00367012
0.00285698 0.00273422 0.00369595
0.00267826 0.00340514 0.0033706
0.00380992 0.00391433 0.00355481
0.00384036 0.00374219 0.00353108
0.00295806 0.00329826 0.00362846
0.00273993 0.00286843 0.00367907
0.00261646 0.00394903 0.00357308
0.00280551 0.00299608 0.00360765
0.00379137 0.00361221 0.0033627
0.00259394 0.00355936 0.00347168
0.00258444 0.00369238 0.00360151
0.00267105 0.00290844 0.00364987
0.00267933 0.00369222 0.00340517
0.00264061 0.00333021 0.00349327
0.00373317 0.00359007 0.00318183
0.00274373 0.00397977 0.00347816
0.00356115 0.00348644 0.00349533
0.00297098 0.00297704 0.00366381
0.00279502 0.00312122 0.00371722
0.00253909 0.00361588 0.00344134
0.00240066 0.00341804 0.00348709
0.00265263 0.00296256 0.00360771
0.00283766 0.00281149 0.00372398
0.00369255 0.004108 0.00337789
0.00248687 0.00365839 0.00343896
0.00288909 0.0029518 0.00367729
0.00289823 0.00325438 0.00375449
0.00257923 0.00351791 0.00372069
0.00252224 0.00358549 0.00375521
0.00295266 0.00335779 0.00367106
0.00260942 0.00277607 0.00366907
0.00296789 0.00304923 0.00345449
0.00248255 0.00372715 0.00352793
0.00275231 0.00279596 0.00365683
0.0026255 0.00285395 0.0038292
0.0025399 0.00386809 0.00351806
0.00263928 0.00352625 0.00360897
0.00304067 0.00322828 0.00359538
0.00285236 0.00372874 0.00364699
0.00244598 0.00322977 0.00368
0.00263546 0.00316515 0.00375905
0.00270405 0.00341904 0.00356576
0.00252956 0.00340781 0.0035464
0.00308882 0.00340906 0.00360397
0.00300649 0.00335211 0.00371136
0.00317239 0.00351217 0.00362518
0.00262567 0.00297197 0.00368184
0.0034583 0.0034106 0.00341283
0.00257184 0.00349597 0.00342815
0.00255909 0.00297022 0.00355098
0.00267976 0.00286369 0.00361174
0.00261964 0.00325179 0.00347084
0.00266123 0.00335732 0.00347003
0.00275578 0.0035423 0.00350486
0.00370514 0.00400196 0.00340823
0.0036822 0.00380797 0.00336366
0.00282371 0.00373043 0.0037472
0.00288711 0.00279977 0.00383775
0.00267242 0.00354281 0.00364837
0.00274032 0.00317907 0.00362833
0.00278651 0.00316053 0.00328899
0.00239078 0.00324424 0.00338468
0.00356448 0.00353142 0.00316246
0.00368224 0.0035583 0.00336756
0.00256621 0.00324657 0.0033335
0.00314725 0.00321299 0.00361218
0.00263178 0.00292085 0.00368299
0.00347516 0.00368422 0.00333153
0.00320856 0.00363442 0.00339257
0.00253279 0.00275103 0.00358371
0.00392862 0.00389085 0.00349052
0.00377311 0.00390093 0.00344438
0.00266934 0.00363183 0.00359588
0.00235604 0.00351867 0.00365653
0.0030193 0.00314104 0.00367803
0.00298449 0.0031659 0.0037145
0.00260899 0.0028986 0.00359452
0.0027871 0.00268088 0.00359785
0.00274197 0.00366145 0.00337948
0.00248345 0.00265534 0.00349531
0.00336941 0.00366165 0.00328735
0.00332315 0.00327026 0.00339249
0.00387766 0.00361077 0.00347618
0.00265848 0.00274467 0.00353812
0.00355595 0.00358869 0.00325443
0.00368385 0.0027036 0.003275
0.00256231 0.00370792 0.00355377
0.00282365 0.00295381 0.00364622
0.00275382 0.00300881 0.00372193
0.00280225 0.00372843 0.00352438
0.00235947 0.00345593 0.00352999
0.00235266 0.00310852 0.00353892
0.00305701 0.00369016 0.00363908
0.00247627 0.00299982 0.00359741
0.00250044 0.0025765 0.00357456
0.00350872 0.00356505 0.00335832
0.00259914 0.00372068 0.00362226
0.00279039 0.00309261 0.00361981
0.00256577 0.00280458 0.00371088
0.0027041 0.00375487 0.0034945
0.00257706 0.0026425 0.00351538
0.00230372 0.00246131 0.00352191
0.00267037 0.00358543 0.00327675
0.00272195 0.00347181 0.00336588
0.00336111 0.00336758 0.00310592
0.003386 0.00347301 0.0031793
0.00364917 0.00370756 0.00346122
0.00243314 0.00346438 0.00352764
0.00297789 0.00283427 0.00371205
0.00273619 0.00312525 0.0037202
0.00257724 0.00286114 0.00368549
0.00240111 0.00301275 0.00348843
0.00342492 0.00368686 0.00323417
0.00359716 0.00385161 0.00327621
0.00374871 0.00346378 0.00347696
0.00252978 0.00330686 0.00351913
0.00308727 0.0031054 0.00371753
0.0028619 0.00292162 0.00374821
0.00255836 0.00297198 0.00363773
0.00290412 0.00357789 0.00359778
0.00259126 0.00273544 0.00362601
0.00361369 0.0031876 0.00324553
0.0037948 0.00420661 0.00342033
0.00278655 0.00357084 0.00342126
0.00295891 0.00311478 0.00368583
0.00282194 0.00321479 0.00376998
0.0026864 0.00356486 0.0035718
0.00250476 0.00343734 0.00352704
0.00281322 0.00288563 0.00360958
0.00367116 0.00339803 0.00345238
0.00267661 0.00345586 0.0034413
0.00292231 0.00274979 0.00368115
0.00284848 0.00282962 0.00372888
0.00276863 0.00381829 0.00351702
0.00248275 0.00329052 0.00350604
0.00252535 0.00330355 0.00355223
0.00303787 0.0033861 0.00373662
0.00262188 0.00302792 0.00371884
0.00278008 0.00413324 0.00350239
0.00293157 0.00309742 0.0036869
0.00259266 0.00263698 0.00367
0.00377259 0.00383348 0.00356685
0.00277985 0.00363612 0.00358415
0.00242452 0.00291672 0.00349638
0.00261285 0.00312328 0.00355682
0.00243186 0.00262792 0.00356925
0.00274937 0.00350097 0.00338972
0.00266716 0.00359958 0.00347235
0.00373545 0.00370675 0.00330016
0.0025015 0.00338767 0.00357745
0.00257873 0.00289706 0.00360465
0.00238287 0.00368929 0.00341337
0.00265994 0.00330879 0.00352737
0.00279424 0.0036477 0.00352125
0.00261316 0.00280963 0.00361982
0.00258407 0.00402385 0.00348687
0.00293447 0.00326218 0.00359679
0.00340072 0.00304734 0.00322759
0.00236277 0.00299668 0.00327294
0.00396999 0.00361483 0.00336758
0.0024467 0.00337162 0.00339277
0.00265852 0.00290739 0.00352816
0.00260194 0.00280272 0.00363669
0.00266871 0.00254943 0.00364047
0.00383324 0.00366 0.00342825
0.00270348 0.00308197 0.00346886
0.00349999 0.00365401 0.00323115
0.00217579 0.00325298 0.00334916
0.00373072 0.00388547 0.00349952
0.00381608 0.00343129 0.00352524
0.00232265 0.0032168 0.00343935
0.00257042 0.00272708 0.00346238
0.00296477 0.00401062 0.00341162
0.00262672 0.0035036 0.00344242
0.0026225 0.00339806 0.00342472
0.00262326 0.00302235 0.00346588
0.00337814 0.0032879 0.00339691
0.00220356 0.00301284 0.00337376
0.00314414 0.00393472 0.00343885
0.00339194 0.00381013 0.00352909
0.00359928 0.0032888 0.0034708
0.00349347 0.00322917 0.00354894
0.00250092 0.00321409 0.00355925
0.00217846 0.00225275 0.0035035
0.00253586 0.00383358 0.00325831
0.00341071 0.00350732 0.00334369
0.00365131 0.00318847 0.00340238
0.00274526 0.00275911 0.00357512
0.00330826 0.0035212 0.00341475
0.00276919 0.00384562 0.00351193
0.00268779 0.00274375 0.00346213
0.00280961 0.002848 0.00351132
0.00347525 0.00363994 0.00334012
0.00261597 0.00305722 0.00346249
0.00353985 0.00416415 0.00338893
0.00255217 0.00384049 0.00339532
0.00261413 0.00281782 0.00347542
0.00336044 0.00335338 0.00330006
0.00247361 0.0031923 0.00336516
0.00226055 0.00300523 0.00332664
