82.4630792846
82.4013180774
82.401863662
82.4927607485
82.5008771018
82.5185993337
82.4568409955
81.3669510523
78.9401163508
77.2079045401
76.5749023652
75.6720535434
75.2196057462
74.8242252352
74.7952136762
74.8268366587
74.858550832
74.8751979926
74.8591088468
74.909295937
74.9062413448
74.3107594402
72.0992237818
70.3844629654
70.3825027297
69.8498764205
69.8547706047
69.8481818888
69.1884413669
68.77871734
68.3198265509
67.9861487309
68.0230906234
68.0560328184
68.0727325543
68.1140857284
68.0921027382
65.946351808
64.0266162871
64.0286588672
63.7446074187
63.2471923337
63.2124898827
62.7275322161
62.5369828526
62.4931594961
62.0383172497
61.6449666998
61.3411488467
61.3029900595
61.3498320939
61.3758083973
59.1988088804
58.4625522577
58.4730552948
57.863587771
57.4515341259
57.1766142179
56.8671957271
56.5682435067
56.5098228051
56.2332658907
56.326902437
56.0093020261
55.8132614514
55.5377711188
55.5863932941
53.4188818392
52.5212826453
52.5684001947
52.1802295962
51.8654213009
51.8694618635
51.6507994298
51.2440990152
51.2942327142
51.1757400132
50.9907313635
50.9471839458
50.7011642252
50.5178177992
50.6868104852
50.4872490683
48.543082938
48.5710255605
47.6477963941
47.0544162459
47.2975801236
46.6227892553
46.6276184828
46.6314794255
46.4110874042
46.1251502481
46.175342448
45.8392536617
45.7766052554
45.7946814004
45.5236229971
45.3680841881
45.3121714271
45.0755125446
43.2007789426
43.1856951062
42.4763812571
42.3013259073
41.9239329125
41.6294990581
41.4086955283
41.4453080404
41.2155224227
40.9922233352
41.2565174955
40.7960432309
40.694238873
40.3849437855
40.4088930024
40.3782726351
39.8688302736
38.3532921494
37.9155556984
37.0411512512
36.3733578019
36.1917681129
36.0233225636
35.9775434855
35.9170171417
35.669830323
35.4152251988
35.339034725
35.284572004
35.3765085649
35.1089352791
35.0299845877
34.5032214443
34.4902836747
34.1994150851
33.8379435804
33.3231163189
31.7203819923
30.6263784787
30.5155450126
30.5904376082
30.248459276
30.2145741166
30.2321541692
30.2026119639
30.0636274513
29.9828476727
29.9882807567
29.9569906833
29.9386609924
29.618175154
29.625348483
29.5769151409
29.2619914102
29.1104319172
29.2436218828
29.2833147987
29.2737559642
29.2740901928
29.2026635685
29.2661107928
29.1651607698
29.2395253046
29.2539734557
29.2167002213
28.9043892599
28.5850729684
28.6020773322
28.4679454813
28.4346564449
28.5038494316
28.4699296324
28.6291008635
28.5961106773
28.5859811906
28.7466101716
28.74725492
28.7930865211
28.3869678648
28.7385048336
28.3094808941
27.9551769553
27.9595442961
28.7358854565
28.3904222062
27.9521522421
28.8099639008
28.7301590546
28.7036634369
28.5464293049
28.5098646778
28.6258101425
28.7205478022
28.6945033579
28.3997696297
27.9637431231
28.8130413887
28.7011772437
28.8459723434
28.0437850119
27.9729031606
28.7277715913
28.3162042564
28.0350701024
27.9388339127
28.7346572572
28.7626765343
28.3505763397
28.025520191
28.7831328474
28.3516174178
28.7839121004
28.7258326044
28.7027952477
28.6578546762
28.6152246276
28.690132272
28.6694529599
28.6064974493
28.5672812303
28.6737434184
28.2659594757
28.3642521021
28.3506679063
28.3697769789
28.302415766
28.3945841594
28.3760882962
28.3600539185
28.3241468641
28.2653829502
28.2312602013
28.3395582861
28.1333708148
28.1575150896
28.0739503324
28.4563984543
28.1370342936
27.9888898853
27.8650639937
27.6566503403
27.5258111436
27.6982456745
27.5145689641
27.5438564106
27.5644496854
27.3600573146
27.6094258886
27.4750011452
27.4663211427
27.5396629234
27.397280329
27.4107011184
27.333903758
27.3988010843
27.3375020229
27.3264481544
27.309293135
27.5434830264
27.5023581311
27.360509589
27.320715597
27.3282981674
27.3184265141
27.3123958619
27.40145221
27.3255471942
27.3145812772
27.3002783284
27.4947093928
27.4635835349
27.3335415796
27.3211839881
27.3486926602
27.3286279871
27.3494918754
27.322253183
27.3350741542
27.3398664144
27.3115567712
27.3235824795
27.3270713323
27.3494397069
27.3215002541
27.3136557629
27.3115600631
27.3529629014
27.3367435704
27.3293122709
27.3245856939
27.355651508
27.3386547445
27.3130293286
27.3261743857
27.3477909789
27.3227840901
27.3162036998
27.3110773721
27.3282088474
27.3144872063
27.3161625063
27.3394197184
27.33805702
27.3151494423
27.3107094987
27.3444047612
27.323651712
27.3122148971
27.302546917
27.3961753584
27.3183911464
27.2969312229
27.2924712405
27.2993756995
27.3111824524
27.2980315167
27.3245043307
27.3129774772
27.2963343187
27.2948464152
27.3351628037
27.3276753488
27.3234454647
27.3006884419
27.3088867117
27.3010421581
27.3163055767
27.3065875395
27.3485515962
27.307785498
27.3068890451
27.2975211306
27.3097908978
27.3133020576
27.3065084561
27.297682332
27.3355193435
27.3196540698
27.3098835567
27.3097640828
27.3347888827
27.3214371074
27.346733874
27.3457357964
27.3529738341
27.3074912171
27.3786434053
27.3106589696
27.316466569
27.3136587297
27.3167694087
27.3060142038
27.3157322938
27.4007883552
27.3008853697
27.2912548024
27.1579082356
27.3175605427
27.3049751052
27.305133759
27.2924575646
27.3205675753
27.2927615763
27.2924024401
27.3272822334
27.3311213647
27.3796385583
27.3050002865
27.3160801983
27.3511356117
27.3073721171
27.3153450269
27.1708318299
27.309557024
27.169901693
27.3314211233
27.166347338
27.30961183
27.1625181337
27.31114103
27.3023091318
27.3166228247
27.297012971
27.3137702585
27.2903935037
27.3081763638
27.1713429379
26.9985366987
27.3333862303
27.1642080606
27.0184655845
27.2482721429
27.0247975894
26.8803471905
27.2515537893
27.3200310427
27.1778596676
26.8889131443
27.3199244976
27.162923807
26.8888566275
27.3179462186
27.1654543213
27.3181525069
27.3008302412
27.3073671486
27.3056921135
27.3320667158
27.1834173896
27.0357657553
27.1883458353
27.3739494021
27.315715431
27.3210458753
27.1679832459
27.1834206773
27.0293225715
27.00658216
27.0425909388
27.0285106804
27.398212631
27.3882984847
27.3250703657
27.1801694506
27.0249769165
27.0382667577
27.0207503529
27.0483760516
27.2091342925
27.0282062799
27.0474883413
27.033599183
27.3418965719
27.1828831276
27.0430335202
27.0543098225
27.0519645122
27.3602436737
27.0280500636
27.0233748533
27.2039392304
27.0303676531
27.1161116837
27.0417633638
26.8955944341
27.0389580068
27.0384843945
27.4217047965
27.3230501132
27.1898031559
27.0323430821
26.9016521945
27.0426512887
27.0431124241
27.1975472997
27.0338160933
27.0322865324
27.0291392159
27.1240959599
27.0302384284
27.1962870422
27.0403796047
26.9064487053
27.3561260406
27.208149945
27.3904363815
27.3229820334
27.3502158847
27.3348695071
27.1150612527
26.899747264
27.1328208355
27.0322583884
27.0236322703
27.1122017744
27.4227811639
27.4065417956
27.4357346083
27.4226681159
27.4120444995
27.2549238332
26.9079039969
26.9043884604
27.4208145425
27.4000609342
27.1331636602
27.0631963619
27.3033644755
27.1233820675
27.0471061024
27.0443760124
27.2847080294
27.0425767704
27.4378518168
27.4035120161
27.093898309
27.1184582306
26.8971695651
26.9094713799
27.4247996678
