1.087 1.0873 1.08718
1.0824 1.07669 1.08118
1.07082 1.07037 1.07068
1.0751 1.0731 1.06906
1.07377 1.07598 1.07403
1.07619 1.0732 1.07193
1.07064 1.06734 1.0677
1.07151 1.07035 1.06616
1.06702 1.06918 1.06734
1.06993 1.07127 1.06909
1.07112 1.06768 1.07009
1.0707 1.06662 1.06772
1.07131 1.071 1.06976
1.07445 1.07321 1.07174
1.0724 1.07117 1.07289
1.07413 1.07361 1.07314
1.0755 1.08275 1.07955
1.09756 1.09267 1.09738
1.10438 1.09866 1.10352
1.10766 1.1004 1.10883
1.10113 1.09805 1.10452
1.11564 1.10845 1.11295
1.12337 1.12488 1.12486
1.12968 1.1329 1.13171
1.14072 1.13186 1.13743
1.1556 1.15225 1.15183
1.15579 1.15822 1.15794
1.16695 1.16901 1.16395
1.1834 1.18254 1.18161
1.18942 1.188 1.19
1.19839 1.19437 1.19762
1.2012 1.20465 1.20407
1.20513 1.2048 1.20526
1.20854 1.20564 1.20466
1.20423 1.20114 1.20221
1.20915 1.20827 1.20716
1.21619 1.20786 1.20897
1.22308 1.22003 1.22306
1.21906 1.22254 1.21645
1.20976 1.20693 1.20652
1.20116 1.20415 1.20423
1.19598 1.1961 1.19724
1.18472 1.18695 1.18562
1.18327 1.18479 1.18409
1.18208 1.18811 1.18505
1.19212 1.19066 1.19083
1.22667 1.22666 1.22519
1.22427 1.22011 1.25428
1.22854 1.235 1.23221
1.20021 1.20651 1.20493
1.18103 1.18307 1.1834
1.16499 1.16762 1.16681
1.17383 1.17591 1.17309
1.17312 1.18011 1.17525
1.16767 1.16602 1.16577
1.16545 1.16334 1.16291
1.16596 1.16017 1.15939
1.16042 1.16135 1.15742
1.16422 1.16183 1.16052
1.15813 1.16149 1.16046
1.17446 1.15196 1.17635
1.16476 1.16146 1.15806
1.16611 1.15499 1.15905
1.16301 1.15311 1.15544
1.17956 1.17042 1.16917
1.19182 1.1768 1.17386
1.18559 1.17718 1.17427
1.19294 1.1905 1.1834
1.19425 1.18324 1.18808
1.19089 1.18987 1.18866
1.19912 1.19256 1.19273
1.19573 1.19721 1.19355
1.19969 1.19114 1.19325
1.20414 1.20403 1.2008
1.20892 1.20955 1.20084
1.20798 1.1882 1.19316
1.21545 1.20912 1.20315
1.22608 1.21019 1.20297
1.21961 1.19875 1.19424
1.24204 1.22516 1.22697
1.23896 1.21364 1.22276
1.2134 1.21722 1.22384
1.2122 1.21572 1.21198
1.20469 1.20604 1.21578
1.22837 1.22511 1.22947
1.23581 1.23396 1.24293
1.23819 1.24186 1.24637
1.2568 1.25949 1.26735
1.26086 1.26131 1.26832
1.26693 1.26535 1.27214
1.25937 1.27745 1.28531
1.23211 1.2495 1.25715
1.2329 1.24801 1.25756
1.26047 1.26083 1.27336
1.2668 1.26372 1.2734
1.26089 1.27079 1.27323
1.27569 1.27675 1.28482
1.27873 1.27363 1.28094
1.27116 1.27153 1.27486
1.27804 1.28233 1.27874
1.26915 1.27678 1.27966
1.2786 1.26379 1.27672
1.28999 1.26832 1.27942
1.3038 1.28274 1.29691
1.29137 1.26631 1.27762
1.28173 1.27301 1.28182
1.28065 1.26865 1.28594
1.26213 1.25256 1.26362
1.27097 1.26432 1.27235
1.27967 1.27937 1.28469
1.29202 1.29202 1.29479
1.30541 1.30546 1.31303
1.31127 1.29955 1.31507
1.30784 1.28744 1.30284
1.31878 1.2914 1.31083
1.32381 1.30577 1.32468
1.34896 1.32105 1.33855
1.32725 1.30737 1.32546
1.33274 1.33273 1.33892
1.34761 1.3431 1.35562
1.35575 1.35424 1.37132
1.36754 1.36852 1.38464
1.38183 1.37951 1.39451
1.3828 1.3892 1.4017
1.39107 1.39358 1.40769
1.38947 1.39739 1.41059
1.39432 1.39975 1.41367
1.40465 1.40902 1.42097
1.39376 1.39773 1.41089
1.4003 1.39949 1.41281
1.40989 1.4098 1.42396
1.4037 1.40124 1.41885
1.39228 1.39265 1.40876
1.40647 1.40579 1.42123
1.39369 1.3889 1.40489
1.3903 1.39764 1.41093
1.37017 1.37456 1.38849
1.37549 1.37371 1.39526
1.35293 1.35216 1.37328
1.36673 1.36598 1.38304
1.34635 1.34635 1.36868
1.34453 1.33868 1.34245
1.35032 1.33388 1.35396
1.35423 1.35307 1.37047
1.34017 1.33551 1.35763
1.33259 1.33376 1.3419
1.33589 1.34044 1.35274
1.33857 1.34266 1.34741
1.34033 1.34431 1.35636
1.34522 1.34309 1.33563
1.35076 1.34343 1.34357
1.34936 1.3495 1.34626
1.34868 1.34868 1.35452
1.34778 1.34778 1.35424
1.34784 1.34784 1.35401
1.35679 1.35679 1.36266
1.35004 1.35018 1.36228
1.35689 1.36177 1.35236
1.35397 1.34221 1.35787
1.34788 1.33902 1.34003
1.3404 1.34586 1.35791
1.34711 1.34424 1.36513
1.3432 1.34389 1.33891
1.33872 1.3466 1.34547
1.3527 1.34773 1.33815
1.34492 1.34534 1.34422
1.34686 1.34686 1.34991
1.34863 1.34863 1.35078
1.34105 1.35144 1.35549
1.35129 1.35129 1.35508
1.34419 1.3452 1.36092
1.34785 1.34522 1.33953
1.35118 1.35118 1.35461
1.34703 1.34803 1.35988
1.35212 1.34632 1.34475
1.34086 1.34927 1.35305
1.34353 1.34376 1.36019
1.34898 1.34708 1.36508
1.34146 1.34551 1.34293
1.35752 1.35599 1.34476
1.35306 1.35089 1.35041
1.35187 1.35187 1.35504
1.35223 1.35223 1.35541
1.34308 1.34478 1.36136
1.35132 1.34471 1.34186
1.34811 1.34822 1.36312
1.35133 1.35305 1.36742
1.34673 1.33258 1.35124
1.34148 1.34134 1.35825
1.34578 1.33479 1.33803
1.35058 1.33753 1.33785
1.34724 1.34529 1.34439
1.34041 1.34072 1.35312
1.34351 1.34368 1.35956
1.35279 1.34897 1.33904
1.35024 1.34504 1.3445
1.34461 1.35375 1.35627
1.34515 1.34412 1.35723
1.34594 1.34732 1.3623
1.34613 1.34396 1.34324
1.33798 1.34666 1.34843
1.35105 1.35105 1.35574
1.35093 1.35093 1.3555
1.3583 1.3583 1.36346
1.35883 1.35883 1.36394
1.35921 1.35921 1.3642
1.35559 1.36669 1.37074
1.34944 1.34944 1.35373
1.35576 1.34737 1.35941
1.35706 1.3566 1.34624
1.35681 1.35763 1.35091
1.35388 1.36313 1.36697
1.35182 1.36557 1.369
1.34072 1.35348 1.34689
1.34849 1.34849 1.35255
1.34746 1.34746 1.35224
1.34717 1.34717 1.3516
1.35392 1.35392 1.35828
1.36067 1.36067 1.36371
1.36085 1.36085 1.36431
1.36632 1.36632 1.36909
1.36638 1.36638 1.37006
1.36656 1.36656 1.36998
1.36324 1.37202 1.37451
1.35734 1.35734 1.36074
1.36172 1.36172 1.3642
1.36231 1.36231 1.36502
1.36696 1.36696 1.36947
1.36667 1.36667 1.36909
1.3663 1.3663 1.36874
1.37097 1.37097 1.37353
1.37858 1.37858 1.38102
1.37973 1.37973 1.3824
1.37957 1.37957 1.38242
1.38469 1.38469 1.38574
1.3856 1.3856 1.38686
1.38568 1.38568 1.38704
1.3889 1.3889 1.3913
1.38987 1.38987 1.39166
1.39237 1.39237 1.3936
1.39402 1.39402 1.39455
1.39595 1.39595 1.39586
1.39643 1.39643 1.39637
1.39778 1.39778 1.39812
1.3983 1.3983 1.39835
1.40064 1.40064 1.40122
1.40394 1.40394 1.4047
1.40955 1.40955 1.41047
1.41262 1.41262 1.41327
1.41328 1.41328 1.41391
1.41683 1.41683 1.4178
1.41826 1.41826 1.4195
1.41884 1.41884 1.41958
1.42255 1.42255 1.42347
1.42757 1.42757 1.42974
1.42997 1.42997 1.43099
1.43067 1.43067 1.43177
1.43496 1.43496 1.43682
1.43619 1.43619 1.43759
1.43673 1.43673 1.43798
1.4367 1.4367 1.43795
1.44074 1.44074 1.44313
1.44687 1.44687 1.44932
1.4488 1.4488 1.4512
1.44901 1.44901 1.45151
1.45306 1.45306 1.45629
1.45435 1.45435 1.45756
1.45972 1.45972 1.4622
1.45907 1.45907 1.46187
1.46371 1.46371 1.46645
1.46423 1.46423 1.46712
1.46928 1.46928 1.47196
1.47024 1.47024 1.47306
1.47004 1.47004 1.47289
1.47472 1.47472 1.47734
1.47531 1.47531 1.47835
1.48092 1.48092 1.48205
1.48125 1.48125 1.48299
1.48456 1.48456 1.48607
1.48527 1.48527 1.48709
1.48549 1.48549 1.48728
1.48852 1.48852 1.48979
1.48887 1.48887 1.49045
1.49189 1.49189 1.49317
1.49298 1.49298 1.49414
1.49278 1.49278 1.49417
1.49469 1.49469 1.49526
1.49562 1.49562 1.49628
1.49678 1.49678 1.49732
1.49773 1.49773 1.49835
1.4989 1.4989 1.49971
1.49978 1.49978 1.50042
1.49811 1.49811 1.49935
1.50037 1.50037 1.50185
1.50077 1.50077 1.5021
1.50267 1.50267 1.50389
1.50354 1.50354 1.5045
1.50401 1.50401 1.50531
1.50633 1.50633 1.50805
1.50726 1.50726 1.50929
1.50695 1.50695 1.50858
1.50953 1.50953 1.5123
1.51307 1.51307 1.51442
1.51275 1.51275 1.51438
1.51286 1.51286 1.51471
1.51597 1.51597 1.51737
1.51566 1.51566 1.51708
1.51798 1.51798 1.51976
1.51799 1.51799 1.51987
1.5208 1.5208 1.52436
1.52072 1.52072 1.52441
1.52647 1.52647 1.53008
1.52628 1.52628 1.53013
1.52657 1.52657 1.53031
1.53218 1.53218 1.53557
1.53707 1.53707 1.54037
1.53702 1.53702 1.54035
1.53727 1.53727 1.54066
1.54244 1.54244 1.54588
1.54203 1.54203 1.54568
1.54208 1.54208 1.54587
1.54781 1.54781 1.55132
1.55306 1.55306 1.5566
1.55313 1.55313 1.55653
1.55313 1.55313 1.55687
1.55868 1.55868 1.56199
1.55857 1.55857 1.56191
1.55866 1.55866 1.56212
1.56374 1.56374 1.56692
1.56829 1.56829 1.57148
1.56767 1.56767 1.57095
1.56758 1.56758 1.57083
1.57248 1.57248 1.5757
1.57225 1.57225 1.5756
1.57686 1.57686 1.5798
1.57673 1.57673 1.57956
1.58102 1.58102 1.58401
1.58073 1.58073 1.58379
1.58082 1.58082 1.58375
1.58511 1.58511 1.58817
1.58511 1.58511 1.58811
1.58962 1.58962 1.59271
1.58924 1.58924 1.59233
1.5893 1.5893 1.59237
1.59408 1.59408 1.59714
1.59412 1.59412 1.59723
1.59912 1.59912 1.60207
1.59909 1.59909 1.60219
1.60388 1.60388 1.60698
1.60411 1.60411 1.60715
1.60442 1.60442 1.60742
1.60889 1.60889 1.61166
1.60875 1.60875 1.61149
1.60876 1.60876 1.6115
1.61296 1.61296 1.61566
1.61688 1.61688 1.61957
1.61687 1.61687 1.61957
1.61687 1.61687 1.61964
1.62093 1.62093 1.62372
1.62078 1.62078 1.62359
1.6249 1.6249 1.62772
1.62479 1.62479 1.62763
1.62897 1.62897 1.63175
1.62882 1.62882 1.63155
1.6289 1.6289 1.63167
1.63279 1.63279 1.63558
1.63266 1.63266 1.63539
1.63676 1.63676 1.63983
1.63661 1.63661 1.63969
1.63668 1.63668 1.63977
1.64111 1.64111 1.64411
1.64103 1.64103 1.64397
1.6455 1.6455 1.64857
1.64535 1.64535 1.64846
1.65 1.65 1.65319
1.65018 1.65018 1.65338
1.65006 1.65006 1.65323
1.65482 1.65482 1.65803
1.6558 1.6558 1.65904
1.65637 1.65637 1.65949
1.66068 1.66068 1.66371
1.66498 1.66498 1.66796
1.66507 1.66507 1.66801
1.66508 1.66508 1.66803
1.66938 1.66938 1.6722
1.66922 1.66922 1.67209
1.6735 1.6735 1.67641
1.67338 1.67338 1.67629
1.67772 1.67772 1.68025
1.67759 1.67759 1.68014
1.67765 1.67765 1.68014
1.68127 1.68127 1.68403
1.68123 1.68123 1.68405
1.6852 1.6852 1.68812
1.68523 1.68523 1.68792
1.6851 1.6851 1.68779
1.68913 1.68913 1.69188
1.68884 1.68884 1.69161
1.69264 1.69264 1.69556
1.69253 1.69253 1.69531
1.69636 1.69636 1.69909
1.69618 1.69618 1.69895
1.696 1.696 1.69886
1.70024 1.70024 1.70325
1.70006 1.70006 1.703
1.69981 1.69981 1.703
1.70429 1.70429 1.70703
1.70419 1.70419 1.70718
1.70819 1.70819 1.71098
1.70811 1.70811 1.71075
1.70797 1.70797 1.71063
1.71184 1.71184 1.71456
1.71553 1.71553 1.71843
1.71528 1.71528 1.71811
1.71522 1.71522 1.71804
1.71921 1.71921 1.72216
1.71927 1.71927 1.72212
1.71902 1.71902 1.72188
1.72316 1.72316 1.72567
1.72661 1.72661 1.72909
1.72636 1.72636 1.7288
1.7261 1.7261 1.72851
1.72959 1.72959 1.7321
1.72967 1.72967 1.73217
1.72948 1.72948 1.73199
1.73299 1.73299 1.73579
1.73301 1.73301 1.73567
1.7365 1.7365 1.73908
1.73647 1.73647 1.73906
1.73635 1.73635 1.73887
1.73994 1.73994 1.74254
1.73994 1.73994 1.74258
1.74334 1.74334 1.7461
1.74366 1.74366 1.74643
1.74756 1.74756 1.75007
1.74746 1.74746 1.74983
1.74729 1.74729 1.74977
1.75092 1.75092 1.75358
1.75084 1.75084 1.75349
1.75429 1.75429 1.75694
1.75426 1.75426 1.75693
1.75776 1.75776 1.7604
1.75756 1.75756 1.7603
1.75755 1.75755 1.7602
1.76119 1.76119 1.76393
1.7611 1.7611 1.7638
1.76098 1.76098 1.76367
1.76475 1.76475 1.76748
1.7684 1.7684 1.77093
1.76806 1.76806 1.77061
1.76798 1.76798 1.77052
1.77154 1.77154 1.77404
1.77145 1.77145 1.77416
1.7751 1.7751 1.77773
1.775 1.775 1.7777
1.77883 1.77883 1.78145
1.77885 1.77885 1.78147
1.78277 1.78277 1.78545
1.78301 1.78301 1.78556
1.78307 1.78307 1.78567
1.78735 1.78735 1.7899
1.78813 1.78813 1.79075
1.79142 1.79142 1.79385
1.79136 1.79136 1.79391
1.79533 1.79533 1.79781
1.7953 1.7953 1.79775
1.7949 1.7949 1.79756
1.79845 1.79845 1.8007
1.79835 1.79835 1.80058
1.80158 1.80158 1.8039
1.80148 1.80148 1.80379
1.80489 1.80489 1.8072
1.80484 1.80484 1.80714
1.80478 1.80478 1.80714
1.8083 1.8083 1.81063
1.80828 1.80828 1.8122
1.81433 1.81433 1.81856
1.81426 1.81426 1.8185
1.81424 1.81424 1.81843
1.82076 1.82076 1.82469
1.82071 1.82071 1.82466
1.8271 1.8271 1.83094
1.8271 1.8271 1.83088
1.82706 1.82706 1.83089
1.83306 1.83306 1.83709
1.83309 1.83309 1.83702
1.83927 1.83927 1.84313
1.8393 1.8393 1.84302
1.84507 1.84507 1.84893
1.84505 1.84505 1.84888
1.84502 1.84502 1.84889
1.85079 1.85079 1.85451
1.84921 1.85632 1.86011
1.85617 1.84836 1.85999
1.848 1.84749 1.85998
1.85562 1.8619 1.86552
1.85318 1.85596 1.86542
1.84557 1.84522 1.85703
1.86014 1.85486 1.86518
1.8677 1.8677 1.87164
1.86771 1.86065 1.87165
1.87414 1.87414 1.87782
1.87407 1.87407 1.87767
1.87399 1.87399 1.87766
1.88 1.88 1.88366
1.8801 1.8801 1.8837
1.88005 1.88005 1.88355
1.88554 1.88554 1.88885
1.88913 1.88913 1.89264
1.88925 1.88925 1.89248
1.88919 1.88919 1.89242
1.89465 1.89465 1.89862
1.89472 1.89472 1.89878
1.89476 1.89476 1.89882
1.90158 1.90158 1.90517
1.9075 1.9075 1.91133
1.90737 1.90737 1.91114
1.90736 1.90736 1.91114
1.91379 1.91379 1.9175
1.91374 1.91374 1.9174
1.91976 1.91976 1.92351
1.91974 1.91974 1.92343
1.91977 1.91977 1.92346
1.92579 1.92579 1.92938
1.92568 1.92568 1.92938
1.93174 1.93174 1.93492
1.93168 1.93168 1.93493
1.93723 1.93723 1.94049
1.93713 1.93713 1.94046
1.93711 1.93711 1.94044
1.94264 1.94264 1.94581
1.94262 1.94262 1.94575
1.94261 1.94261 1.9458
1.94786 1.94786 1.95092
1.95273 1.95273 1.95594
1.95277 1.95277 1.95596
1.95294 1.95294 1.95611
1.95844 1.95844 1.9621
1.9586 1.9586 1.96227
1.96473 1.96473 1.96837
1.96484 1.96484 1.96846
1.97085 1.97085 1.97441
1.97105 1.97105 1.97461
1.9708 1.9708 1.97441
1.97634 1.97634 1.97988
1.97632 1.97632 1.97979
