0.00077128 0.000560438 0.000514592
0.000573226 0.000736016 0.000696409
0.000842759 0.000856568 0.000546636
0.000690264 0.000715394 0.000541777
0.000602576 0.0007831 0.000532783
0.000703619 0.000962658 0.000628178
0.000585984 0.000642573 0.000600557
0.000720785 0.00088008 0.000636946
0.000754985 0.000914562 0.00070126
0.000893276 0.000892942 0.000698132
0.00104537 0.000968957 0.000764767
0.000888645 0.00103641 0.000825792
0.000849383 0.000935658 0.000816164
0.00100101 0.00106434 0.000937793
0.0010013 0.00115686 0.000980983
0.00123889 0.0011245 0.000901619
0.0011527 0.00103402 0.00105544
0.00107148 0.00114831 0.00104704
0.00135515 0.00104657 0.00103577
0.00110772 0.00114299 0.00112963
0.00100252 0.00102441 0.000993718
0.000900272 0.00104927 0.000932735
0.000879791 0.000888115 0.000858398
0.00092805 0.000953117 0.000813617
0.000834175 0.000906625 0.000832668
0.000886865 0.000940265 0.000900184
0.000907498 0.000975646 0.000891894
0.000861999 0.00108993 0.000799424
0.000925609 0.000946142 0.000874972
0.000876147 0.000965394 0.000898325
0.000915374 0.000989584 0.000857565
0.000906392 0.000987297 0.000857366
0.000998374 0.0010097 0.000979601
0.00100106 0.00108582 0.00098823
0.00103423 0.00108367 0.00103034
0.00106166 0.00108586 0.000993168
0.00107471 0.00107326 0.000998465
0.00111012 0.00113869 0.00107809
0.00103974 0.00110415 0.00104328
0.00100638 0.00109753 0.00102166
0.00103716 0.00107963 0.00101143
0.00100311 0.0010665 0.000986034
0.00107707 0.00108636 0.000991112
0.00104585 0.00100344 0.00103509
0.000974089 0.00101438 0.000923263
0.000844896 0.00094002 0.000840067
0.000855239 0.000954624 0.000815022
0.000899304 0.000890557 0.000873963
0.000887483 0.000918761 0.00083599
0.000918317 0.00100401 0.00090144
0.000874603 0.000878679 0.000815162
0.000841192 0.000899885 0.00078555
0.000930661 0.000876538 0.000853589
0.000855937 0.000854645 0.000823906
0.000785638 0.000862078 0.000788003
0.000806693 0.00088543 0.000752989
0.000864265 0.000864428 0.000806455
0.000771223 0.000834522 0.000718322
0.00082406 0.000851077 0.000732215
0.000855927 0.000868542 0.000763706
0.000807418 0.000827966 0.000723769
0.000845322 0.000853682 0.000793226
0.00078059 0.000866094 0.000763145
0.000818857 0.0008512 0.000779586
0.000905352 0.000885506 0.000891673
0.000906076 0.000887359 0.000848314
0.000854271 0.000862464 0.00081162
0.000897475 0.0009274 0.000876628
0.00083222 0.000832202 0.000759456
0.0007771 0.000808117 0.000732276
0.000792395 0.000803238 0.000745566
0.000829354 0.000806405 0.000724366
0.000689653 0.000764394 0.000633596
0.000762202 0.000787689 0.000729346
0.000744528 0.000766779 0.0007137
0.00071647 0.00071432 0.000668665
0.000763306 0.00073962 0.000679861
0.000721246 0.000725107 0.000637736
0.000683883 0.00069423 0.000636525
0.000681128 0.000704943 0.000644895
0.000758429 0.000742872 0.000671208
0.000666103 0.000681728 0.000600733
0.000676269 0.000654339 0.000613883
0.000686263 0.000726758 0.000644163
0.000664058 0.000679039 0.000627305
0.000717491 0.00069565 0.00066244
0.000740155 0.000823048 0.000704523
0.000690259 0.000733394 0.000664344
0.000694978 0.0006914 0.000577571
0.000730139 0.000752582 0.000667347
0.000671228 0.000697582 0.000623617
0.000798191 0.000738176 0.000711622
0.000759877 0.000737139 0.000711724
0.000712412 0.000755414 0.000677237
0.000805451 0.000751246 0.000696322
0.000727723 0.000759576 0.000677378
0.000673681 0.000710289 0.000646579
0.000719809 0.000732077 0.000674406
0.000715508 0.000683222 0.000658737
0.000649842 0.000668535 0.000608604
0.000715551 0.000740424 0.000608963
0.000716682 0.000688919 0.000603814
0.000664754 0.000596426 0.000549326
0.000677161 0.000728018 0.000615732
0.000727709 0.000740222 0.000616259
0.000604877 0.000590011 0.000523879
0.000650212 0.000636538 0.000572347
0.000653419 0.00069446 0.000578074
0.000609367 0.000621231 0.000544
0.000680037 0.000642106 0.000567589
0.000733653 0.000703805 0.000652284
0.000656296 0.000666053 0.000610772
0.000717437 0.000727271 0.000635289
0.000692268 0.000727349 0.000680761
0.00074309 0.000706541 0.0006562
0.000747187 0.000798216 0.000724409
0.000765903 0.000791972 0.000731921
0.000638169 0.000723586 0.000639934
0.000698658 0.000752342 0.000641914
0.00068804 0.000711315 0.000671721
0.000758287 0.000769651 0.000771652
0.000805316 0.000843895 0.000796
0.000811685 0.000782476 0.000821422
0.000848304 0.000877302 0.000798416
0.000839577 0.000864573 0.000788793
0.000820953 0.000848983 0.000789936
0.000833338 0.000772277 0.000764622
0.000844926 0.000870451 0.000792153
0.000839213 0.000812351 0.000752965
0.000804621 0.000817804 0.000772296
0.000863508 0.000911326 0.000808988
0.000820201 0.00087549 0.000799084
0.00079081 0.000846606 0.00072187
0.000819816 0.000865038 0.000750674
0.000801129 0.00084457 0.000730728
0.000740433 0.000766611 0.000700662
0.000674141 0.000734662 0.000638534
0.000696651 0.000744342 0.00062885
0.000653662 0.000695729 0.00066034
0.000820733 0.000741605 0.000685331
0.00081367 0.000784174 0.000762695
0.000704862 0.000729688 0.000729937
0.00073883 0.000733788 0.000675535
0.000768815 0.000737471 0.000706966
0.000678616 0.000670031 0.000616245
0.000691321 0.000696769 0.000587103
0.000780038 0.000691407 0.000646958
0.000694229 0.000711877 0.000580927
0.000728227 0.000709491 0.000636551
0.000768679 0.000748007 0.000670899
0.000685165 0.000704945 0.000631077
0.0007324 0.000779046 0.000671719
0.000705916 0.000688072 0.000642902
0.000727781 0.000751326 0.000643111
0.000759565 0.000775066 0.000689408
0.000738893 0.000737039 0.000675971
0.000776557 0.000743767 0.000694527
0.00077098 0.000805825 0.000699006
0.000698452 0.000767975 0.000687157
0.000777078 0.000789913 0.000723208
0.00076537 0.000735712 0.000705816
0.000762872 0.000797061 0.000715064
0.000784338 0.000785701 0.000738592
0.000818479 0.000876937 0.000783914
0.00087569 0.000905946 0.000865246
0.000870498 0.000817747 0.000803164
0.00080038 0.000790537 0.000742011
0.000807251 0.000826225 0.000752754
0.000808214 0.000819122 0.000738919
0.000739083 0.000725345 0.000689786
0.000824398 0.000837871 0.000746505
0.000763722 0.000811314 0.000724851
0.000762676 0.000804372 0.000703853
0.000740987 0.000734762 0.000694285
0.000698755 0.000684987 0.000661809
0.000716615 0.000704023 0.000667815
0.000665914 0.000730613 0.000603565
0.000657082 0.000666235 0.000592905
0.000721547 0.000703357 0.000645546
0.00084652 0.000800435 0.000719357
0.000795317 0.000791613 0.000684803
0.00068688 0.0006661 0.00060579
0.000580194 0.00059192 0.000532492
0.000651437 0.000640904 0.000580799
0.000724088 0.000709632 0.000624335
0.000731314 0.000727268 0.000663568
0.000681468 0.000663584 0.000598578
0.000651887 0.000659419 0.000547246
0.00069184 0.000684699 0.000606829
0.000743033 0.000733293 0.0007119
0.000814412 0.000782192 0.000726342
0.000812344 0.000840157 0.000710962
0.000742551 0.000746282 0.000649926
0.000738309 0.000743135 0.00066317
0.00082627 0.000765748 0.00073729
0.000739579 0.000735842 0.000650425
0.000779963 0.000760771 0.000686877
0.000765673 0.000814424 0.000701834
0.00075851 0.000758832 0.000639719
0.000764068 0.000771723 0.000699969
0.00080144 0.000812404 0.000724715
0.000786782 0.000796773 0.000673717
0.000795277 0.000783934 0.000691258
0.000715944 0.000728518 0.000639069
0.000781788 0.00074359 0.00067252
0.000829665 0.000868913 0.000769465
0.000755042 0.000740602 0.000661979
0.000744279 0.000776388 0.000665073
0.000792174 0.000795081 0.000680616
0.000854521 0.000863243 0.00078842
0.000959298 0.000859298 0.000738167
0.000993213 0.00101514 0.000918869
0.000989533 0.00101411 0.00090019
0.000939383 0.000935859 0.000840842
0.00101709 0.000990859 0.000971732
0.000982334 0.00101187 0.000901578
0.000904471 0.000913382 0.000832761
0.000908517 0.000923792 0.000795762
0.000967907 0.000967692 0.000833903
0.0008268 0.000807563 0.000742883
0.000782203 0.000782615 0.000721463
0.000801323 0.000856146 0.000731538
0.000965649 0.000997304 0.00082227
0.00114784 0.0012253 0.00103927
0.00133637 0.00140718 0.00131243
0.0013633 0.00145548 0.00130388
0.00143219 0.00148971 0.00130934
0.00135165 0.00137448 0.00123688
0.00122752 0.0013039 0.00109974
0.00122576 0.00129201 0.00114973
0.00123475 0.00129959 0.00113247
0.0011845 0.00120495 0.0010751
0.00116582 0.00109827 0.00103488
0.0010303 0.00112163 0.000960699
0.00107705 0.00115983 0.00101008
0.00114838 0.00121125 0.00106945
0.00117216 0.00119338 0.00108463
0.00115121 0.00123836 0.00110118
0.00126392 0.00132254 0.0011465
0.00131625 0.00133895 0.00121308
0.00124999 0.00121041 0.0011623
0.00123947 0.00116925 0.00109435
0.00118784 0.00116942 0.00108206
0.00120855 0.00121652 0.00109665
0.00115074 0.00121138 0.00107516
0.00121388 0.0012394 0.00115103
0.00121977 0.0012731 0.00116369
0.0012103 0.00113533 0.00111574
0.00109544 0.0010795 0.00102291
0.00106153 0.00111276 0.000997115
0.00106637 0.00109814 0.00101527
0.00114554 0.00117557 0.00107152
0.00117839 0.00128449 0.00112897
0.00125951 0.00132984 0.00120851
0.00137084 0.00136555 0.00127573
0.00133886 0.00139242 0.00127816
0.00139382 0.00141695 0.00129976
0.00136418 0.0013225 0.00127989
0.0012752 0.00124546 0.00118216
0.00119414 0.00121333 0.00111396
0.00121177 0.00124104 0.00113749
0.00127696 0.00129559 0.0011987
0.00130323 0.00129219 0.00121352
0.00129536 0.00129992 0.00121899
0.00127937 0.00130465 0.00119917
0.00128512 0.0013728 0.00125404
0.00135996 0.00143226 0.00130408
0.00143478 0.00145519 0.00135146
0.00139255 0.00148591 0.00134799
0.00146129 0.0014569 0.00134583
0.00137375 0.00136515 0.00131117
0.00134876 0.00137247 0.00126569
0.00138447 0.00142302 0.00130363
0.00138419 0.00142845 0.00133291
0.00143697 0.00140947 0.00135924
0.00145888 0.00150363 0.00135377
0.00147124 0.00151847 0.00141335
0.00152321 0.00161255 0.00147265
0.00159926 0.00168848 0.00152463
0.00159435 0.00172234 0.00154817
0.00164973 0.00167923 0.00157198
0.00160231 0.00157159 0.00154285
0.00154413 0.00153151 0.00144707
0.00144647 0.00153706 0.00139478
0.00149143 0.00156349 0.00143671
0.00151246 0.00149911 0.00141942
0.00149619 0.00150136 0.00140378
0.00146538 0.00148489 0.0013917
0.00143494 0.00139588 0.00135522
0.00140459 0.00135445 0.00128439
0.00137084 0.00141692 0.00128246
0.00139586 0.00143065 0.0013003
0.00140577 0.00150415 0.00138325
0.00153942 0.00151502 0.00144991
0.00155288 0.00155542 0.00147257
0.00156192 0.00157846 0.00149167
0.00160702 0.00163321 0.00151231
0.00155639 0.00154286 0.00151356
0.00153523 0.00155357 0.00146272
0.001545 0.00159506 0.00144462
0.00160124 0.00161198 0.00151426
0.00154589 0.00154756 0.00144835
0.00152294 0.00149519 0.00144815
0.00142451 0.00144363 0.00135623
0.00144439 0.001465 0.00133779
0.00143848 0.00146148 0.00135817
0.00148095 0.00148174 0.00139082
0.00145089 0.00148684 0.00137117
0.00145153 0.00152966 0.00139896
0.0014684 0.00153082 0.00141681
0.00151606 0.00148726 0.0014775
0.00149921 0.0014909 0.00141619
0.0015358 0.00160353 0.00142854
0.00156979 0.00160347 0.00150064
0.00154594 0.00155715 0.00147638
0.00153753 0.00157977 0.00145268
0.00151339 0.00158243 0.00145686
0.00150285 0.00153484 0.00145372
0.00150533 0.0015005 0.00142465
0.00146997 0.00150318 0.00139968
0.00147496 0.00154416 0.0014165
0.00153381 0.00151299 0.00146169
0.00147317 0.00150032 0.00141495
0.00148481 0.00147934 0.00139302
0.0014552 0.00153468 0.00139458
0.00147625 0.00150513 0.00144947
0.00147213 0.0015618 0.00141988
0.00153968 0.00151398 0.00148866
0.00143909 0.00144472 0.00140219
0.00144586 0.00140752 0.00137319
0.00142108 0.00135505 0.00133177
0.00137466 0.00143455 0.00136331
0.00132706 0.00131976 0.00132477
0.00130757 0.00130132 0.00122992
0.00131016 0.00122377 0.00121821
0.00124379 0.00123931 0.00117914
0.00126755 0.00127087 0.00119894
0.00131184 0.00132903 0.00125839
0.00136079 0.00140489 0.00130265
0.00142649 0.00136983 0.00137257
0.00143023 0.00142069 0.00134661
0.00143508 0.0013334 0.00135828
0.00132057 0.00132749 0.00121784
0.00128638 0.00133592 0.00121993
0.00131537 0.00131195 0.0012558
0.00134471 0.00132205 0.00127398
0.00135139 0.00134894 0.0012685
0.00135234 0.00142803 0.00130203
0.00142923 0.00149052 0.00138139
0.00147345 0.00151392 0.00142848
0.00148342 0.00158922 0.00145371
0.00153776 0.00162128 0.00147453
0.00157012 0.00147901 0.00149158
0.00139283 0.0014032 0.00130668
0.00137868 0.00138329 0.00129441
0.00140371 0.00137008 0.00128297
0.00132231 0.00139958 0.00131016
0.00140851 0.00140682 0.00134828
0.00145081 0.00143606 0.00135096
0.00145471 0.00147217 0.00137191
0.00142037 0.00146261 0.00136236
0.0013999 0.00138141 0.00135204
0.00139014 0.00138541 0.00131683
0.00132729 0.00139497 0.00128439
0.00133093 0.00126336 0.00132157
0.00119982 0.00120057 0.00114034
0.00118706 0.00122865 0.00118157
0.00129725 0.00129906 0.00121452
0.00133066 0.00135583 0.00125514
0.00129247 0.0014193 0.00130023
0.0014038 0.00136986 0.0013765
0.00131431 0.00127034 0.00122554
0.00131392 0.00138702 0.00123654
0.00132029 0.00130061 0.00127152
0.00129986 0.00124158 0.00122774
0.0012947 0.00120811 0.0011968
0.00124847 0.00128979 0.00117315
0.00129528 0.00126236 0.00120223
0.00118468 0.00127962 0.0011614
0.00124084 0.00122209 0.00123426
0.00120462 0.00119188 0.00114922
0.00119262 0.00128145 0.00112287
0.00126845 0.00117613 0.00119772
0.00113637 0.00104985 0.00101987
0.00108385 0.00108734 0.00100111
0.00114587 0.00107625 0.00108117
0.00116784 0.00115777 0.00109839
0.00120566 0.00125224 0.00114277
0.00125806 0.00129494 0.00119609
0.00117107 0.00118609 0.00121209
0.00109202 0.00118215 0.00105579
0.00111357 0.00106485 0.000994108
0.00108617 0.00108029 0.00098861
0.00106965 0.00113132 0.00100083
0.0011358 0.00120728 0.00108796
0.00120914 0.00128532 0.00124607
0.00118767 0.00128879 0.00119902
0.00120631 0.00118398 0.00117201
0.00114854 0.00104616 0.00105824
0.000985699 0.000949892 0.000924266
0.000973924 0.00109637 0.000945691
0.00110722 0.00105462 0.00105664
0.00112003 0.00112728 0.00105518
0.0011216 0.00110704 0.00105119
0.00126311 0.00115374 0.00119866
0.00107058 0.0011253 0.00101732
0.00119568 0.00128431 0.00113842
0.00138849 0.00137098 0.00128947
0.00140181 0.00130896 0.0012981
0.00126763 0.00135233 0.0012699
0.00119613 0.00137194 0.00126036
0.00115241 0.00120439 0.00118539
0.00104346 0.00108713 0.00101064
0.000987786 0.000951739 0.000926104
0.00090982 0.000943812 0.000867633
0.000886403 0.000895182 0.000817872
0.000937933 0.000877384 0.000907865
0.000899864 0.000821163 0.000807161
0.000957717 0.000847963 0.000822453
0.000932405 0.000945373 0.000838352
0.00103645 0.00116644 0.00104037
0.00117744 0.00123709 0.00112038
0.00121502 0.00116768 0.00117654
0.00124285 0.00120612 0.00115682
0.00115028 0.00109702 0.00106692
0.00104417 0.000954566 0.00095135
0.00093244 0.000913718 0.000866321
0.000980406 0.00093241 0.00089961
0.00101254 0.000905388 0.000933135
0.000999167 0.000984113 0.000933099
0.0010088 0.00110359 0.000963013
0.00105228 0.00105867 0.000981929
0.00106197 0.00106315 0.00100364
0.00101189 0.00094813 0.000949258
0.00097488 0.000873792 0.000945127
0.00101489 0.000978841 0.000959002
0.00120663 0.00107804 0.00124309
0.0011864 0.00106871 0.00113224
0.00117372 0.00105628 0.00109895
0.00110471 0.00106728 0.00110806
0.00116861 0.0011183 0.00115505
0.0011663 0.00118581 0.00114451
0.0011812 0.00116423 0.00119525
0.00113153 0.00105153 0.00110194
0.00106316 0.00104932 0.00107323
0.0011126 0.00100603 0.00106832
0.00106443 0.00102019 0.00102241
0.00111276 0.00104138 0.00104785
0.00109964 0.00106281 0.00108008
0.00122572 0.001122 0.00116724
0.00124686 0.0010799 0.00118739
0.00117067 0.00112139 0.0011023
0.0012193 0.0010528 0.00120413
0.001177 0.00105215 0.00113683
0.00103465 0.00105864 0.00098294
0.0010532 0.000913317 0.000960022
0.00100839 0.00095227 0.000959697
0.00103572 0.000921443 0.00100236
0.00101322 0.000948072 0.000999941
0.00104628 0.000928995 0.000954277
0.00097058 0.000940205 0.000958929
0.00101998 0.00091284 0.000987945
0.00105178 0.00102773 0.00102923
0.0011284 0.00102026 0.00112186
0.0010761 0.000968199 0.00107303
0.00101743 0.000883299 0.000927647
0.000990249 0.000963707 0.000936455
0.00101509 0.000945797 0.000989346
0.00100155 0.00104395 0.000965072
0.00107069 0.000989799 0.000957494
0.00102194 0.000931981 0.000955565
0.00101446 0.00099157 0.000985572
0.00114816 0.000968503 0.00110356
0.00111499 0.00105126 0.00114089
0.00106427 0.000973333 0.00104753
0.0010117 0.00097675 0.000957131
0.00102275 0.000913565 0.000915464
0.00100538 0.00089043 0.000953646
0.000975545 0.000895349 0.000907192
0.000939636 0.000955883 0.000968816
0.000989398 0.0010099 0.00107703
0.00104277 0.00105413 0.00118533
0.00125351 0.00116248 0.00122139
0.00114342 0.00117506 0.00128107
0.00109696 0.00115176 0.00122807
0.00112889 0.0010277 0.00106263
0.00111427 0.00104363 0.00110011
0.00103547 0.000938773 0.00100569
0.00103664 0.000978712 0.000991363
0.000973668 0.000948319 0.00104023
0.0010322 0.000938352 0.00100289
0.000941847 0.000996147 0.00101008
0.0010243 0.00112304 0.00119082
0.00109062 0.00110219 0.00120128
0.00107069 0.00115263 0.0011406
0.00109594 0.00107519 0.00120664
0.0010959 0.00105998 0.00109953
0.00111649 0.00107855 0.0011022
0.00119197 0.00112661 0.00120303
0.00108928 0.00119091 0.00119653
0.00106961 0.0011475 0.001166
0.00118 0.00111174 0.00115394
0.00108224 0.00115455 0.00115404
0.00101706 0.00107969 0.00123995
0.00100809 0.000980512 0.00101328
0.0010173 0.00100919 0.000990294
0.00106193 0.0010304 0.000964012
0.00107984 0.00103363 0.00102082
0.000918726 0.000967097 0.000998913
0.000895706 0.000909182 0.000980474
0.000958103 0.000919543 0.000889923
0.000963725 0.00096022 0.000890829
0.0010195 0.00098858 0.000921529
0.00106021 0.00104956 0.000955058
0.00104301 0.00096298 0.000941258
0.000878741 0.000825447 0.000924063
0.000821381 0.000773093 0.000916596
0.000771712 0.000790134 0.000923493
0.000783356 0.000789404 0.000927841
0.000810473 0.000820487 0.000910408
0.000934419 0.000915735 0.000937735
0.000850856 0.000889326 0.00105375
0.000870007 0.000939647 0.00105344
0.000933063 0.00103155 0.00110084
0.000963371 0.000993431 0.00118154
0.000914042 0.000952374 0.00102747
0.000829067 0.000911112 0.00103941
0.000830888 0.000843564 0.00104844
0.000888978 0.000874311 0.000954169
0.000942812 0.00090952 0.000989045
0.000943657 0.000983989 0.00109439
0.000936132 0.000998602 0.00109128
0.00100664 0.00103169 0.00106582
0.00101322 0.00101019 0.00105106
0.00108332 0.000966442 0.00102601
0.00084231 0.000952245 0.00102263
0.000809367 0.000846416 0.00100404
0.000864734 0.000863368 0.000940362
0.000921219 0.000874995 0.000959909
0.000833269 0.000909036 0.000935109
0.000780166 0.000803432 0.000918155
0.000851895 0.000794533 0.000875345
0.000862236 0.000889699 0.00091019
0.000856489 0.000947171 0.000903319
0.000835228 0.000833592 0.000876988
0.000903469 0.000907139 0.000861587
0.00093744 0.000888218 0.000888807
0.000946192 0.000897355 0.000871267
0.000907845 0.000962933 0.000870188
0.000974736 0.000962824 0.000904309
0.00111132 0.0010114 0.000999862
0.00111627 0.00108873 0.00103401
0.00117821 0.00108922 0.00114345
0.00121688 0.00115303 0.00114768
0.00130084 0.00128083 0.00126365
0.00130807 0.0013262 0.00127863
0.00134167 0.00135163 0.0013047
0.0012307 0.00122228 0.00119565
0.00122308 0.00113102 0.00118491
0.00114881 0.00112611 0.00108334
0.00113535 0.00113918 0.00109979
0.00108625 0.00114927 0.00102938
0.00107293 0.00106855 0.000997116
0.00109077 0.00105985 0.000970433
0.00105667 0.00103571 0.000969263
0.000981438 0.00103437 0.000955502
0.00107049 0.000987833 0.000995527
0.00102663 0.000943066 0.000975994
0.00103158 0.000996723 0.000987984
0.00115365 0.00110074 0.00109187
0.00126514 0.00125946 0.00119517
0.00130154 0.00137339 0.00124367
0.00135156 0.00138343 0.00126244
0.0014576 0.00139097 0.00129396
0.00147236 0.0014523 0.00136032
0.00145765 0.00141673 0.00141705
0.0014251 0.00141877 0.00135924
0.0014091 0.00139807 0.00135401
0.00136412 0.0012493 0.00130464
0.00128936 0.00116491 0.00122127
0.00110157 0.00110805 0.00108386
0.00115958 0.00111764 0.00109903
0.0012351 0.00125476 0.00118724
0.00122499 0.0012151 0.00118849
0.00126758 0.00125821 0.00121763
0.00131157 0.00126187 0.00123786
0.00116567 0.00115967 0.00118086
0.00112289 0.00114697 0.0011368
0.00114669 0.00109817 0.00105936
0.00118652 0.00117766 0.00111732
0.00130587 0.00128163 0.00122
0.00138342 0.00135456 0.00130713
0.00135152 0.00138062 0.00131867
0.00140547 0.0013653 0.00130302
0.00139565 0.00140874 0.00133067
0.00146305 0.00146765 0.00140693
0.00145275 0.00142484 0.0014059
0.00131943 0.00138964 0.00128402
0.00134685 0.00134935 0.00127678
0.00125147 0.00124733 0.00114975
0.00118849 0.00119628 0.00111808
0.00114251 0.00114995 0.00104064
0.00117975 0.00116085 0.00106231
0.00120307 0.00110014 0.00111112
0.00110029 0.00115622 0.00101453
0.00113223 0.00126217 0.00107725
0.00116914 0.00132001 0.00119389
0.00127003 0.00132368 0.00125546
0.00142511 0.00129347 0.00129105
0.00137998 0.00136919 0.00129355
0.00135028 0.00144489 0.00131529
0.00145906 0.00147428 0.00136057
0.00141594 0.00146756 0.00138176
0.00139486 0.00146991 0.00133521
0.0014571 0.0015011 0.0013851
0.00148268 0.00136496 0.00134119
0.00136187 0.00140735 0.00125967
0.00139664 0.00135244 0.00126308
0.00125121 0.00127802 0.00115874
0.00112349 0.00127239 0.00109545
0.00122698 0.00130965 0.00111375
0.00117156 0.0013271 0.00115712
0.00116002 0.00109615 0.00114159
0.000995748 0.00106415 0.000953724
0.000981948 0.00100669 0.000917604
0.000972306 0.000952441 0.000891887
0.000912482 0.000862867 0.000834447
0.000832629 0.000854757 0.00075616
0.000817853 0.000822576 0.00075861
0.000792214 0.000862936 0.000740804
0.000769099 0.00073739 0.000730771
0.000784933 0.000778882 0.000744981
0.000928026 0.000924657 0.000852113
0.00103339 0.0010723 0.00099646
0.00115391 0.00109757 0.00108923
0.0011245 0.00117906 0.00103908
0.00103894 0.00112181 0.00100811
0.00106886 0.00113802 0.00102625
0.00107689 0.00109675 0.00102823
0.000983346 0.000903357 0.000884104
0.000835551 0.000888482 0.000757177
0.000866422 0.000775531 0.000771383
0.000854048 0.000751296 0.000739237
0.000826209 0.000851359 0.000789866
0.00085274 0.000903405 0.000807129
0.000989016 0.0010891 0.000921326
0.00121468 0.00129891 0.00108983
0.00128762 0.00134977 0.00119001
0.00134133 0.00145934 0.00128967
0.00141841 0.00130107 0.00133635
0.00131715 0.0012218 0.00123484
