1.07566 1.08563 1.08549
1.076 1.07153 1.07345
1.07561 1.07579 1.07609
1.0772 1.06935 1.07085
1.07869 1.06669 1.07722
1.07111 1.06932 1.07271
1.0726 1.06927 1.07252
1.06896 1.07106 1.07587
1.06985 1.0681 1.06654
1.0731 1.07585 1.07701
1.08134 1.07182 1.07391
1.08415 1.06951 1.07699
1.08053 1.06721 1.07483
1.08503 1.07531 1.07739
1.07416 1.07244 1.07438
1.0757 1.06842 1.07376
1.06894 1.07386 1.07686
1.06839 1.06652 1.0744
1.06475 1.0713 1.07239
1.06418 1.06319 1.06397
1.06135 1.05801 1.05949
1.05735 1.05399 1.05485
1.05543 1.05372 1.05627
1.06125 1.05557 1.05492
1.06337 1.05893 1.05704
1.05502 1.06962 1.06516
1.06254 1.07686 1.07311
1.06481 1.07808 1.07532
1.05624 1.0687 1.0664
1.06239 1.07842 1.07407
1.06852 1.09388 1.07887
1.09465 1.08662 1.07366
1.0719 1.08697 1.0832
1.09146 1.09652 1.09139
1.08704 1.09957 1.09453
1.09041 1.09844 1.09732
1.08342 1.08802 1.0882
1.07116 1.08164 1.07867
1.08138 1.09615 1.09401
1.08933 1.10611 1.10927
1.07942 1.08825 1.08559
1.08902 1.11722 1.12834
1.0925 1.10665 1.10563
1.09981 1.10764 1.10578
1.09082 1.09817 1.09425
1.08658 1.09468 1.08785
1.07178 1.08307 1.07901
1.06385 1.08019 1.07381
1.05943 1.0893 1.08215
1.04072 1.06344 1.05332
1.05413 1.07226 1.06736
1.05326 1.08301 1.07194
1.06583 1.05986 1.05326
1.05301 1.07469 1.06693
1.05583 1.06929 1.07305
1.06014 1.06682 1.06071
1.06124 1.07722 1.07267
1.06261 1.07338 1.0738
1.04972 1.0713 1.06801
1.06375 1.07938 1.07504
1.06428 1.07494 1.0723
1.06687 1.07319 1.06796
1.06289 1.07945 1.07212
1.0625 1.08068 1.07454
1.05504 1.06528 1.0673
1.07129 1.07841 1.07425
1.07173 1.08867 1.08663
1.07516 1.08118 1.08008
1.09032 1.09724 1.0932
1.08144 1.0995 1.09537
1.07291 1.08374 1.08061
1.09606 1.1031 1.10118
1.10197 1.11062 1.10675
1.0922 1.10904 1.10503
1.12719 1.13875 1.11716
1.11179 1.14439 1.1374
1.09229 1.1202 1.11677
1.11109 1.13479 1.13204
1.13314 1.17324 1.16683
1.09546 1.10291 1.0948
1.09165 1.10004 1.09482
1.06237 1.09159 1.08029
1.04503 1.06153 1.06182
1.05835 1.0743 1.07257
1.05472 1.07486 1.06899
1.04799 1.06212 1.06123
1.05417 1.07285 1.07053
1.05511 1.08151 1.0763
1.06337 1.05606 1.06077
1.0542 1.07086 1.07012
1.05906 1.08367 1.07545
1.04524 1.07033 1.06792
1.08318 1.08309 1.07964
1.06027 1.08329 1.07655
1.06094 1.07007 1.06701
1.06422 1.08722 1.08428
1.06503 1.08261 1.08004
1.05004 1.07269 1.06936
1.07655 1.08381 1.0804
1.07048 1.08178 1.0766
1.05776 1.09064 1.07994
1.07642 1.10504 1.10233
1.08672 1.11781 1.10847
1.05681 1.08161 1.08103
1.06578 1.084 1.08696
1.0787 1.10255 1.09252
1.06623 1.07961 1.08115
1.07464 1.08766 1.08772
1.07805 1.09697 1.09491
1.07073 1.0793 1.07586
1.08253 1.10293 1.10122
1.09028 1.1148 1.10872
1.08469 1.0938 1.08826
1.10085 1.12256 1.11816
1.11893 1.18541 1.15928
1.13162 1.16369 1.15432
1.11346 1.14447 1.13741
1.12023 1.15874 1.15189
1.12303 1.16911 1.16256
1.11928 1.15434 1.14443
1.15115 1.17945 1.17591
1.16834 1.19458 1.18984
1.17405 1.20494 1.19944
1.18925 1.21755 1.21193
1.2015 1.22777 1.22691
1.21472 1.24018 1.23623
1.2197 1.24807 1.24624
1.22648 1.25208 1.25279
1.23089 1.25959 1.26245
1.24066 1.27341 1.27017
1.25627 1.28691 1.28596
1.22346 1.263 1.25124
1.22858 1.26513 1.2558
1.24943 1.28899 1.28242
1.2756 1.31601 1.30518
1.30284 1.33864 1.32931
1.3223 1.3542 1.34863
1.33865 1.34938 1.36651
1.32533 1.35449 1.35075
1.33515 1.34191 1.36197
1.31303 1.34419 1.33941
1.32436 1.33738 1.35125
1.30962 1.34092 1.33469
1.32889 1.33175 1.35053
1.31124 1.34294 1.33554
1.33791 1.34364 1.35774
1.32194 1.35474 1.34785
1.3402 1.34863 1.36648
1.32266 1.35961 1.34702
1.2945 1.32387 1.31725
1.29835 1.3345 1.32304
1.32448 1.36189 1.34743
1.35567 1.36529 1.3793
1.33885 1.34561 1.36391
1.31911 1.34756 1.3426
1.33035 1.33658 1.35526
1.3092 1.34588 1.33407
1.33209 1.33339 1.35788
1.30369 1.34145 1.33084
1.32585 1.33324 1.35192
1.30523 1.34327 1.33153
1.33127 1.34495 1.35476
1.3233 1.35747 1.34478
1.34371 1.34961 1.36885
1.32182 1.34933 1.34624
1.33249 1.3402 1.35619
1.31187 1.34831 1.33689
1.33563 1.34135 1.3598
1.3133 1.35297 1.33991
1.28096 1.31258 1.30705
1.2869 1.32489 1.31124
1.31697 1.34526 1.33981
1.32995 1.33975 1.35594
1.32108 1.35053 1.33861
1.34396 1.34703 1.36297
1.33152 1.34959 1.34672
1.33582 1.34154 1.35493
1.32294 1.34165 1.34127
1.32848 1.3503 1.34697
1.34211 1.33953 1.3571
1.31922 1.3469 1.33631
1.33692 1.33638 1.35679
1.34246 1.34618 1.363
1.32176 1.35131 1.34351
1.32633 1.36113 1.34806
1.35189 1.35985 1.37222
1.3477 1.35525 1.35904
1.34829 1.3523 1.36294
1.36026 1.35904 1.35024
1.3565 1.35693 1.36666
1.35851 1.3579 1.37143
1.34493 1.34508 1.35414
1.34324 1.34616 1.34278
1.3424 1.3579 1.3496
1.34119 1.36296 1.35266
1.35458 1.35315 1.3703
1.36298 1.35865 1.34813
1.3447 1.36161 1.35077
1.35248 1.35465 1.36992
1.34953 1.36835 1.34982
1.3591 1.36344 1.3517
1.3573 1.35974 1.37286
1.35313 1.34488 1.35481
1.3472 1.34395 1.35804
1.33609 1.33599 1.34001
1.33662 1.35378 1.3424
1.34847 1.34837 1.36142
1.35069 1.35701 1.34437
1.34469 1.36098 1.34686
1.3491 1.36095 1.37108
1.3571 1.3571 1.35903
1.35163 1.34879 1.36254
1.3568 1.36068 1.34394
1.35186 1.35262 1.37082
1.36074 1.36003 1.3752
1.35146 1.35146 1.35313
1.33998 1.36418 1.35249
1.35892 1.35543 1.37359
1.36014 1.36538 1.37794
1.35801 1.35801 1.35889
1.35894 1.35894 1.36049
1.35887 1.35093 1.36025
1.35774 1.35415 1.3458
1.35775 1.35955 1.34754
1.35799 1.35602 1.37047
1.36287 1.36647 1.35149
1.36337 1.36789 1.35342
1.36604 1.3665 1.37889
1.34998 1.35832 1.35985
1.34736 1.34646 1.35851
1.35935 1.34943 1.36044
1.35204 1.35663 1.34553
1.35404 1.35261 1.36514
1.35553 1.35774 1.36877
1.36049 1.36491 1.34918
1.35945 1.36101 1.37489
1.35267 1.35267 1.35415
1.34597 1.36634 1.35561
1.36418 1.35997 1.3773
1.34692 1.35681 1.35848
1.35793 1.34774 1.35947
1.36062 1.35691 1.34336
1.34822 1.35725 1.36686
1.35765 1.3551 1.37127
1.36025 1.36329 1.34739
1.34997 1.35608 1.36776
1.34031 1.36232 1.35166
1.34476 1.35849 1.35327
1.35167 1.35519 1.36688
1.35016 1.35016 1.35204
1.36461 1.35996 1.35144
1.36665 1.35832 1.35315
1.35355 1.35242 1.36432
1.35399 1.36038 1.34867
1.36412 1.3612 1.35135
1.35697 1.35988 1.36993
1.36744 1.36977 1.35155
1.3612 1.36696 1.38067
1.36393 1.37035 1.38395
1.36317 1.36317 1.36466
1.3653 1.3653 1.36689
1.36564 1.36564 1.36691
1.36576 1.36576 1.3673
1.36598 1.36598 1.36753
1.36857 1.36857 1.37013
1.36849 1.36849 1.37005
1.36849 1.36849 1.37023
1.3685 1.3685 1.37022
1.37103 1.37103 1.37249
1.37141 1.37141 1.37262
1.3714 1.3714 1.37297
1.37409 1.37409 1.37559
1.37434 1.37434 1.37581
1.37448 1.37448 1.37591
1.37459 1.37459 1.37599
1.37717 1.37717 1.37868
1.37763 1.37763 1.37907
1.37778 1.37778 1.37923
1.37783 1.37783 1.37927
1.38061 1.38061 1.38206
1.38051 1.37146 1.38181
1.36435 1.36435 1.36621
1.36481 1.36481 1.36614
1.36464 1.36464 1.36614
1.36477 1.36477 1.36624
1.36515 1.36515 1.36662
1.3675 1.3675 1.36895
1.36782 1.36782 1.36927
1.36784 1.36784 1.3693
1.36786 1.36786 1.36929
1.37028 1.37028 1.37183
1.37074 1.37074 1.37209
1.37346 1.37346 1.37503
1.37377 1.37377 1.37534
1.37388 1.37388 1.37544
1.37395 1.37395 1.37551
1.37677 1.37677 1.37821
1.37693 1.37693 1.37841
1.37709 1.37709 1.3786
1.37696 1.37696 1.37852
1.37954 1.37954 1.38117
1.37984 1.37984 1.38127
1.38173 1.38173 1.38327
1.38258 1.38258 1.38372
1.38245 1.38245 1.3839
1.38245 1.38245 1.38386
1.38461 1.38461 1.38541
1.3848 1.3848 1.38564
1.38486 1.38486 1.38611
1.38651 1.38651 1.38769
1.38658 1.38658 1.38793
1.38683 1.38683 1.38804
1.38673 1.38673 1.38809
1.38926 1.38926 1.39054
1.38887 1.38887 1.39016
1.37926 1.38004 1.39285
1.37421 1.37421 1.37542
1.37451 1.37451 1.37567
1.37472 1.37472 1.37575
1.37696 1.37696 1.37811
1.37743 1.37743 1.37849
1.37745 1.37745 1.37848
1.37736 1.37736 1.37834
1.3792 1.3792 1.38044
1.37974 1.36945 1.38091
1.36982 1.3719 1.38312
1.36726 1.36726 1.36837
1.36742 1.36742 1.36841
1.36698 1.36698 1.3683
1.36924 1.36924 1.37022
1.35982 1.36997 1.37106
1.37194 1.37194 1.37285
1.37242 1.37242 1.37332
1.37241 1.36257 1.37315
1.35709 1.35709 1.35805
1.35683 1.35683 1.35857
1.35814 1.35814 1.35945
1.35809 1.35809 1.35926
1.36033 1.36033 1.36138
1.36223 1.36223 1.36352
1.36425 1.36425 1.36521
1.3631 1.3631 1.3643
1.36421 1.36421 1.36534
1.36457 1.36457 1.3657
1.36495 1.36495 1.36608
1.36518 1.36518 1.36621
1.36726 1.36726 1.3687
1.36768 1.36768 1.36909
1.36985 1.36985 1.37111
1.37081 1.37081 1.37199
1.37083 1.37083 1.3722
