52.3167756081
52.3167756081
52.3830497265
52.406995523
52.406995523
52.3321958303
52.4024027944
52.3327398777
52.3835937738
52.1881600022
52.1881600022
52.1801780462
52.1801780462
51.4081735373
51.0527399793
51.0527399793
51.0527399793
51.0527399793
51.1196746245
50.90913032
50.9521192402
50.8937102407
50.8937102407
50.7915753722
50.7327395201
50.6709422022
50.6709422022
50.7372163206
50.7372163206
50.7372163206
50.5035041466
50.5035041466
49.7977737561
49.1381495208
49.239857316
48.8216929853
48.2531043485
48.042250362
48.042250362
47.7651225582
47.7651225582
47.7651225582
47.7342817828
47.7342817828
47.7342817828
47.7342816606
47.7342816606
47.831395793
47.5108520955
47.5108520955
47.5108520955
47.5108520955
47.5108520955
47.5108520955
47.5108520955
47.4948882759
47.3582904041
47.2920164287
47.2920164287
47.202339974
47.202339974
47.202339974
46.6246814787
46.6246814787
46.6246814787
45.7743708938
45.6926768392
45.6107838988
45.5753500819
45.5599298596
45.1290908992
45.1290908992
45.178947176
45.1098972663
45.1761713848
45.1761713848
45.1088995248
45.1761713848
45.1761713848
44.861984016
44.861984016
44.8069330275
44.0274904042
43.8798210472
43.6715127647
43.6715127647
43.5189508587
43.5189508587
43.5189508587
43.5189508587
43.5189508587
43.4726903319
42.298711893
42.298711893
42.298711893
42.298711893
42.0835444421
42.0601421297
42.0601421297
42.173367551
41.7579484165
