-nan
0
0.070528658266
0.0510465115524
0.0475113345295
0.0976993157561
0.0912374454934
0.107855000035
0.0972334492717
0.168885571901
0.155894575411
0.145402415782
0.135882646274
0.437442200529
0.458009718622
0.43448104633
0.413347205648
0.394256874893
0.376305864061
0.374502091584
0.359029554451
0.347188219795
0.334476618355
0.326586201829
0.317275694973
0.30873632546
0.299100031726
0.289529217465
0.281033515182
0.273041917382
0.277011343396
0.269655775128
0.330570440191
0.372701302006
0.363372013235
0.374674935672
0.397631174479
0.394376742756
0.386031429224
0.386057480014
0.378303218563
0.370860431511
0.364066033153
0.357194221055
0.350582689814
0.34421701261
0.338083786221
0.331752859915
0.334934763752
0.329306287709
0.323868411297
0.318611632667
0.313527063219
0.308606380004
0.303841782343
0.299389005035
0.297080555486
0.2935329163
0.289300009025
0.286358248264
0.282358982703
0.278472737817
0.293891618321
0.28998479229
0.286182964281
0.316714736839
0.313577243202
0.310528812071
0.307016009237
0.303406046345
0.309188352592
0.30553890568
0.30168677058
0.298868573702
0.295116034448
0.291792759061
0.289175794463
0.285641615067
0.282534543995
0.284626383444
0.281611092096
0.279133368879
0.298056987877
0.296576143067
0.296077328019
0.293132918858
0.291818219452
0.288981128301
0.286199752921
0.283472473564
0.280797731817
0.278517469556
0.31355701211
0.310683624777
0.307863537071
0.305095281015
0.304622806622
0.302093957224
0.299458455267
0.296423961785
0.299638524843
