0.00275897 0.00276041 0.00275236
0.00269028 0.00271816 0.00271997
0.0026312 0.00263638 0.00267421
0.00259633 0.00262204 0.0026036
0.00249716 0.00257414 0.00256163
0.00253293 0.00261197 0.00256797
0.00259203 0.0026095 0.00268768
0.00261332 0.00263138 0.0026376
0.00266263 0.00266406 0.00266724
0.00266913 0.00265961 0.00265669
0.00268755 0.00268287 0.00266045
0.00266038 0.00267588 0.00268409
0.00267073 0.00265272 0.00265959
0.00265142 0.00266802 0.00266917
0.00266575 0.00268324 0.00268035
0.00267282 0.00267199 0.00266909
0.00266792 0.00264854 0.0026963
0.00262889 0.00264114 0.00263844
0.00261649 0.002618 0.00262618
0.00258991 0.0025887 0.00259147
0.00258032 0.00257364 0.00257517
0.00253196 0.00250664 0.00250877
0.00248563 0.00249149 0.00247658
0.00245888 0.00243739 0.00245144
0.00239837 0.00239555 0.00239064
0.00243282 0.00241881 0.00242184
0.00237465 0.00237528 0.00237703
0.00241905 0.00241881 0.0024238
0.00236304 0.0023589 0.00236006
0.0022741 0.00227186 0.00228511
0.0022242 0.00222738 0.0022113
0.0021402 0.0021553 0.00214161
0.00214083 0.00212029 0.0021345
0.00206378 0.00207926 0.00206468
0.00204065 0.00205103 0.00203477
0.00200164 0.00200538 0.00200732
0.00198497 0.0020049 0.00198209
0.00202111 0.00199759 0.00200874
0.00200054 0.0020084 0.00200696
0.00200044 0.00200519 0.00200654
0.00203323 0.00202782 0.00201868
0.00197097 0.00198334 0.00197599
0.00202652 0.00203322 0.00201142
0.00205724 0.00206093 0.00205895
0.00210805 0.00212311 0.00210907
0.0021549 0.00215835 0.00215588
0.00215391 0.00217552 0.00215244
0.00218562 0.00217252 0.00218301
0.00218925 0.00216227 0.00216664
0.00213489 0.00213987 0.00213524
0.00215152 0.00214714 0.00215412
0.00211291 0.00211132 0.00210498
0.00207784 0.0020474 0.0020656
0.00202467 0.002031 0.00203854
0.00205217 0.00205578 0.00205285
0.00205893 0.00205223 0.00204227
0.00203178 0.00201869 0.00202938
0.00202366 0.00200855 0.00203508
0.00205103 0.00204417 0.0020428
0.00197539 0.00197338 0.00197684
0.00198703 0.00199415 0.00198278
0.0019466 0.00193882 0.00193699
0.00189019 0.00190289 0.00189738
0.00188002 0.00189971 0.00189842
0.00187529 0.00187082 0.00187736
0.00188233 0.00187456 0.0018784
0.00192123 0.00191736 0.00191531
0.00189457 0.00188955 0.00188559
0.00187301 0.00183068 0.00185056
0.00183023 0.00181827 0.00182358
0.00178919 0.00178104 0.00177698
0.0017688 0.00175298 0.00173418
0.00171052 0.00170438 0.0016959
0.00173978 0.00176303 0.00173437
0.0017192 0.00172164 0.00171069
0.00173145 0.00170282 0.00170734
0.00167727 0.00171206 0.00166617
0.00164156 0.00165887 0.00163591
0.00161645 0.00164624 0.00163337
0.00162534 0.00163014 0.00162367
0.00160356 0.00160821 0.00160258
0.0016232 0.00161842 0.00161811
0.0016432 0.00164584 0.0016303
0.00169402 0.00167956 0.00166498
0.00168721 0.00166194 0.00167801
0.00172665 0.00171455 0.0017265
0.00168212 0.00167359 0.00168102
0.00165979 0.00169128 0.00166255
0.00166995 0.00167113 0.00167299
0.00163742 0.0016529 0.00164237
0.00167166 0.00170945 0.00167951
0.00167291 0.00166397 0.00166534
0.00168078 0.00168003 0.00167578
0.00172942 0.00174981 0.00173068
0.00172681 0.00173099 0.00172136
0.00175834 0.00176612 0.0017668
0.00174885 0.0017444 0.00175655
0.00175969 0.00178053 0.00177542
0.00172427 0.00173839 0.00173695
0.00172639 0.00173573 0.00172788
0.0017064 0.00172711 0.00172299
0.0016819 0.00167975 0.00169939
0.00165469 0.0016872 0.00167837
0.00170035 0.00172318 0.00171199
0.00167964 0.00169076 0.00167043
0.00167535 0.00169134 0.00167886
0.00165959 0.00167358 0.00167661
0.00163788 0.00167192 0.00165948
0.00165378 0.00166356 0.00165891
0.00165211 0.00167391 0.00167148
0.00164973 0.00165457 0.00165458
0.00161733 0.00163459 0.00163655
0.00162184 0.00164696 0.00164419
0.00166428 0.00170017 0.00169221
0.00173579 0.00174169 0.00172961
0.00177789 0.00176058 0.00174649
0.00180884 0.00181239 0.00180622
0.00179333 0.00179469 0.00179347
0.00180124 0.00182305 0.00180642
0.00178948 0.00180291 0.00178217
0.00175663 0.00177321 0.00176919
0.00179016 0.00180407 0.00179404
0.00180338 0.00180154 0.00179717
0.00179728 0.00179683 0.0017954
0.00181147 0.00180951 0.00180438
0.00179943 0.00179445 0.00178134
0.00172564 0.00172463 0.00172471
0.00170403 0.00167316 0.00168877
0.00164443 0.00164718 0.00164434
0.00170314 0.00170731 0.0016987
0.00168139 0.00166379 0.00166867
0.0016653 0.00165923 0.00165885
0.00163865 0.00163822 0.00163243
0.00158176 0.00157052 0.00157376
0.00157587 0.00158462 0.00156864
0.00164074 0.00163011 0.00163966
0.00160762 0.00161831 0.00160902
0.00158971 0.00156703 0.00157397
0.00161952 0.00161041 0.00159954
0.00160347 0.00159084 0.00159431
0.00158949 0.00157641 0.00157886
0.00161663 0.00162357 0.00161905
0.00159175 0.00156763 0.00157695
0.00160241 0.00159282 0.00158901
0.00151957 0.00152486 0.00152571
0.00154127 0.00156026 0.00154542
0.00152503 0.001509 0.00150604
0.00148349 0.00147778 0.00147905
0.00146699 0.00147126 0.00146973
0.00150985 0.00152877 0.00151146
0.00149367 0.00149181 0.0014815
0.00149755 0.0015385 0.00149883
0.00142727 0.00144385 0.00142441
0.00142163 0.00142857 0.00142388
0.00143306 0.00145905 0.0014293
0.00143437 0.0014543 0.00142746
0.00140437 0.00144063 0.00140769
0.00144707 0.00145511 0.00146182
0.00140842 0.00141057 0.00140743
0.00137444 0.00138296 0.00137666
0.00135922 0.00134737 0.00134313
0.00138217 0.00137626 0.00138538
0.00142128 0.00143191 0.00142225
0.00142324 0.00142503 0.00141531
0.0014391 0.00143769 0.00143282
0.00143515 0.00146364 0.00144466
0.00144093 0.00148501 0.00144315
0.00142231 0.0014093 0.00140909
0.00143695 0.00144092 0.00143702
0.00139617 0.00141023 0.00139887
0.00139101 0.00139638 0.00140395
0.00139191 0.00138188 0.00139107
0.00142775 0.00144361 0.00141083
0.00145563 0.00145486 0.0014308
0.00144189 0.00143221 0.00142799
0.00139811 0.00139184 0.00139381
0.00139916 0.00140277 0.00139635
0.00140156 0.00139122 0.00140459
0.00141035 0.00138555 0.00141586
0.00142721 0.00145307 0.00144954
0.00145114 0.00147099 0.00146233
0.00144398 0.00145952 0.00145467
0.00139807 0.0014163 0.00140955
0.001425 0.00143649 0.0014491
0.00140873 0.0014377 0.001427
0.00137098 0.00139055 0.00137413
0.00136772 0.00135683 0.00138276
0.00137622 0.00139197 0.00136421
0.00137335 0.0013546 0.00136323
0.00135524 0.0013452 0.00134653
0.00139423 0.00139602 0.00139946
0.00136773 0.00137492 0.00136919
0.00136732 0.00139088 0.00137878
0.00139505 0.00141929 0.00140253
0.00134236 0.00134341 0.0013339
0.00136755 0.00136403 0.00136247
0.00140001 0.00138793 0.00139445
0.00134222 0.00136308 0.00136093
0.00134331 0.00133572 0.00133757
0.00132515 0.00131762 0.00132003
0.00128106 0.0012901 0.00127882
0.00127403 0.00128158 0.00127764
0.00131483 0.00131161 0.00131707
0.00126348 0.0012892 0.00126344
0.00130424 0.00130749 0.00131099
0.00125126 0.00124787 0.00125115
0.00130512 0.00131116 0.00130708
0.00133609 0.00134139 0.00133048
0.00135226 0.00134608 0.001337
0.00133558 0.00132852 0.00133338
0.00128695 0.00129792 0.0012903
0.00131812 0.00132988 0.00132612
0.00134081 0.00133294 0.0013315
0.00132102 0.00131369 0.00131719
0.00131312 0.0013165 0.00131734
0.00132007 0.0013149 0.00130619
0.0013342 0.00132932 0.00131599
0.00133882 0.00133101 0.00133252
0.00126948 0.00125577 0.00124373
0.00125598 0.00125728 0.00125127
0.00126236 0.00123946 0.00124375
0.00123815 0.0012367 0.00122595
0.00127007 0.00127349 0.00126621
0.00136081 0.00133011 0.00132664
0.00150592 0.00147996 0.00148316
0.00157699 0.0015571 0.00154523
0.00165344 0.00161763 0.00164254
0.00172961 0.00168561 0.00169606
0.00175627 0.00178074 0.00174193
0.00195166 0.00185104 0.00195293
0.00192857 0.0019039 0.00196245
0.00194216 0.00194913 0.00190398
0.00191543 0.00190568 0.0019458
0.00192858 0.00189563 0.00196193
0.00192221 0.0019256 0.00204146
0.00191523 0.00189001 0.00200946
0.00195967 0.00189104 0.00203461
0.00185998 0.00189642 0.00200558
0.00184329 0.00178024 0.001939
0.00178003 0.00174271 0.00188031
0.00174987 0.00175307 0.00184864
0.00169115 0.0017067 0.00185867
0.00180596 0.00176341 0.00186679
0.00180657 0.00178053 0.00189285
0.00185089 0.00178992 0.00191153
0.00190126 0.001884 0.00205866
0.00184569 0.00183483 0.00187707
0.00187398 0.00181741 0.00191871
0.00183081 0.00179248 0.00192703
0.00169931 0.00173491 0.00180523
0.00170388 0.00168755 0.00180007
0.00168694 0.00167722 0.00177373
0.00168368 0.00171735 0.00174012
0.00170573 0.00165716 0.00183152
0.00163797 0.00163337 0.00171103
0.00173372 0.0017247 0.00187703
0.00173068 0.00172944 0.00181898
0.00177011 0.00178453 0.00178821
0.00171169 0.00174441 0.00189365
0.00171688 0.0017819 0.00188365
0.00183685 0.0018842 0.00196136
0.00172675 0.00177827 0.00194307
0.00177233 0.00182851 0.00197693
0.00178726 0.00179251 0.00193503
0.00187673 0.00178727 0.00200438
0.00181197 0.00178867 0.00191994
0.00170942 0.00170505 0.00184672
0.00164161 0.00162759 0.00179631
0.0016921 0.00165227 0.0017978
0.00166371 0.00167302 0.00179666
0.00171534 0.00174478 0.00189058
0.00192044 0.00190017 0.00205819
0.00221243 0.00219552 0.00231904
0.00218573 0.00218433 0.00224552
0.00198721 0.00198804 0.00208565
0.00186044 0.00187783 0.00195352
0.0019167 0.0019264 0.00205562
0.00168887 0.00168868 0.00179299
0.00166911 0.00164962 0.00175407
0.00166372 0.00165311 0.00173863
0.00165101 0.00164815 0.00174047
0.00172612 0.00172035 0.00182629
0.00179127 0.0017791 0.00186487
0.00176998 0.00178027 0.00188514
0.00182367 0.00186054 0.00194425
0.00186288 0.00187853 0.00196194
0.00183078 0.00181851 0.00194167
0.00173806 0.0017277 0.00190888
0.0017391 0.001721 0.00189986
0.00191827 0.00190605 0.00204761
0.00175534 0.00168629 0.00186906
0.00195221 0.00195347 0.00203966
0.00187835 0.00189417 0.00198734
0.00177936 0.00176078 0.00191361
0.00169124 0.00171543 0.00182368
0.00162427 0.00162904 0.00182979
0.00151757 0.00150639 0.00170242
0.00153625 0.00156948 0.00175652
0.00163826 0.00165924 0.00185938
0.00175124 0.00173364 0.00192492
0.00178571 0.00183949 0.00197557
0.00185691 0.00188941 0.00201994
0.00185739 0.00185291 0.00204181
0.00187994 0.00187117 0.00202046
0.00203435 0.00206865 0.00226289
0.00219874 0.00223999 0.00240739
0.00223394 0.00223172 0.0023793
0.00228 0.0022421 0.00236298
0.00222302 0.00223718 0.00232658
0.00208512 0.00211053 0.00215932
0.00194356 0.00203838 0.0020806
0.00186835 0.00189454 0.0018849
0.00169121 0.0016779 0.00177407
0.00173783 0.00180585 0.00192143
0.00173378 0.00178733 0.00185196
0.00174811 0.00172061 0.00186137
0.00168612 0.00171751 0.00184227
0.00170615 0.00172891 0.0019161
0.00170838 0.00169921 0.00185675
0.00169559 0.00165644 0.00183019
0.00173949 0.00165589 0.0018204
0.00180221 0.00178792 0.00193808
0.0020933 0.00209663 0.00230576
0.00210812 0.00203992 0.00221926
0.00216598 0.00223741 0.00230696
0.00242748 0.00239054 0.0025622
0.00227383 0.00220277 0.00239134
0.00226032 0.00237898 0.00242791
0.00225791 0.00217898 0.00229418
0.00220248 0.00222902 0.00234759
0.00212412 0.00212429 0.00224737
0.00221463 0.00222416 0.00241731
0.00231589 0.00228517 0.0024434
0.00221658 0.00212998 0.00230055
0.00212573 0.00214675 0.0023255
0.00207664 0.00199196 0.00222159
0.00210254 0.00195135 0.00215444
0.00209283 0.00206456 0.00226928
0.00220302 0.00217285 0.00229698
0.00218616 0.00212844 0.00225995
0.0022977 0.00225583 0.00242994
0.00233989 0.00221582 0.00238593
0.00238221 0.00235916 0.00240492
0.002389 0.0023271 0.00246717
0.00255729 0.00249994 0.0027105
0.00261524 0.00261614 0.00271965
0.00241711 0.002416 0.00254551
0.0023388 0.0022238 0.00238082
0.0021901 0.00217359 0.00227998
0.00208228 0.00195215 0.0021163
0.00220688 0.00212857 0.00235182
0.00232728 0.00228165 0.00240668
0.00216813 0.0020775 0.00226144
0.00216904 0.00216258 0.00226526
0.00226536 0.00217792 0.0022989
0.00219977 0.00209974 0.00224909
0.00227237 0.00220788 0.00237444
0.00224028 0.00226363 0.00238682
0.00232808 0.00223218 0.00239039
0.00243006 0.00237361 0.00248364
0.00240007 0.00230274 0.00249834
0.00241838 0.00239396 0.00252599
0.00262178 0.00255415 0.00274771
0.00250597 0.00239106 0.0025163
0.00249716 0.00240677 0.00255277
0.00237163 0.0022801 0.00244565
0.002452 0.00235406 0.0025582
