25.9431039214
25.9431039214
25.9431039214
25.9431039214
25.9431039214
25.8516825676
25.8516825676
25.8357907057
25.8357907057
25.8357907057
25.8357907057
25.8857907057
25.8906095207
25.8906095207
25.8906095207
25.8906095207
25.8906095207
25.8906095207
25.8906095207
25.8747176588
25.8954283357
25.8588257968
25.872223258
25.872223258
25.7356207192
25.7197288573
25.5783075035
25.5783075035
25.5783075035
25.5624156415
25.5624156415
25.5124156415
25.5124156415
25.4965237796
25.4306319177
25.3806319177
25.2574268401
25.2208243012
25.2049324393
25.1342217624
25.1135110855
24.9928004086
24.9061978698
24.814776516
24.6733551621
24.5612231314
24.3490911007
24.2748270392
24.2748270392
24.2334056854
24.2334056854
24.2334056854
24.2334056854
24.2016219616
24.2016219616
24.1857300997
24.1357300997
24.1039463758
24.1539463758
24.1039463758
24.1039463758
24.1039463758
24.062525022
23.962525022
23.8918143451
23.8393199444
23.8234280825
23.8234280825
23.8234280825
23.8027174056
23.7820067286
23.7820067286
23.6661148667
23.6161148667
23.5246935129
23.4746935129
23.4746935129
23.4246935129
23.4246935129
23.4246935129
23.3673802972
23.2966696203
23.1759589434
23.1600670815
23.0393564045
22.9734645426
22.8734645426
22.7734645426
22.7234645426
22.6234645426
22.5734645426
22.5234645426
22.4368620038
22.3661513269
22.34544065
22.2795487881
22.1136569262
21.9929462492
21.9356330335
21.9149223566
21.8442116797
21.7942116797
21.7576091409
21.721006602
21.7002959251
21.6502959251
21.6295852482
21.6088745713
21.4881638944
21.4674532175
21.4467425406
21.3394293249
21.202826786
21.1614054322
21.1089110315
20.9882003546
20.9674896777
20.9260683239
20.889465785
20.83464697
20.6980444312
20.6821525693
20.6455500305
20.5748393536
20.5223449528
20.390561229
20.3746693671
20.2746693671
20.1198505521
20.0698505521
20.0198505521
19.9539586902
19.9039586902
19.8332480133
19.7418266594
19.7418266594
19.6759347975
19.5759347975
19.5393322587
19.4393322587
19.3686215818
19.3186215818
19.2479109049
19.2113083661
19.0795246422
19.0795246422
19.0795246422
19.0295246422
18.9588139653
18.9381032884
18.8466819346
18.8307900727
18.7307900727
18.6941875339
18.6234768569
18.55276618
18.4113448262
18.4113448262
18.4113448262
18.3906341493
18.2992127955
18.1992127955
18.0992127955
18.0126102567
17.8711889029
17.7711889029
17.7552970409
17.634586364
17.584586364
17.4638756871
17.4431650102
17.3272731483
17.2906706095
17.3113812864
17.1906706095
17.1540680707
17.0540680707
16.9626467168
16.7919360399
16.771225363
16.6480202854
16.5980202854
16.5273096085
16.4565989316
16.4565989316
16.4065989316
16.3565989316
16.3065989316
16.1907070696
16.0699963927
16.0858882546
16.0810694396
16.0237562239
15.903045547
15.7457323313
15.7116241932
15.6616241932
15.5409135163
15.4860947013
15.4860947013
15.3860947013
15.1437746762
15.1047393472
14.951055054
14.8973147954
14.8021004153
14.7483823831
14.6946474932
14.5910476782
14.5856411597
14.4385424656
14.3833824187
14.2781265047
14.1542875059
14.0820343978
14.0096774752
13.9582838813
13.8566621579
13.8049684649
13.7823703355
13.7295875877
13.6563056899
13.5847634272
13.4840973676
13.462892407
13.4126873311
13.355352818
13.3280042428
13.3370399704
13.3624607105
13.3272198326
13.3072865652
13.3070299114
13.2578753006
13.2575003476
13.2371701438
13.236928868
13.1867210047
13.129414419
12.9697705125
13.0584171535
12.9870963248
12.7945398541
12.744455184
12.7784009747
12.7239425988
12.7621357718
12.7129234111
12.6771862319
12.5937168606
12.5720053233
12.5220280148
12.4724397713
12.4719515718
12.4514169446
12.3354534668
12.264040947
12.2271341402
12.1561017194
12.1378518344
12.0862645549
12.0348339667
11.9843813403
11.9840979563
11.8259168135
11.8048291512
11.7977964234
11.8426314607
11.792163173
11.77229145
11.6792305669
11.6501876582
11.6960010931
11.6749954134
11.7336431759
11.6865582643
11.6426004925
11.4433822739
11.3068405952
11.306574608
11.3062979477
11.2800634485
11.3236156643
11.2863247156
11.2651198175
11.1644295865
11.1354150216
11.1363861349
11.1891735165
11.1890881985
11.2260421062
11.1194339397
11.1170857469
10.9954125484
10.945283448
10.9456152058
10.9251458107
10.7756166405
10.6550650635
10.7059618023
10.7111440839
10.7418084728
10.7139997246
10.5818031421
10.5859033609
10.6378096902
10.568528268
10.5491656989
10.5964872093
10.4776928936
10.4252058461
10.4253219286
10.4281864022
10.3765224538
10.2887918336
10.2676258687
10.2457991159
10.1297143784
10.1091490221
10.1106621216
10.1106188084
10.0433393107
10.0587900214
10.0572714687
10.0596839206
10.0375929531
9.98663413445
10.0078723258
10.0074057108
9.95783068551
9.97470852708
9.95243125231
9.95137303256
9.95130878208
9.8970945862
9.84818436583
9.85208083793
9.83021302049
9.83098227124
9.81443943804
9.79929984224
9.84909722222
9.8504443682
9.82464414541
9.80260007659
9.91658276308
9.91644028484
9.91793664543
9.91751381117
9.84958432565
9.80291322484
9.88092343899
9.87826559385
9.82687828991
9.82754458151
9.83099453342
9.85882202724
9.85913908709
9.85783033703
9.85868885715
9.85801175651
9.83112747849
9.88037063092
9.87843781769
9.87886217452
9.88213935636
9.88065050007
