0.0036024 0.00348612 0.00326095
0.00250433 0.00191719 0.00206239
0.00318719 0.00296465 0.00269527
0.00601292 0.00439912 0.00406016
0.00589083 0.00538668 0.00495593
0.00350383 0.00289867 0.00265355
0.00248072 0.00260129 0.00164607
0.00266556 0.00222315 0.00137371
0.00296566 0.00188248 0.00169963
0.00193628 0.00217372 0.00177969
0.00268497 0.00223031 0.00217304
0.00186983 0.00183785 0.00192235
0.00197273 0.00157792 0.00149592
0.0030316 0.00196975 0.00181911
0.00298274 0.00156892 0.00127021
0.00251812 0.00153107 0.00121952
0.00192814 0.00190057 0.00152535
0.00262915 0.00164613 0.001428
0.00153045 0.00160487 0.00120838
0.00224854 0.00144299 0.00122937
0.00163402 0.00198028 0.00149252
0.00144155 0.00185001 0.0013824
0.00193573 0.00174877 0.0013331
0.00141119 0.0014739 0.00114071
0.00167787 0.00140471 0.00128552
0.0015695 0.00172406 0.00119669
0.00158779 0.00173183 0.00125113
0.00262942 0.00176772 0.00175237
0.0031046 0.0018468 0.00187928
0.00170949 0.00227521 0.0018346
0.00208159 0.00162961 0.00154785
0.00224599 0.00212551 0.00206321
0.00221689 0.00286657 0.00232706
0.00318964 0.00285671 0.00258683
0.00281684 0.00261102 0.00243476
0.00217355 0.00192109 0.00193607
0.00210492 0.0023601 0.00190513
0.0023931 0.00167476 0.00119564
0.00254635 0.00163836 0.00130609
0.00206887 0.00201774 0.00165025
0.00205514 0.00150682 0.0010634
0.00212983 0.00241037 0.0018056
0.00206775 0.00221494 0.00188158
0.00208202 0.00192941 0.0013409
0.00241613 0.00209983 0.00196944
0.00223165 0.00200424 0.00189213
0.0023697 0.00163443 0.00159842
0.00295813 0.00229271 0.00227888
0.00293387 0.00236005 0.0022827
0.00158185 0.00132696 0.00116516
0.00193399 0.00170989 0.00164777
0.00201844 0.0020554 0.00185992
0.00188321 0.00168075 0.00155746
0.00166332 0.00165774 0.00137802
0.00151194 0.00183668 0.00161319
0.00195736 0.0018119 0.00166252
0.0024253 0.00158284 0.00131948
0.00188837 0.00156076 0.00105834
0.00155491 0.00163508 0.00127113
0.00183054 0.00187099 0.0012646
0.00170422 0.00194541 0.00144185
0.0020572 0.00221786 0.00167281
0.00199302 0.00230274 0.00196806
0.001948 0.00245511 0.00199155
0.00272123 0.00195487 0.00164991
0.00142109 0.00166385 0.00155736
0.00194269 0.00224474 0.00202304
0.00181933 0.00208382 0.00198545
0.0015914 0.00192243 0.00165026
0.00158461 0.0018106 0.00173502
0.0017413 0.00231722 0.00188196
0.00192025 0.00271039 0.00198635
0.00191059 0.00263473 0.00209278
0.00183939 0.00219114 0.00182479
0.00160918 0.00203957 0.00157159
0.00164979 0.00219269 0.00179505
0.00189645 0.00237314 0.00183015
0.00147961 0.00220214 0.00174617
0.00188114 0.00259783 0.00181707
0.00155789 0.00208178 0.00228719
0.00188869 0.00256697 0.0022917
0.00183975 0.0024683 0.00220801
0.00212455 0.0023546 0.00233998
0.00161746 0.00223412 0.00185311
0.00205077 0.00220807 0.00196905
0.00170606 0.00219017 0.00194848
0.00266861 0.00191997 0.00166337
0.00272897 0.00210684 0.0019972
0.00280701 0.0017108 0.00157522
0.003175 0.00217138 0.00216341
0.0029313 0.00257881 0.00244321
0.00178681 0.00244957 0.00222066
0.00193301 0.00262351 0.00235482
0.00145225 0.00261473 0.00222099
0.00185195 0.00230524 0.00198863
0.00192459 0.00226981 0.00211428
0.00167001 0.00239407 0.00198965
0.00159464 0.0019097 0.00184801
0.00159484 0.00168745 0.00185492
0.00202951 0.00253989 0.002509
0.00156551 0.00287973 0.00271978
0.00249571 0.00319911 0.00291609
0.00173356 0.00288374 0.0029404
0.00194086 0.00268983 0.00263045
0.00160859 0.00274064 0.00252758
0.00198689 0.00334778 0.00294562
0.00172594 0.00318779 0.0027483
0.00211288 0.00349222 0.00300974
0.00180105 0.0035568 0.00331357
0.00186366 0.00308881 0.00285757
0.00181485 0.00275207 0.00289093
0.00175996 0.00361253 0.00319425
0.00261454 0.00339032 0.00285384
0.0017562 0.00334612 0.00269514
0.00249217 0.00381322 0.00301732
0.00238554 0.00311874 0.00264757
0.00200281 0.00239733 0.00283892
0.00205633 0.00264708 0.00281083
0.00198637 0.00267524 0.00313998
0.00196165 0.00257045 0.00299577
0.00236121 0.00361631 0.00313145
0.00237048 0.00263039 0.00320527
0.00228689 0.0031272 0.00310422
0.00220138 0.00352619 0.0030565
0.00205163 0.00362477 0.00307161
0.00215772 0.00331997 0.0032554
0.00191505 0.00273473 0.00279939
0.00187113 0.00267855 0.00258267
0.00177836 0.00301905 0.00290382
0.00230301 0.00423781 0.004019
0.00280787 0.00421981 0.00406768
0.00196231 0.00405751 0.00366631
0.00266534 0.00415869 0.00385404
0.00232729 0.00402044 0.00379631
0.00274529 0.00457769 0.00415833
0.00298969 0.0048507 0.00458049
0.0029587 0.00520726 0.00501942
0.00356231 0.00567575 0.00537873
0.00395515 0.00519316 0.00581722
0.00372892 0.00481069 0.00576725
0.00406623 0.00540939 0.00601317
0.00424166 0.00605599 0.0063587
0.0039408 0.00575871 0.00655538
0.00430133 0.0055003 0.00646225
0.00392236 0.00561556 0.00625643
0.00420628 0.00552904 0.00608518
0.00402238 0.00433385 0.00590119
0.00372147 0.0045949 0.00576428
0.00448903 0.00486339 0.00617803
0.00355166 0.00534038 0.00564399
0.0039964 0.00460368 0.00589495
0.00375453 0.00468479 0.0055305
0.00391907 0.00572119 0.00550435
0.00416507 0.00449462 0.0056838
0.00361093 0.00569146 0.00537242
0.00385711 0.00513233 0.00557203
0.0033944 0.00324024 0.00467237
0.00326818 0.00359154 0.00437121
0.0033934 0.00454515 0.00496111
0.00385317 0.00502206 0.00528579
0.00422437 0.00463715 0.00521754
0.0042089 0.00489424 0.00533551
0.00397168 0.0048198 0.0051315
0.00403111 0.00408309 0.00524944
0.00407166 0.00452095 0.00532918
0.00340117 0.00429501 0.00488708
0.00405895 0.00439947 0.00515091
0.00332117 0.0045189 0.0047996
0.00393209 0.00396628 0.00494023
0.00320183 0.00361193 0.00444432
0.00345156 0.00395249 0.0047892
0.00289193 0.00403458 0.00431041
0.0033596 0.00384912 0.00470421
0.00318035 0.00411536 0.00432249
0.00324951 0.00368419 0.00460031
0.00333996 0.00424435 0.00430912
0.00468001 0.00463106 0.00462927
0.00397819 0.00458867 0.00487193
0.00363624 0.00410659 0.00486512
0.00412514 0.00446329 0.00432011
0.00433449 0.00480859 0.00443425
0.00333524 0.00454271 0.00460041
0.00326156 0.00451521 0.00475579
0.00406868 0.00424883 0.00449991
0.00380689 0.00389242 0.0044746
0.00438302 0.00479451 0.00413988
0.00437341 0.004306 0.00433432
0.00422296 0.00464178 0.00405062
0.00331332 0.00367248 0.00395284
0.00387886 0.00466979 0.00360789
0.00419475 0.00517225 0.00394425
0.00358113 0.00406678 0.00407009
0.00425833 0.00498257 0.00383322
0.00361906 0.00489616 0.00380839
0.00362127 0.00359221 0.00421909
0.00319665 0.00358322 0.00398309
0.00358816 0.00358816 0.003695
0.0039298 0.0039298 0.00400971
0.00371342 0.00371342 0.00380646
0.00381635 0.00381635 0.00391394
0.00374261 0.00374261 0.00386829
0.00389607 0.00389607 0.0040004
0.00383819 0.00383819 0.00394268
0.00396159 0.00396159 0.00406639
0.00390008 0.00390008 0.00400775
0.00402395 0.00402395 0.004126
0.00397886 0.00397886 0.00409998
0.00407413 0.00407413 0.00419269
0.00402512 0.00402512 0.00413307
0.00411387 0.00411387 0.0042176
0.00348297 0.00403698 0.00413634
0.00343087 0.00427077 0.00425981
0.00391031 0.00391031 0.00409488
0.0036124 0.00393114 0.00398179
0.00374829 0.00374829 0.00396151
0.00386837 0.00384639 0.00381629
0.00360995 0.00409587 0.00366812
0.00364625 0.00376795 0.00374359
0.00339105 0.00305151 0.00390668
0.00359412 0.00388148 0.00368274
0.00374238 0.0043974 0.0038419
0.00353851 0.00353851 0.00372831
0.00361093 0.00361093 0.00378598
0.00372302 0.00372302 0.00391479
0.00377415 0.00377415 0.00396602
0.00301673 0.00366981 0.0038555
0.00296306 0.00279065 0.00392138
0.00335973 0.00335973 0.00363796
0.00363935 0.00363935 0.00393472
0.00334706 0.00334706 0.0036486
0.00352237 0.00352237 0.00373163
0.00345026 0.00345026 0.00367118
0.0035496 0.0035496 0.00381681
0.00347286 0.00347286 0.00373267
0.00357048 0.00357048 0.00379979
0.00344373 0.00344373 0.00370546
0.0035473 0.00336305 0.00378721
0.00357188 0.00357188 0.00384648
0.00337142 0.00337142 0.00365226
0.00337973 0.00337973 0.00367802
0.00336273 0.00336273 0.00363338
0.00343463 0.00343463 0.003691
0.00340348 0.00340348 0.00365974
0.00347905 0.00347905 0.0037321
0.00343371 0.00343371 0.00369019
0.00348141 0.00348141 0.00373646
0.00352342 0.00352342 0.00376613
0.00347299 0.00347299 0.00371593
0.00359775 0.00359775 0.00387117
0.00354704 0.00354704 0.00381638
0.00366458 0.00366458 0.00394725
0.00364373 0.00364373 0.00391213
0.00366662 0.00366662 0.00397182
0.00377186 0.00377186 0.00403652
0.0037004 0.0037004 0.00399308
0.00382126 0.00382126 0.00406818
0.00368151 0.00368151 0.00392867
0.00380353 0.00380353 0.00401328
0.00377181 0.00377181 0.0040095
0.00379986 0.00379986 0.00403905
0.0038953 0.0038953 0.00412281
0.00374898 0.00374898 0.00398702
0.00371993 0.00371993 0.0039691
0.00381632 0.00381632 0.00405034
0.00383596 0.00383596 0.00407652
0.00378272 0.00378272 0.00402782
0.00385297 0.00385297 0.00408376
0.0037313 0.0037313 0.00402513
0.00383065 0.00383065 0.00405258
0.00366418 0.00366418 0.00392295
0.00365914 0.00365914 0.00393203
0.00385961 0.00385961 0.00408274
0.0038668 0.0038668 0.00410484
0.00401924 0.00401924 0.00435152
0.00395493 0.00395493 0.00426456
0.00388763 0.00388763 0.00422956
0.00402066 0.00402066 0.00434636
0.00394239 0.00394239 0.00424736
0.00397877 0.00397877 0.00429862
0.00391814 0.00391814 0.00424415
0.00403065 0.00403065 0.00429822
0.00389948 0.00389948 0.00419665
0.00392994 0.00392994 0.00422648
0.00383625 0.00383625 0.00415595
0.00387792 0.00387792 0.00419615
0.00378208 0.00378208 0.00409249
0.00374849 0.00374849 0.00407409
0.00366126 0.00366126 0.00398769
0.00371317 0.00371317 0.00399982
0.00364481 0.00364481 0.00394849
0.00369013 0.00369013 0.00398868
0.00369208 0.00369208 0.0039805
0.00368536 0.00368536 0.0039716
0.00368321 0.00368321 0.00396024
0.00373696 0.00373696 0.00402566
0.00377256 0.00377256 0.00407078
0.00372607 0.00372607 0.00403868
0.00370481 0.00370481 0.00400465
0.00367429 0.00367429 0.00395199
0.00365744 0.00365744 0.00394413
0.00369846 0.00369846 0.00396583
0.00376452 0.00376452 0.00403275
0.0037517 0.0037517 0.00401592
0.0037544 0.0037544 0.0040066
0.00374039 0.00374039 0.00399928
0.00382012 0.00382012 0.00409814
0.00380213 0.00380213 0.00407923
0.00388528 0.00388528 0.00415436
0.0038763 0.0038763 0.00416313
0.00390984 0.00390984 0.00422195
0.00400478 0.00400478 0.00427946
0.00395629 0.00395629 0.00426099
0.0040437 0.0040437 0.0043266
0.00397347 0.00397347 0.00429651
0.00403224 0.00403224 0.00435803
0.00403089 0.00403089 0.00432324
0.00398499 0.00398499 0.00433346
0.00406851 0.00406851 0.00440802
0.00405754 0.00405754 0.00440663
0.0041744 0.0041744 0.00453042
0.00414144 0.00414144 0.00449344
0.00420409 0.00420409 0.00455888
0.00421465 0.00421465 0.00455974
0.00428057 0.00428057 0.00462158
0.00430919 0.00430919 0.0046561
0.00438996 0.00438996 0.00474613
0.00441606 0.00441606 0.00478643
0.00445875 0.00445875 0.00483779
0.0044796 0.0044796 0.00487326
0.00451046 0.00451046 0.00497576
0.00450086 0.00450086 0.00498166
0.00460117 0.00460117 0.00512534
0.00453429 0.00453429 0.00506557
0.00462424 0.00462424 0.00514341
0.00466374 0.00466374 0.00514479
0.00456478 0.00456478 0.00507694
0.00474138 0.00474138 0.00518283
0.00457557 0.00457557 0.00503482
0.00467283 0.00467283 0.00514292
0.00460419 0.00460419 0.00507136
0.00469243 0.00469243 0.00515735
0.00463454 0.00463454 0.00512305
0.00473586 0.00473586 0.00518146
0.0046512 0.0046512 0.00510324
0.00474993 0.00474993 0.00518566
0.00454683 0.00454683 0.00502929
0.00462867 0.00462867 0.00504166
0.00446964 0.00446964 0.00496484
0.00457685 0.00457685 0.00504272
0.00448191 0.00448191 0.00495662
0.00453669 0.00453669 0.00502007
