89.8113586352
89.8105103246
89.7942299985
89.8030109338
89.806645546
89.8091029949
89.7800943406
86.5755905086
85.1276744675
86.0295889916
83.0420221727
82.5800858831
82.577856375
82.5771626767
82.5839459338
82.5831664421
82.5929731558
82.6099291196
82.6630867776
82.842102624
82.8936377906
82.5612283727
82.8154350757
81.7484946168
81.1483981768
80.7614860401
79.9450143853
79.949326126
79.5435068432
77.8711700771
77.0758978438
75.5114350851
75.5067085798
75.5508473158
75.4914552369
75.5028956861
75.5815931836
75.5608450918
75.5807613382
75.7985643736
75.7852022019
74.5917827284
73.9748188672
73.1168058521
71.692420118
71.694958157
70.9007452745
70.493199661
71.145634238
70.3219922074
68.9284962692
68.9344430238
68.912825487
68.9168665648
68.9190592634
68.9407190549
68.962314612
68.9351012242
68.9581572138
67.5743226449
67.1789695967
66.0991414312
65.0631834489
65.3262176072
64.7835622578
64.3109220512
64.5287653339
63.8773548962
63.2665848939
63.2684373268
62.2854430187
62.2575149681
62.2506339513
62.2380079432
62.247882066
62.2356014981
61.017202672
60.469701884
59.9754154418
59.4849490784
58.790020979
58.7912683764
58.4984463392
58.2116701052
58.2478344437
57.7537214027
57.4963557791
57.5398959049
57.2446986883
56.5988024663
57.0772380014
56.6416614304
55.6016659808
55.630087543
55.6445842853
55.6623578031
55.6646137648
55.6700638547
55.1274670614
53.3244245599
52.5831894638
52.1954241967
52.2066322753
51.7526518367
51.5242184836
51.5544874312
51.2591175313
51.0042775272
51.103855475
50.8294969564
49.8798782615
49.4429187769
49.3567055293
49.354422024
49.4186138055
49.4453455323
49.4365098356
49.5369806503
49.1253363225
48.6588180217
48.2869879559
47.6845939296
47.3486363507
46.6645435589
45.6900804029
44.9454023556
44.6379951473
44.0424877686
44.0592599136
44.0401985342
44.1149766994
44.1138898206
44.2294328676
43.7947254231
42.2729095597
42.5679798938
41.8388732217
41.9657638688
41.3658938992
41.1665309026
40.1878390178
39.6756502088
39.3287866099
38.9316739208
39.0226214768
39.1444240021
39.2656518692
38.7892058019
39.1951963288
38.6633783003
38.8153330585
37.7694152689
37.5162892095
37.5640917735
37.1910054975
36.4804928764
36.1050707102
35.9949478685
35.1151436404
35.0561344946
34.2184327479
33.8296888162
33.8691497479
33.8733115892
33.9774046386
33.9350386564
34.0331636321
33.5382932403
33.4848368294
33.5606184819
32.9480983548
33.380563376
32.7064034906
32.398120971
32.3372342095
32.3872204173
32.3184749849
32.3209603976
32.0335537691
32.1043639642
32.0550445338
32.0327061753
31.8504849486
32.0662056311
31.7092378193
31.5057403783
30.7602634153
30.696632643
30.4790258757
30.4159935714
29.9027062341
30.1075595725
29.9372499077
29.6930440775
29.7237205465
29.6096659545
29.5904869912
29.6478012014
28.9868740264
28.4806191146
28.5263181827
28.2620819627
28.2049169638
28.3160057809
28.3221043087
28.3906705573
28.2979977043
28.4266904939
28.2728849263
28.2502556693
28.2642933829
28.2565585387
28.2094971072
28.2537131674
28.2339826592
28.3399413884
28.2526118634
28.2166612627
28.0835571464
28.0726913598
28.1496867246
28.0999241651
28.093576796
28.2739898456
28.2073605162
28.1756223335
28.1517331384
28.258931396
28.2343494429
28.2207910873
28.2191342915
28.1929138429
28.1657686295
28.1456579442
28.1325440038
28.1823434595
28.2357888955
28.2019860673
28.1992001185
28.2319736774
28.1610120422
28.1410493469
28.1935246208
28.1923315244
28.2297305875
28.3207270114
28.258609876
28.2675853723
28.2495512405
28.3338897999
28.2385417155
28.2051543326
28.2532667445
28.2155998704
28.279490506
27.894129866
28.3633887562
28.366230428
28.3193634913
27.902216007
27.9567692829
28.0167109681
27.9430718244
27.9831542734
28.0518801703
28.1177415793
27.8971686907
27.7154279617
27.4965056038
27.8067359382
27.9861205804
27.9829421455
27.9979491224
27.9389291005
27.9832739275
27.6625643062
28.0807561867
28.0813323957
27.9039883704
27.9526454528
28.0171820916
27.6041662828
27.3178090186
27.2904252391
27.3197085594
27.3507377024
27.1563865982
27.1644198182
27.2235808388
27.4027979462
27.395081577
27.1233028134
27.1587727563
27.1951331151
27.5079437249
27.5030898826
27.1370999412
27.4748621619
27.2159307307
27.2252501395
27.2666254007
27.2580482509
27.2208498829
27.2756323673
27.2522766028
27.2440160552
27.2506945373
27.3275095994
27.265104261
27.2568943511
27.2212151522
27.1644068675
27.1772498448
27.1853787185
27.3320249356
27.110520446
27.1371457764
27.2059483535
27.207389867
27.1541740942
27.207982942
27.1946028036
27.1902645858
27.1635805252
27.2005770584
27.2842053003
27.3113395618
27.0640596129
27.1142729094
27.3559477117
27.2866002934
27.1771791055
27.2592082193
27.3762976236
27.1738486787
27.2080114553
27.1731623243
27.2233193764
27.2495924151
27.2094610428
27.199770678
27.2264815812
27.2675185019
27.3384669546
27.2609101217
27.1875679121
27.175729916
27.1688301974
27.1961175829
27.1913939502
27.2336548926
