6.21024 6.2101 6.20999
6.20758 6.20758 6.20744
6.20447 6.20444 6.20444
6.81302 6.81301 6.81288
6.80748 6.80746 6.80747
6.79698 6.79698 6.79674
6.79196 6.79193 6.7919
6.78381 6.7838 6.78363
6.17728 6.17731 6.1773
4.5185 4.51849 4.51831
3.98098 3.98095 3.9809
3.7529 3.75288 3.75282
3.37921 3.37923 3.37917
3.20943 3.20945 3.20927
3.20674 3.20666 3.20664
3.53415 3.53415 3.53384
3.05277 3.05279 3.05269
3.52791 3.52792 3.52779
3.3477 3.34767 3.34755
3.18175 3.18175 3.18162
3.33917 3.33911 3.339
3.50371 3.50352 3.5034
3.16809 3.16807 3.1678
3.16326 3.16326 3.16304
3.1572 3.15718 3.15687
3.3184 3.31845 3.31813
3.31235 3.31235 3.31212
3.00457 3.00451 3.00442
2.99931 2.9993 2.99914
2.99293 2.99278 2.99256
3.28822 3.28824 3.28793
3.12413 3.12405 3.12394
2.72593 2.7259 2.72569
2.96489 2.96487 2.96465
2.83009 2.83009 2.82974
2.50621 2.50617 2.50594
2.59848 2.59848 2.59833
2.7006 2.70064 2.70051
2.69626 2.69625 2.69611
2.58322 2.58322 2.58298
2.68457 2.68454 2.68428
2.67681 2.67681 2.67655
2.78595 2.78591 2.78561
2.78013 2.78008 2.77981
2.77491 2.77489 2.7746
2.89064 2.89062 2.89034
2.7595 2.75948 2.7592
2.87686 2.87677 2.87648
2.86811 2.86811 2.86785
2.73926 2.73918 2.73899
2.85434 2.85431 2.85422
2.84568 2.84556 2.84544
2.97368 2.9737 2.97337
2.96623 2.96621 2.96573
2.9592 2.95914 2.95883
2.95368 2.95365 2.9535
2.94761 2.94759 2.94738
2.9396 2.93951 2.93924
3.23793 3.23787 3.23756
3.06944 3.06943 3.06917
3.06164 3.06173 3.0615
3.05421 3.05422 3.05404
3.04612 3.04612 3.04582
3.19632 3.19627 3.19586
3.19094 3.19088 3.19074
3.18112 3.18106 3.18072
3.54214 3.54203 3.54192
3.53044 3.53044 3.53008
3.74194 3.74196 3.74165
3.97748 3.97752 3.97711
3.50335 3.50322 3.50306
3.49396 3.49386 3.4935
3.7014 3.70127 3.70103
3.93583 3.9358 3.93557
4.20459 4.2048 4.20428
4.19265 4.19265 4.19214
4.18157 4.18158 4.18126
4.17106 4.17104 4.17069
4.15954 4.15961 4.1591
4.15027 4.15014 4.14984
4.45455 4.4545 4.45406
4.44417 4.4442 4.44383
4.4306 4.43054 4.43026
4.41645 4.41641 4.41607
4.40587 4.40582 4.40556
4.75403 4.75391 4.75366
4.74065 4.74072 4.74041
5.15104 5.15104 5.15094
5.14061 5.14044 5.14009
5.12183 5.12169 5.12154
5.61938 5.6192 5.61919
5.09364 5.09361 5.09335
5.58732 5.58699 5.58705
5.56486 5.56487 5.56463
5.05128 5.05136 5.05104
5.53061 5.53056 5.53039
5.52025 5.52042 5.52014
5.50004 5.49998 5.49974
5.49191 5.49199 5.49156
5.46979 5.46977 5.46961
6.81994 6.81963 6.8193
6.79686 6.79685 6.79682
6.77713 6.7773 6.77717
6.75308 6.75301 6.75278
6.73922 6.73904 6.73917
6.71613 6.71604 6.71608
6.69835 6.69835 6.69805
6.67567 6.67569 6.67554
6.66004 6.66037 6.66005
6.638 6.63797 6.63769
6.62192 6.62207 6.62186
6.59723 6.59707 6.5969
7.51826 7.51817 7.51824
7.49254 7.49278 7.49274
7.47499 7.47485 7.47538
7.4484 7.44867 7.44839
7.43049 7.43055 7.43017
7.39859 7.39881 7.39865
7.38608 7.38566 7.38561
7.35447 7.35435 7.35435
7.33306 7.33327 7.33277
7.30169 7.30186 7.30164
7.28028 7.28025 7.28019
7.25309 7.25301 7.25285
7.23047 7.23059 7.23019
7.20548 7.20563 7.20595
7.18941 7.18945 7.18932
7.16852 7.16879 7.16876
7.14766 7.14758 7.14716
7.10959 7.10955 7.10956
7.0856 7.08577 7.08554
7.06299 7.06311 7.06296
7.0409 7.04081 7.0406
7.01415 7.01398 7.01423
6.99837 6.99829 6.99816
6.97259 6.97181 6.97221
6.95213 6.95196 6.9514
6.92241 6.92242 6.92275
6.9025 6.90229 6.90272
6.87478 6.87454 6.87487
6.85691 6.85672 6.85632
6.82887 6.82881 6.82877
6.81114 6.81129 6.81104
6.78333 6.78317 6.78323
6.76622 6.76668 6.76633
6.72982 6.72984 6.72987
6.71793 6.71857 6.71823
6.68182 6.68193 6.68235
6.66748 6.66753 6.66759
6.63529 6.6347 6.63461
6.61919 6.61921 6.61892
6.58583 6.586 6.58619
6.57836 6.57846 6.57842
6.54924 6.54907 6.54921
6.52881 6.52879 6.52845
6.49331 6.49338 6.4938
6.48016 6.48035 6.47995
6.44763 6.44752 6.44719
6.42919 6.42898 6.4289
6.40092 6.40138 6.40087
6.38094 6.38057 6.38114
6.35418 6.35406 6.35404
6.33317 6.33309 6.33325
6.30636 6.30686 6.30662
6.28418 6.28413 6.28426
6.25691 6.2572 6.25733
6.23681 6.23713 6.23721
6.21103 6.21094 6.21139
6.1886 6.18866 6.18887
6.16101 6.16112 6.16131
6.1459 6.14617 6.1463
6.11904 6.11885 6.11927
6.0989 6.09919 6.09875
6.07248 6.07265 6.073
6.05105 6.05099 6.05125
6.02292 6.02283 6.02321
6.0042 6.00413 6.00375
5.98243 5.98254 5.98255
5.96019 5.96057 5.96028
5.93763 5.93759 5.93751
5.91766 5.91773 5.91707
5.89147 5.89142 5.89187
5.86893 5.86901 5.86904
5.83615 5.83619 5.83613
5.82221 5.82212 5.82225
5.79187 5.79172 5.79181
5.77823 5.77827 5.7787
5.75368 5.7538 5.7539
5.73506 5.7352 5.73507
5.71352 5.71392 5.71394
5.69181 5.69219 5.69178
5.67037 5.67037 5.67058
5.64649 5.64667 5.64654
5.62726 5.62718 5.62711
5.6135 5.61368 5.61329
5.57727 5.57771 5.57789
5.57073 5.57064 5.57097
5.53704 5.53714 5.53686
5.51922 5.51922 5.51924
5.48687 5.48685 5.4871
5.47474 5.47466 5.47473
5.45752 5.45746 5.45772
5.43261 5.43264 5.43287
5.40609 5.4059 5.40659
5.3791 5.37931 5.37935
5.36195 5.36187 5.36203
5.33539 5.33573 5.33583
5.33183 5.33174 5.33194
5.31109 5.31101 5.31092
5.30158 5.30139 5.30216
5.28317 5.28303 5.28326
5.26465 5.26466 5.26534
5.24496 5.24514 5.24492
5.21961 5.21946 5.22006
5.20249 5.20278 5.20301
5.17987 5.17974 5.18044
5.16303 5.16286 5.16289
5.13822 5.13813 5.13832
5.12005 5.11967 5.11997
5.09818 5.09814 5.09783
5.08558 5.08547 5.08532
5.06459 5.0649 5.06561
5.04735 5.047 5.04673
5.02829 5.02824 5.02889
5.00935 5.00926 5.00935
4.99057 4.99052 4.99075
4.97054 4.97055 4.9705
4.95309 4.95327 4.95335
4.93769 4.9376 4.93725
4.91766 4.91754 4.91797
4.90547 4.90535 4.9043
4.88349 4.88354 4.88421
4.86807 4.8679 4.86804
4.84636 4.84646 4.84681
4.84288 4.84299 4.84228
4.81116 4.81119 4.81082
4.80597 4.806 4.80612
4.7761 4.77582 4.77587
4.78833 4.78833 4.78887
4.74506 4.74481 4.74524
4.72896 4.72917 4.72892
4.70903 4.709 4.70908
4.72009 4.72062 4.72036
4.67522 4.67561 4.67543
4.673 4.67301 4.67255
4.65143 4.65135 4.65159
4.6394 4.63912 4.63919
4.63938 4.63896 4.6391
4.6274 4.62737 4.62731
4.60475 4.60488 4.60544
4.59145 4.59131 4.59141
4.56568 4.56592 4.56641
4.54889 4.5488 4.54905
4.53275 4.5329 4.53242
4.52141 4.5214 4.52098
4.50006 4.50004 4.50033
4.48818 4.48814 4.48814
4.46724 4.46698 4.46734
4.45623 4.45602 4.45633
4.43334 4.43333 4.43359
4.41962 4.41986 4.4198
4.39947 4.39957 4.39991
4.38872 4.38845 4.38821
4.36745 4.36783 4.36785
4.36742 4.36743 4.36653
4.33439 4.33439 4.3347
4.33547 4.33517 4.33508
4.30427 4.30449 4.30456
4.30412 4.30397 4.30348
4.2838 4.28354 4.28392
3.74601 3.74602 3.74594
3.72942 3.72975 3.7297
3.73131 3.7313 3.73108
3.7179 3.71797 3.71789
3.70702 3.70695 3.70696
3.69111 3.69101 3.69122
3.67991 3.6801 3.67946
3.66187 3.6621 3.6624
3.65292 3.65296 3.65293
3.637 3.63696 3.6371
3.62666 3.62683 3.62605
3.20803 3.20807 3.20829
3.20241 3.20243 3.20271
3.1863 3.1863 3.18646
3.17388 3.17391 3.17417
3.15763 3.15778 3.15767
3.15204 3.15203 3.15168
3.13081 3.13092 3.13126
3.12781 3.12781 3.12726
3.10729 3.10716 3.10723
3.09713 3.09715 3.09667
3.08443 3.08442 3.08461
3.0759 3.07576 3.07503
3.06413 3.06414 3.06439
3.06327 3.06326 3.06384
3.03949 3.03993 3.04
3.04152 3.04135 3.04159
3.01542 3.0153 3.0155
3.02568 3.02556 3.02519
3.01302 3.01281 3.01325
3.00483 3.00487 3.00507
2.99151 2.99161 2.99153
2.98029 2.9802 2.98099
2.65463 2.65436 2.65456
2.66632 2.6663 2.66549
2.65265 2.65247 2.65243
2.40349 2.40344 2.4032
2.39276 2.3927 2.3931
2.38492 2.3851 2.38524
2.38627 2.38611 2.38652
2.38085 2.38065 2.37982
2.37145 2.37146 2.37098
2.36513 2.36542 2.36506
2.35487 2.35537 2.35527
2.34643 2.34643 2.34638
2.3377 2.33766 2.3377
2.34295 2.3425 2.34268
2.32145 2.32125 2.32157
2.32413 2.32415 2.32415
2.30308 2.30302 2.3035
2.29502 2.29502 2.29424
2.3001 2.30017 2.30023
2.29462 2.29458 2.29402
2.26734 2.26739 2.26746
2.27055 2.27026 2.27033
2.25021 2.25016 2.25011
2.25351 2.25351 2.25365
2.25506 2.25538 2.25525
2.24858 2.24858 2.24817
2.23872 2.23878 2.23845
2.23174 2.23164 2.23164
2.23125 2.23135 2.23135
2.22455 2.22455 2.22534
2.21646 2.21639 2.21641
2.20784 2.20788 2.20805
2.19749 2.19749 2.19772
2.18648 2.18625 2.18662
1.99478 1.99501 1.9953
1.99239 1.99263 1.99278
1.9844 1.98442 1.98465
1.9788 1.97897 1.97888
1.97228 1.97227 1.97264
1.96828 1.96826 1.96815
1.96733 1.96748 1.96697
1.96264 1.9629 1.96226
1.9559 1.95573 1.95585
1.94821 1.94811 1.94857
1.93703 1.93706 1.93713
1.92654 1.92671 1.92624
1.91191 1.91187 1.91192
1.9089 1.90892 1.90905
1.91209 1.91206 1.91182
1.90739 1.90721 1.90755
1.89736 1.8974 1.89745
1.8937 1.89342 1.89382
1.88147 1.88155 1.88162
1.86724 1.8672 1.8674
1.85994 1.86011 1.86027
1.85367 1.85384 1.85372
1.84846 1.84851 1.84853
1.84117 1.84143 1.84196
1.83957 1.83954 1.83972
1.84163 1.84156 1.84183
1.82902 1.82902 1.82936
1.82352 1.8235 1.82386
1.8145 1.81482 1.81471
1.81446 1.81446 1.81491
1.81065 1.81066 1.81107
1.81379 1.81409 1.81385
1.80143 1.80155 1.80148
1.80678 1.80657 1.80646
1.82195 1.82187 1.82217
1.67506 1.67501 1.67495
1.67091 1.67101 1.67084
1.67036 1.67014 1.67068
1.66704 1.66724 1.66742
1.55445 1.55451 1.55457
1.55256 1.55256 1.55281
1.55024 1.5502 1.55019
1.54744 1.54744 1.54751
1.54558 1.54563 1.54549
1.55571 1.55571 1.55557
1.55861 1.55858 1.55838
1.55749 1.55777 1.55783
1.55861 1.55858 1.55914
1.55476 1.55448 1.55484
1.53884 1.53878 1.53903
1.56295 1.56295 1.56318
1.56276 1.5626 1.56297
1.56506 1.56512 1.56562
1.56313 1.56313 1.56327
1.5604 1.56071 1.56093
1.5536 1.55365 1.55357
1.54846 1.54855 1.54887
1.54716 1.54689 1.54791
1.53445 1.53447 1.53417
1.54136 1.54175 1.54125
1.53784 1.53768 1.53811
1.54171 1.5416 1.54206
1.54224 1.54227 1.54251
1.53708 1.5374 1.5374
1.54024 1.54018 1.5404
1.54091 1.54091 1.54086
1.53966 1.53966 1.53957
1.52522 1.52522 1.52568
1.53241 1.53265 1.53251
1.53036 1.53032 1.53029
1.52886 1.52874 1.52899
1.52742 1.52757 1.52769
1.42468 1.42468 1.42486
1.4277 1.4277 1.4284
1.42565 1.42565 1.4261
1.44303 1.44278 1.44261
1.43877 1.43877 1.43915
1.43793 1.43793 1.43799
1.43745 1.43748 1.43792
1.43551 1.43549 1.43513
1.432 1.43219 1.43256
1.42658 1.42658 1.4269
1.42855 1.42847 1.42895
1.33352 1.33316 1.33381
1.3317 1.33157 1.33176
1.3321 1.33212 1.33202
1.33211 1.33211 1.33219
1.33842 1.33842 1.33855
1.34187 1.34199 1.34196
1.34024 1.34032 1.3403
1.33947 1.33963 1.33969
1.33565 1.3357 1.33615
1.33572 1.33581 1.33603
1.32888 1.32889 1.32869
1.32681 1.32678 1.32683
1.32647 1.32647 1.32666
1.32586 1.32613 1.32628
1.33151 1.33151 1.33176
1.33214 1.33226 1.33276
1.32712 1.32696 1.32721
1.33003 1.33016 1.33051
1.33166 1.33159 1.33134
1.32874 1.32857 1.3286
1.3282 1.3282 1.32827
1.32799 1.32799 1.32841
1.33566 1.33579 1.33569
1.32801 1.32801 1.32814
1.3284 1.3284 1.32819
1.32823 1.32823 1.32839
1.32818 1.32856 1.32828
1.33178 1.33168 1.33181
1.31358 1.31357 1.31394
1.31277 1.31277 1.31295
1.31164 1.3116 1.31177
1.30749 1.30757 1.30767
1.30528 1.30535 1.30519
1.31928 1.31931 1.31925
1.30209 1.30203 1.30231
1.24506 1.24494 1.24543
1.24363 1.24363 1.24382
1.24214 1.24225 1.2425
1.23903 1.23902 1.23926
1.23522 1.23556 1.23552
1.23169 1.23169 1.23192
1.22977 1.22978 1.22987
1.22774 1.22775 1.22805
1.2332 1.23322 1.23342
1.16004 1.16001 1.16037
1.1596 1.16007 1.16026
1.15344 1.15338 1.15358
1.15653 1.15678 1.15737
1.1552 1.15523 1.15528
1.15408 1.15418 1.15467
1.15302 1.15318 1.15363
1.15301 1.15294 1.15374
1.14926 1.14926 1.14939
1.15234 1.15213 1.15218
1.15469 1.15498 1.15544
1.15544 1.15561 1.15605
1.1541 1.15415 1.15457
1.14753 1.14749 1.14773
1.1475 1.14749 1.14767
1.14821 1.14823 1.14868
1.14893 1.14888 1.14923
1.15001 1.14982 1.15072
1.14917 1.14905 1.14884
1.14727 1.14724 1.14762
1.14509 1.14504 1.14538
1.13859 1.13892 1.13927
1.1367 1.13676 1.13629
1.13831 1.13815 1.13895
1.13526 1.13526 1.13557
1.13509 1.13561 1.13597
1.07593 1.07593 1.07634
1.0742 1.07428 1.07476
1.07492 1.07492 1.07521
1.07412 1.07419 1.07467
1.02293 1.02294 1.02336
1.0269 1.02677 1.02712
1.02608 1.02596 1.02617
1.02237 1.02222 1.02281
1.02146 1.0215 1.02174
1.0206 1.02049 1.02094
1.02343 1.02382 1.02363
1.022 1.02175 1.02218
1.02311 1.02313 1.02327
1.01915 1.01965 1.01973
1.01705 1.01701 1.01734
1.01658 1.01678 1.01692
1.01753 1.0175 1.01785
1.01658 1.01677 1.01689
1.0126 1.01255 1.01221
1.00875 1.0087 1.00883
1.00954 1.00959 1.00975
1.00941 1.00912 1.00958
1.00905 1.00905 1.00926
0.960217 0.960231 0.960689
0.959414 0.959535 0.9595
0.961476 0.961666 0.96114
0.955971 0.95601 0.955972
1.01131 1.01124 1.01142
1.01462 1.01466 1.01483
1.01301 1.01311 1.01348
0.969229 0.969229 0.969611
0.969583 0.96961 0.96984
0.974763 0.974764 0.974507
0.977449 0.97753 0.977352
0.97851 0.978533 0.978414
0.977388 0.97742 0.977849
0.979345 0.979295 0.979467
0.978341 0.978216 0.978335
0.975591 0.975628 0.975812
0.975828 0.975778 0.975966
0.971679 0.971773 0.971488
0.972468 0.972422 0.971968
0.972347 0.97241 0.972518
0.969955 0.969978 0.970104
0.968869 0.968817 0.96881
0.969227 0.969398 0.969702
0.970416 0.970423 0.970469
0.970637 0.970588 0.971126
0.92336 0.923221 0.923474
0.926533 0.926512 0.926683
0.970039 0.970098 0.969983
0.969992 0.969524 0.970099
0.969928 0.969818 0.970055
0.968158 0.968122 0.968464
0.966802 0.966835 0.966879
0.920273 0.920016 0.919974
0.919468 0.919466 0.91984
0.962654 0.963545 0.963435
0.9575 0.957526 0.957541
0.911907 0.91183 0.911496
0.910673 0.910655 0.910809
0.954716 0.95465 0.954597
0.953755 0.953881 0.953716
0.908442 0.907866 0.908184
0.907457 0.90745 0.907433
0.947623 0.94762 0.947097
0.902542 0.902673 0.902527
0.900653 0.900692 0.901003
0.900962 0.900975 0.900743
0.901543 0.901577 0.90174
0.900391 0.900525 0.900266
0.905457 0.905408 0.905579
0.907791 0.907742 0.90771
0.902736 0.902284 0.902874
0.89378 0.893743 0.893651
0.896146 0.896175 0.896418
0.896005 0.896005 0.896355
0.891469 0.891434 0.891575
0.891918 0.891918 0.892092
0.892276 0.891937 0.891935
0.892168 0.892003 0.891966
0.89299 0.893223 0.892864
0.89247 0.892333 0.892714
0.892281 0.892227 0.892305
0.852847 0.852958 0.852726
0.851398 0.851463 0.851493
0.850167 0.850167 0.850415
0.848415 0.848391 0.848425
0.849006 0.849012 0.849069
0.849194 0.849275 0.849287
0.847964 0.84802 0.847826
0.845956 0.846569 0.846181
0.845541 0.845541 0.845732
0.845343 0.845357 0.845311
0.849066 0.849066 0.84932
0.843513 0.843521 0.843695
0.843799 0.843799 0.843846
0.848617 0.848653 0.848858
0.844091 0.844091 0.844079
0.843786 0.843988 0.844113
0.835341 0.835503 0.834934
0.83468 0.834554 0.834498
0.835091 0.835091 0.835047
0.834049 0.834095 0.833924
0.833121 0.833121 0.833157
0.832023 0.831945 0.831848
0.831838 0.831739 0.831796
0.831017 0.831316 0.831142
0.831056 0.830982 0.831089
0.833644 0.833584 0.833746
0.832901 0.832901 0.833293
0.834611 0.834704 0.834648
0.834531 0.834468 0.834666
0.839012 0.839332 0.838922
0.83907 0.839176 0.838881
0.807195 0.807199 0.806895
0.778731 0.778657 0.778907
0.808005 0.808068 0.808019
0.804899 0.804771 0.804961
0.808994 0.809052 0.809148
0.805015 0.805015 0.804989
0.805744 0.805767 0.805736
0.806224 0.806175 0.806209
0.805649 0.805672 0.805466
0.800703 0.800578 0.800481
0.769393 0.769288 0.769596
0.763718 0.763718 0.763543
0.765542 0.765725 0.765449
0.766621 0.766464 0.76669
0.796383 0.796348 0.796743
0.793233 0.793404 0.793466
0.829478 0.829607 0.829466
0.794774 0.79481 0.794928
0.829615 0.829626 0.829327
0.828371 0.828266 0.828213
0.817909 0.817855 0.81773
0.81618 0.81618 0.816335
0.81417 0.814144 0.814144
0.812677 0.812732 0.812834
0.811267 0.811447 0.811549
0.810776 0.810818 0.811215
0.809552 0.809576 0.810156
0.807493 0.807551 0.807505
0.812077 0.812433 0.812214
0.810533 0.810508 0.810622
0.808496 0.808334 0.808442
0.807717 0.80743 0.807965
0.841055 0.840952 0.841331
0.837854 0.837712 0.838018
0.804985 0.804719 0.805001
0.771417 0.77126 0.77146
0.771854 0.771811 0.771939
0.772399 0.772399 0.772177
0.769433 0.76946 0.769255
0.802069 0.802069 0.80261
0.806674 0.806381 0.806525
0.77432 0.77432 0.774374
0.776205 0.776574 0.77649
0.807932 0.807811 0.807934
0.840767 0.840716 0.840767
0.836125 0.835913 0.836119
0.837357 0.837271 0.837263
0.80057 0.800417 0.800537
0.766513 0.766742 0.766516
0.761345 0.761373 0.76144
0.79396 0.79401 0.793767
0.792755 0.792719 0.792613
0.794017 0.793809 0.793901
0.792606 0.792639 0.792611
0.792575 0.792517 0.792512
0.79104 0.791015 0.791096
0.756728 0.756831 0.756797
0.785503 0.785525 0.785321
0.78617 0.78647 0.786259
0.755281 0.755092 0.755192
0.788044 0.787993 0.788087
0.786836 0.786754 0.786767
0.785763 0.785868 0.785888
0.783969 0.784048 0.78418
0.786704 0.786727 0.786969
0.753223 0.753223 0.753185
0.725786 0.725923 0.72574
0.724583 0.724554 0.724732
0.718638 0.718414 0.718854
0.724511 0.724477 0.724786
0.747952 0.747987 0.747921
