1.09444 1.08732 1.08549
1.09455 1.09573 1.0969
1.0944 1.08245 1.08613
1.084 1.07704 1.07717
1.08475 1.08413 1.08422
1.08489 1.07939 1.08056
1.08449 1.07894 1.07879
1.08975 1.08704 1.08615
1.08618 1.08313 1.0818
1.08107 1.0792 1.0783
1.08931 1.07643 1.07763
1.08102 1.07945 1.07076
1.08004 1.0747 1.0759
1.09229 1.08248 1.0846
1.08607 1.07856 1.08116
1.08666 1.08009 1.08131
1.09922 1.08977 1.0952
1.09112 1.08683 1.08388
1.07865 1.07923 1.08092
1.09445 1.09071 1.08658
1.08562 1.09155 1.09525
1.0862 1.08611 1.09351
1.07459 1.07629 1.08233
1.07819 1.07271 1.07564
1.06381 1.06977 1.06966
1.06561 1.0607 1.06415
1.07829 1.06552 1.06359
1.07101 1.06079 1.0626
1.05928 1.07803 1.07617
1.06684 1.08058 1.08113
1.06351 1.0928 1.08217
1.05065 1.06451 1.06159
1.06145 1.07973 1.07525
1.09076 1.09496 1.09249
1.08806 1.10887 1.10354
1.0927 1.11711 1.11405
1.1288 1.10774 1.11009
1.11743 1.12623 1.12887
1.111 1.12124 1.12287
1.10818 1.12282 1.12279
1.08905 1.11169 1.10357
1.10111 1.11421 1.11215
1.09126 1.11074 1.11008
1.07709 1.08815 1.0888
1.07117 1.09366 1.09352
1.08072 1.09784 1.09504
1.08269 1.08687 1.0857
1.0822 1.09923 1.09837
1.08588 1.1047 1.10267
1.06876 1.09124 1.08903
1.08519 1.09314 1.09168
1.06776 1.08518 1.08171
1.05039 1.06943 1.06676
1.07135 1.07701 1.07346
1.06545 1.07658 1.07177
1.05325 1.07275 1.06433
1.06056 1.08023 1.07956
1.0705 1.09357 1.08467
1.04691 1.07055 1.06546
1.06511 1.07599 1.0731
1.06337 1.08067 1.07764
1.04689 1.06169 1.06237
1.05255 1.07807 1.07365
1.05673 1.07488 1.07526
1.04968 1.06528 1.06218
1.06215 1.08186 1.07925
1.07127 1.0847 1.0769
1.07781 1.0798 1.07387
1.09452 1.08629 1.0854
1.10299 1.09071 1.08567
1.09573 1.11938 1.11393
1.10573 1.13467 1.1231
1.12633 1.11791 1.12032
1.14391 1.12517 1.12367
1.10647 1.12339 1.12047
1.10269 1.12845 1.11846
1.07265 1.09203 1.09549
1.07407 1.09851 1.09063
1.10556 1.09247 1.09252
1.09751 1.1197 1.11211
1.10355 1.12457 1.12308
1.11016 1.13312 1.12429
1.08438 1.10935 1.10631
1.1252 1.11806 1.11858
1.16405 1.17189 1.17034
1.11717 1.14387 1.1317
1.14607 1.15805 1.15519
1.14786 1.15449 1.15944
1.13054 1.15177 1.14653
1.14358 1.16589 1.16208
1.15833 1.18019 1.16942
1.15002 1.16298 1.16079
1.14955 1.1717 1.17025
1.15594 1.18881 1.1778
1.133 1.16054 1.15123
1.15673 1.17164 1.16741
1.18177 1.18238 1.17371
1.18131 1.20102 1.19103
1.1886 1.21139 1.20794
1.19509 1.21024 1.21088
1.1688 1.19677 1.18796
1.17958 1.20092 1.2018
1.18242 1.20879 1.20502
1.15452 1.17153 1.17251
1.14878 1.18073 1.17416
1.1596 1.18183 1.18065
1.13152 1.15949 1.15619
1.15064 1.17054 1.1662
1.15092 1.17452 1.1706
1.12814 1.13514 1.14325
1.11562 1.14048 1.13227
1.11272 1.13993 1.134
1.08343 1.12009 1.10641
1.10856 1.13216 1.13035
1.11203 1.14262 1.13259
1.12931 1.16036 1.14783
1.09623 1.1278 1.12113
1.11046 1.13697 1.12206
1.13032 1.15885 1.14434
1.17288 1.17444 1.16788
1.16487 1.18833 1.18174
1.17462 1.20046 1.19406
1.20018 1.20952 1.19955
1.20035 1.2258 1.21808
1.22225 1.24393 1.2416
1.23535 1.25999 1.25688
1.25237 1.28051 1.27696
1.27609 1.29242 1.29452
1.27359 1.30818 1.29891
1.29369 1.32959 1.3209
1.31726 1.34859 1.34531
1.28828 1.32652 1.31643
1.29912 1.33955 1.3292
1.33061 1.34435 1.36254
1.32568 1.36115 1.35341
1.35084 1.35958 1.37892
1.34316 1.3495 1.36844
1.32922 1.36346 1.3586
1.35701 1.36005 1.38319
1.33978 1.34664 1.36855
1.3193 1.35125 1.34825
1.34125 1.34883 1.36401
1.32493 1.36045 1.35422
1.34813 1.35352 1.37392
1.32649 1.33584 1.35634
1.31154 1.34123 1.33757
1.32434 1.33603 1.35188
1.31478 1.34748 1.3403
1.33742 1.34131 1.36142
1.31166 1.34764 1.33746
1.31839 1.35064 1.34346
1.33621 1.34492 1.35981
1.32133 1.35469 1.34697
1.33632 1.34922 1.36556
1.32548 1.35727 1.34935
1.34664 1.35423 1.37008
1.33285 1.3391 1.35545
1.31899 1.34108 1.34131
1.33351 1.36135 1.35428
1.3557 1.36694 1.37981
1.34534 1.35013 1.37042
1.34151 1.3514 1.3484
1.33571 1.34331 1.35696
1.32238 1.32569 1.34298
1.30406 1.32112 1.32303
1.31074 1.33262 1.32801
1.3256 1.34945 1.34238
1.32824 1.35691 1.34972
1.34502 1.34877 1.3685
1.32077 1.35467 1.34102
1.33927 1.34333 1.3647
1.34734 1.34504 1.37094
1.32549 1.34232 1.34029
1.323 1.34773 1.34581
1.33004 1.34122 1.35692
1.34035 1.34981 1.36293
1.34485 1.35198 1.34786
1.33948 1.33494 1.35904
1.34001 1.3374 1.32816
1.34553 1.34519 1.33434
1.34089 1.33357 1.35674
1.34551 1.34086 1.36277
1.34925 1.35108 1.33452
1.34792 1.35264 1.36488
1.3521 1.35789 1.37141
1.35255 1.35255 1.35521
1.3529 1.3529 1.35592
1.35733 1.35733 1.36035
1.34629 1.35695 1.35986
1.35022 1.35684 1.3599
1.35052 1.35463 1.36493
1.36359 1.36052 1.34836
1.35275 1.35348 1.37179
1.36301 1.36681 1.3506
1.34354 1.35173 1.35529
1.35115 1.33988 1.35496
1.35685 1.35685 1.36052
1.35725 1.34451 1.36047
1.35098 1.35024 1.36498
1.34602 1.36078 1.34778
1.3554 1.35909 1.37242
1.35485 1.35485 1.35791
1.35817 1.35817 1.3606
1.35773 1.35773 1.35996
1.36098 1.36098 1.36333
1.36098 1.36098 1.36311
1.36111 1.36111 1.36322
1.36437 1.36437 1.36634
1.36382 1.36382 1.36615
1.36388 1.36388 1.36619
1.36724 1.36724 1.36935
1.36744 1.36744 1.36938
1.36742 1.36742 1.36939
1.37002 1.37002 1.37222
1.37024 1.37024 1.37221
1.36185 1.36267 1.37521
1.34521 1.34697 1.35821
1.34205 1.35516 1.34272
1.34602 1.34245 1.36342
1.35128 1.35525 1.36745
1.35799 1.36277 1.35125
1.35585 1.35891 1.37223
1.36422 1.36194 1.37547
1.3565 1.3565 1.35871
1.35708 1.35708 1.35928
1.34903 1.34981 1.36183
1.35273 1.35678 1.34818
1.35135 1.35233 1.36482
1.35422 1.35391 1.36699
1.35958 1.3623 1.35045
1.3535 1.35416 1.37
1.35571 1.35525 1.37276
1.34742 1.36449 1.34841
1.35803 1.36216 1.3742
1.36421 1.36481 1.37739
1.34437 1.34604 1.36145
1.34992 1.34724 1.3642
1.34759 1.33677 1.34038
1.33943 1.34881 1.33932
1.34578 1.35643 1.34352
1.34946 1.35097 1.36548
1.35891 1.36048 1.34586
1.36246 1.35832 1.34769
1.35603 1.35279 1.36766
1.3609 1.36075 1.34673
1.3518 1.3601 1.37031
1.36475 1.36336 1.37436
1.35836 1.35836 1.36021
1.3586 1.3586 1.36017
1.3535 1.36122 1.36291
1.36228 1.36228 1.36394
1.36537 1.36537 1.3668
1.36542 1.36542 1.3669
1.36531 1.36531 1.36679
1.36769 1.36769 1.36897
1.36834 1.36834 1.36971
1.3686 1.3686 1.36952
1.36053 1.36307 1.37217
1.35655 1.35655 1.35843
1.35469 1.35469 1.35614
1.35721 1.35721 1.35837
1.35749 1.35749 1.3593
1.35832 1.35832 1.35974
1.36096 1.36096 1.36195
1.36116 1.36116 1.36206
1.36131 1.36131 1.36259
1.36341 1.36341 1.36469
1.36367 1.36367 1.36508
1.36637 1.36637 1.36793
1.3667 1.3667 1.36807
1.36672 1.36672 1.368
1.36675 1.36675 1.3681
1.3693 1.3693 1.37073
1.3695 1.3695 1.37087
1.36958 1.36958 1.37083
1.37216 1.37216 1.37343
1.37259 1.37259 1.37379
1.37271 1.37271 1.37392
1.37279 1.37279 1.37398
1.37498 1.37498 1.37629
1.37529 1.37529 1.37643
1.37728 1.37728 1.37844
1.36902 1.37737 1.37873
1.36223 1.36223 1.36331
1.36066 1.36066 1.36179
1.36239 1.36239 1.36345
1.36324 1.36324 1.36434
1.36585 1.36585 1.36705
1.36641 1.36641 1.36776
1.36593 1.36593 1.36752
1.36832 1.36832 1.36932
1.36834 1.36834 1.36998
1.36876 1.36876 1.37018
1.37096 1.37096 1.37206
1.37139 1.37139 1.3724
1.37146 1.37146 1.37256
1.37374 1.37374 1.37461
1.37415 1.37415 1.37535
1.37398 1.37398 1.3751
1.36472 1.37431 1.37537
1.37582 1.37582 1.3768
1.37657 1.367 1.37717
1.36214 1.36214 1.36325
1.36267 1.36267 1.36363
1.363 1.363 1.36385
1.36273 1.36273 1.36367
1.36508 1.36508 1.36583
1.36564 1.36564 1.36641
1.36573 1.36573 1.36645
1.36749 1.36749 1.36834
1.36797 1.36797 1.3688
1.36803 1.36803 1.36885
1.36795 1.36795 1.36878
1.37036 1.37036 1.37109
1.37042 1.37042 1.37116
1.37045 1.37045 1.37111
1.37259 1.37259 1.37332
1.37478 1.37478 1.37563
1.37538 1.37538 1.37633
1.37531 1.37531 1.37612
1.37517 1.37517 1.37604
1.37666 1.37666 1.37737
1.37723 1.36988 1.37818
1.36244 1.36244 1.36365
1.36255 1.36255 1.36358
1.36349 1.36349 1.36396
1.3629 1.3629 1.36367
1.36483 1.36483 1.36565
1.3651 1.3651 1.36585
1.36504 1.36504 1.36592
1.36726 1.36726 1.36803
1.36719 1.36719 1.36791
1.36718 1.36718 1.36784
1.36716 1.36716 1.36788
1.36913 1.36913 1.36994
1.36972 1.36972 1.37056
1.37122 1.37122 1.37212
1.3718 1.3718 1.37256
1.3717 1.3717 1.37238
1.37308 1.37308 1.37369
1.37371 1.37371 1.37458
1.3736 1.3736 1.37438
1.37342 1.37342 1.37418
1.37513 1.37513 1.37597
1.37561 1.37561 1.37632
1.37564 1.37564 1.37635
1.37605 1.37605 1.37695
1.37556 1.37556 1.37658
1.37542 1.37542 1.37646
1.37563 1.37563 1.3766
1.37743 1.37743 1.37861
