0.00450207 0.00369156 0.00326095
0.00458299 0.00483864 0.00471697
0.00243004 0.00258373 0.00216279
0.00109839 0.00173526 0.00129434
0.00196184 0.00219897 0.00155046
0.00226176 0.00271196 0.00184398
0.00173842 0.00240281 0.00158783
0.0020746 0.00262558 0.00171848
0.00189169 0.0024065 0.00213619
0.00156679 0.00234881 0.00216356
0.00216422 0.00229853 0.0022768
0.00157068 0.00176552 0.0015685
0.00119049 0.00141869 0.00123782
0.00150991 0.00160491 0.00125032
0.00164979 0.00148328 0.00128424
0.00158496 0.0016369 0.00122032
0.0013794 0.00175081 0.00123813
0.00129548 0.0016661 0.00115337
0.00146029 0.00167414 0.0012092
0.00152441 0.00163875 0.00120513
0.0019331 0.00161897 0.00110072
0.00176631 0.00165114 0.00106186
0.00223173 0.0021153 0.00164666
0.00176838 0.00182692 0.00199688
0.00164374 0.00208485 0.00207435
0.00203512 0.00153093 0.00144376
0.00180379 0.00161442 0.00152106
0.00204471 0.00230634 0.00191892
0.00182063 0.00189574 0.00145904
0.00261105 0.00239826 0.00193582
0.00231368 0.0024118 0.00220138
0.00269573 0.00221188 0.00210777
0.00141537 0.0016987 0.00136598
0.00147189 0.00164722 0.00147302
0.00171133 0.00150315 0.00118999
0.00257941 0.00234771 0.00201672
0.00224304 0.00231908 0.00214356
0.00174867 0.00202293 0.0020698
0.0016506 0.00160094 0.00163886
0.00238337 0.00222795 0.002158
0.00216952 0.00166181 0.00159807
0.00211605 0.00185125 0.00181119
0.00205819 0.00185227 0.00174375
0.00211571 0.0025526 0.00254675
0.00166968 0.00224562 0.00221532
0.00165734 0.00248489 0.00218269
0.0015059 0.00188776 0.00152768
0.00145056 0.00185311 0.00153483
0.00157426 0.00222248 0.00178763
0.00181007 0.00194919 0.00165348
0.00143945 0.00195201 0.00128754
0.00147832 0.00221955 0.00181749
0.00216857 0.00197666 0.00183488
0.00184151 0.00199541 0.00154592
0.00187858 0.00235863 0.00189485
0.00169243 0.00236007 0.00215051
0.00136488 0.00206958 0.00186758
0.00151414 0.00253947 0.00217627
0.00172461 0.0022239 0.00204506
0.00147088 0.00185771 0.00176862
0.00190917 0.0022542 0.00202265
0.00175683 0.00286046 0.00244343
0.00175729 0.00279372 0.00221327
0.00156868 0.00280445 0.00206534
0.00190049 0.00276835 0.00214524
0.00151586 0.00230311 0.00185818
0.00166689 0.00218449 0.00220557
0.002045 0.00264649 0.00244824
0.00171298 0.0023348 0.00205541
0.00164195 0.00229829 0.00198215
0.00178005 0.0024627 0.00210712
0.00196426 0.00236895 0.00189274
0.00212353 0.0020052 0.00178156
0.00157756 0.00172343 0.00164821
0.0024651 0.0018577 0.00171038
0.00241075 0.00210718 0.00191937
0.00193886 0.00252802 0.00220929
0.00223738 0.00244148 0.00242798
0.00154406 0.00266261 0.00241168
0.00161944 0.0021506 0.00189642
0.00185522 0.00235603 0.0021011
0.00151318 0.0024557 0.00202723
0.00191743 0.00224331 0.0021749
0.00166409 0.00226337 0.00207889
0.00141717 0.00255446 0.00231507
0.00166833 0.00218199 0.00203004
0.00181063 0.00238507 0.0021316
0.00155162 0.00249773 0.00237393
0.00205876 0.00218903 0.00215382
0.00182233 0.00231727 0.00209664
0.00148604 0.00275012 0.00227813
0.0015656 0.00233656 0.00196213
0.00178707 0.0025146 0.00217873
0.00162677 0.00290776 0.00259661
0.00186725 0.00253019 0.00235492
0.00171742 0.00255008 0.00224591
0.00203051 0.00280267 0.00225468
0.001778 0.00322129 0.00266425
0.0019314 0.00332617 0.00277794
0.0017083 0.00318987 0.00275007
0.00211563 0.00323902 0.00311209
0.00187536 0.00285704 0.00270746
0.00183959 0.00301141 0.00292876
0.00229084 0.00292802 0.0029104
0.00177799 0.00278241 0.00259887
0.00222799 0.00301938 0.00292473
0.00222587 0.00261734 0.00267421
0.00178729 0.00272813 0.00231958
0.00225624 0.00273962 0.00266132
0.00238406 0.00242419 0.00243871
0.00173169 0.00256936 0.00205466
0.00220043 0.00222327 0.00206238
0.00210017 0.00266677 0.00245678
0.00136703 0.00158958 0.00138225
0.00143412 0.00181655 0.00154615
0.00186416 0.00246891 0.00233183
0.00170448 0.00244387 0.00246863
0.00179441 0.00259995 0.00236766
0.00175109 0.00272146 0.00234928
0.00209625 0.0031942 0.00307028
0.00207963 0.0033017 0.00310241
0.00195371 0.00370782 0.00340768
0.00200508 0.00388447 0.00363772
0.00224695 0.00399056 0.0039013
0.00224501 0.00417683 0.00420225
0.00243139 0.00456637 0.00430727
0.00243643 0.00460302 0.00443922
0.0025484 0.0048337 0.00440591
0.00287872 0.00503309 0.00476764
0.00328309 0.00546882 0.0050757
0.00364192 0.00546185 0.00543647
0.0034405 0.00523298 0.00509175
0.0039499 0.00557654 0.00562713
0.00370138 0.00490504 0.00553658
0.00381062 0.00585079 0.00566642
0.00409923 0.00483173 0.00592334
0.00396848 0.00500563 0.005685
0.00426746 0.00453151 0.00595131
0.00392748 0.00530919 0.00574268
0.00404961 0.00537028 0.00572711
0.0036506 0.00513392 0.00545571
0.00343344 0.0045712 0.00514055
0.00313316 0.0048683 0.00459792
0.00289677 0.00357871 0.00384759
0.00302708 0.00442603 0.00423372
0.00319577 0.00499587 0.00470573
0.00383603 0.00463293 0.00492813
0.00338895 0.00410676 0.00468336
0.00350252 0.00503801 0.00466544
0.00309566 0.00452542 0.00405746
0.00322757 0.00481339 0.00426805
0.00329257 0.00480358 0.00470198
0.00326063 0.00425445 0.00501167
0.0034224 0.0047254 0.00483896
0.0035578 0.00496225 0.00532949
0.00520948 0.00512379 0.00500981
0.00378126 0.00403248 0.0050723
0.00339301 0.00377758 0.00470987
0.00353428 0.00502778 0.00462132
0.00382336 0.0044077 0.00488816
0.00334822 0.00476393 0.00436798
0.00346272 0.00374694 0.00476791
0.00318599 0.00445053 0.00444927
0.00360944 0.00465325 0.00483181
0.00354105 0.00410605 0.0044007
0.00411456 0.00491766 0.0041141
0.00327551 0.00446436 0.00452426
0.0033842 0.0039048 0.0041152
0.00436495 0.00454321 0.00383438
0.00280627 0.00310436 0.00390345
0.00313898 0.0033033 0.00388708
0.00426497 0.00463719 0.00372968
0.00334547 0.00324964 0.004123
0.00259789 0.00298083 0.00369728
0.00422975 0.00471778 0.00391592
0.00294344 0.00349685 0.00424282
0.00254316 0.00423484 0.00368461
0.00277742 0.00318344 0.00400313
0.00411662 0.00460966 0.00366488
0.00327586 0.00426522 0.00427599
0.00440169 0.00475651 0.00372757
0.00312145 0.0032587 0.00396414
0.0034406 0.0034406 0.00366031
0.00376439 0.00376439 0.00399719
0.00314165 0.00391385 0.00400948
0.00360244 0.00360244 0.00370122
0.00367096 0.00367096 0.00377952
0.00311956 0.00314572 0.00399496
0.00399041 0.00450349 0.00352165
0.0035198 0.00307026 0.00409224
0.00392909 0.00446398 0.00349653
0.0031611 0.00432743 0.00415774
0.00333717 0.0041093 0.00408254
0.00351215 0.00351215 0.00365413
0.0038157 0.0038157 0.00394657
0.00366143 0.00366143 0.00380444
0.00365684 0.00365684 0.00380331
0.00369201 0.00369201 0.00382904
0.00384665 0.00384665 0.00399019
0.00375639 0.00375639 0.00392837
0.00380167 0.00380167 0.0039461
0.00387657 0.00387657 0.0040263
0.00376004 0.00376004 0.00392373
0.00379193 0.00379193 0.00394723
0.00395137 0.00395137 0.00407959
0.00384096 0.00380767 0.00400046
0.00409187 0.0044811 0.00357911
0.00472291 0.00487712 0.00404355
0.00335131 0.00434225 0.00415595
0.00362463 0.00362463 0.00342438
0.00394375 0.00394375 0.00398005
0.00389831 0.00389831 0.00395567
0.00385014 0.00385014 0.00391776
0.003609 0.00393435 0.00404886
0.00328918 0.00388804 0.00399284
0.00390816 0.00332222 0.00402504
0.00392861 0.00382292 0.00403767
0.00352816 0.00404284 0.00415766
0.00343325 0.00360354 0.00406924
0.00351614 0.00351614 0.00369891
0.00404238 0.00404238 0.00418079
0.00377366 0.00377366 0.00391307
0.00365198 0.00365198 0.00380581
0.00383747 0.00383747 0.00398387
0.00376041 0.00376041 0.00391253
0.00379212 0.00379212 0.00394511
0.00378436 0.00378436 0.00393959
0.00392216 0.00392216 0.0040589
0.00383005 0.00383005 0.00396483
0.00386703 0.00386703 0.00398834
0.0038959 0.0038959 0.00401736
0.0039473 0.0039473 0.00407752
0.00383678 0.00383678 0.0039906
0.00387787 0.00387787 0.00402044
0.00389977 0.00389977 0.00404177
0.00400155 0.00400155 0.00416772
0.00390608 0.00390608 0.00408029
0.00399321 0.00399321 0.00417244
0.0039226 0.0039226 0.00410207
0.0039415 0.0039415 0.0041317
0.00395362 0.00395362 0.00414922
0.00407767 0.00393439 0.00423711
0.00404397 0.00434504 0.00412128
0.00417943 0.0047298 0.00393642
0.00366577 0.00417708 0.00386891
0.0030428 0.0032803 0.00391353
0.00296363 0.00390374 0.00396363
0.00284926 0.00393668 0.00375108
0.00340085 0.00294849 0.0038424
0.0031875 0.00289588 0.00396893
0.00397188 0.00428809 0.0036633
0.00355191 0.00383353 0.00413032
0.00344588 0.00344588 0.00371262
0.00401369 0.0039861 0.00379009
0.00366738 0.00366738 0.00385203
0.00356423 0.00356423 0.00375647
0.00362504 0.00374829 0.0038129
0.00399853 0.00364731 0.00366935
0.00381553 0.00339393 0.00356882
0.00392934 0.00386492 0.00361739
0.00291251 0.00323431 0.00377511
0.00394175 0.00415752 0.00357541
0.00400691 0.00420604 0.00358863
0.00257601 0.00332243 0.0038371
0.00326885 0.00326885 0.00351804
0.00341635 0.00399252 0.00382102
0.00358701 0.00358701 0.00383016
0.00331989 0.00331989 0.00356585
0.00340718 0.00340718 0.00367792
0.00341579 0.00341579 0.00368513
0.00347673 0.00347673 0.00372068
0.00337748 0.00337748 0.00362687
0.00344997 0.00303632 0.00370837
0.00344129 0.00344129 0.00369749
0.00356115 0.00356115 0.00379732
0.00341871 0.00341871 0.00368506
0.00351496 0.00351496 0.00374035
0.00360001 0.00360001 0.00383884
0.00347664 0.00347664 0.0037228
0.00356516 0.00356516 0.00381424
0.00355896 0.00355896 0.00380775
0.00262284 0.00360738 0.00384013
0.00352932 0.00352932 0.00376935
0.00300094 0.00358289 0.00381606
0.00363614 0.00271237 0.00385525
0.00354712 0.00354712 0.00377388
0.00288624 0.00301715 0.00383264
0.00351876 0.00351876 0.00381624
0.00354949 0.00354949 0.00382128
0.0034517 0.0034517 0.00373696
0.00350719 0.00350719 0.00378807
0.00352026 0.00352026 0.00380218
0.00354075 0.00354075 0.00381822
0.00350213 0.00350213 0.00378947
0.00354512 0.00354512 0.00383355
0.00353903 0.00353903 0.00382481
0.00356874 0.00356874 0.00384154
0.00351609 0.00351609 0.00379215
0.00359519 0.00359519 0.00387653
0.00352279 0.00352279 0.00379639
0.00357056 0.00357056 0.0038306
0.00356963 0.00356963 0.00381677
0.0035419 0.0035419 0.003814
0.00364488 0.00364488 0.0039244
0.00363371 0.00363371 0.00394421
0.00363424 0.00363424 0.0039585
0.00382462 0.00382462 0.00410086
0.00359748 0.00359748 0.00387763
0.00369641 0.00369641 0.00398489
0.00370057 0.00370057 0.00398878
0.00368068 0.00368068 0.00396579
0.00360625 0.00360625 0.00388714
0.0036277 0.0036277 0.00391719
0.00364667 0.00364667 0.00394023
0.00369707 0.00369707 0.00397073
0.00363974 0.00363974 0.00391583
0.00370774 0.00370774 0.00398486
0.00377561 0.00377561 0.00403137
0.00375549 0.00375549 0.00398118
0.00377148 0.00377148 0.00401546
0.00375882 0.00375882 0.00399676
0.00376164 0.00376164 0.00407311
0.00375558 0.00375558 0.00406833
0.00379124 0.00379124 0.00409468
0.0037724 0.0037724 0.00409993
0.00379068 0.00379068 0.00409413
0.00367037 0.00367037 0.00398435
0.00373478 0.00373478 0.00404541
0.00377709 0.00377709 0.00408065
0.00374046 0.00374046 0.00403799
0.00375966 0.00375966 0.00408791
0.00377258 0.00377258 0.00408098
0.0038345 0.0038345 0.00412072
0.00377654 0.00377654 0.0040633
0.00381179 0.00381179 0.00409931
0.00382246 0.00382246 0.00410725
0.00382745 0.00382745 0.0041158
0.00377942 0.00377942 0.00406617
0.00382132 0.00382132 0.00409377
0.00385774 0.00385774 0.00416498
0.00377085 0.00377085 0.0040806
0.00379944 0.00379944 0.00413898
0.00380118 0.00380118 0.00410427
0.00379754 0.00379754 0.00412299
0.00369837 0.00369837 0.00402816
0.00372586 0.00372586 0.00405956
0.00373408 0.00373408 0.00406694
0.00379246 0.00379246 0.00411094
0.00370454 0.00370454 0.00402233
0.003703 0.003703 0.00397214
0.00375792 0.00375792 0.00402646
