0.0033762 0.00338695 0.00326095
0.00294576 0.00213479 0.00186622
0.00419676 0.00366772 0.0031813
0.00440069 0.0042555 0.00397083
0.00453502 0.00420272 0.00385022
0.0028326 0.0024569 0.00168277
0.00239628 0.00255771 0.00140437
0.00355874 0.00250096 0.00177402
0.0036349 0.00283461 0.00239106
0.00308278 0.00244394 0.00217914
0.00243188 0.00305527 0.00284466
0.00375685 0.00206141 0.00196587
0.00157097 0.00164851 0.00164946
0.00269386 0.00178351 0.00172292
0.00311743 0.00147902 0.00131954
0.0025556 0.00172287 0.0014359
0.002845 0.00198947 0.00175926
0.00154941 0.0017922 0.00138501
0.00142307 0.00163304 0.00130861
0.00243249 0.00175464 0.00149488
0.00144397 0.00152831 0.00108569
0.00134434 0.00188705 0.00139308
0.0021243 0.00168062 0.00122811
0.00143263 0.00159379 0.00121996
0.00159459 0.00164588 0.00146207
0.00202173 0.00175404 0.00156575
0.00182062 0.00179108 0.00161125
0.00168595 0.0020445 0.00161496
0.00156281 0.00157066 0.00139499
0.00178593 0.00188873 0.00152551
0.00201363 0.00166124 0.00143777
0.00169154 0.00168098 0.00175952
0.00202151 0.00208616 0.00176293
0.00187646 0.00236857 0.00208469
0.00277222 0.00145791 0.0013742
0.00223152 0.0018097 0.00143173
0.00207022 0.0028056 0.00219756
0.0025036 0.00203918 0.00143455
0.00226936 0.00208971 0.00173762
0.00310555 0.00183646 0.00160703
0.0025821 0.00169146 0.00166399
0.00224692 0.00212334 0.00191536
0.0020797 0.00291083 0.00255911
0.00242513 0.00201793 0.00168246
0.00225421 0.00214346 0.00189517
0.00233261 0.00239087 0.00215696
0.00217933 0.00202743 0.00183894
0.00240909 0.00199868 0.00189342
0.0025878 0.00228308 0.00224986
0.00193659 0.00207395 0.00182991
0.00170446 0.001964 0.0015682
0.002504 0.00271607 0.0023496
0.00208482 0.00202508 0.00180977
0.00170447 0.00175305 0.00156154
0.00244294 0.00244456 0.00239986
0.00224858 0.0024695 0.00233197
0.00206831 0.0026027 0.00246101
0.00178594 0.00259999 0.00248981
0.00197685 0.00199795 0.00192789
0.00191491 0.00198817 0.00163667
0.00151404 0.00262001 0.00205159
0.00198508 0.00207003 0.00191099
0.00153254 0.002166 0.00161309
0.00166826 0.00249469 0.00195324
0.00197797 0.00248951 0.00199259
0.00177456 0.00228918 0.00176387
0.00149432 0.00248328 0.00185687
0.00179011 0.00198033 0.00176779
0.00153111 0.00216376 0.00184278
0.00188679 0.002649 0.00228936
0.00221745 0.0028915 0.00259672
0.00173179 0.0026926 0.00234209
0.00167425 0.00244043 0.00225113
0.00226247 0.00245253 0.00231072
0.00189614 0.00247569 0.00222304
0.0017146 0.00289469 0.00276549
0.00224619 0.00297435 0.00285589
0.00160478 0.00245632 0.0024027
0.00180512 0.00266481 0.00240161
0.00200617 0.00252614 0.00262395
0.00189278 0.00254676 0.00210169
0.0018229 0.00265666 0.00218045
0.00183736 0.00245705 0.0021016
0.00231312 0.00199307 0.00190013
0.0023496 0.00213843 0.00188148
0.00187004 0.00176834 0.00165183
0.00261696 0.00185805 0.00177518
0.0026301 0.00224315 0.00201195
0.00199983 0.00234199 0.00197567
0.00185283 0.00238792 0.00224543
0.00157111 0.00219144 0.0021936
0.00193741 0.00218661 0.00211263
0.00218398 0.00197311 0.00213502
0.00196909 0.00232398 0.00233354
0.00246298 0.0021472 0.0022585
0.00156025 0.00192539 0.00191088
0.00151039 0.00256762 0.0023659
0.00189391 0.0024967 0.00229262
0.00208204 0.00243985 0.00217549
0.00143537 0.00260323 0.00226662
0.00242797 0.00247043 0.00216233
0.00200265 0.00244298 0.00225219
0.00174987 0.0024354 0.00218512
0.00184287 0.00260165 0.00217233
0.00194073 0.00261578 0.00207981
0.00178485 0.00289556 0.00232439
0.00216952 0.00268222 0.00220534
0.00190095 0.00262181 0.00216292
0.00170825 0.00290394 0.00247368
0.00204117 0.00279811 0.0025657
0.00181705 0.00282892 0.00244508
0.00184295 0.00329506 0.00316798
0.00228537 0.00288605 0.00244336
0.00164379 0.00293945 0.00222548
0.00191116 0.00322486 0.00297949
0.0020918 0.00284004 0.00285536
0.00192158 0.002845 0.00264437
0.00177865 0.00257075 0.00270933
0.00198021 0.00297904 0.00301858
0.00206643 0.00294785 0.00289322
0.00231701 0.00289246 0.00282331
0.0020221 0.00277001 0.00267513
0.00182717 0.00203822 0.00187325
0.00203795 0.00209162 0.0018938
0.00217487 0.00227827 0.00196957
0.00174781 0.00277962 0.0026513
0.00207264 0.00370733 0.00343304
0.00240981 0.00368376 0.00343229
0.00229917 0.00296977 0.00365219
0.00244143 0.00406839 0.00385703
0.00274536 0.00386394 0.00416132
0.00252045 0.00320583 0.00388632
0.00371566 0.00393918 0.00418512
0.00241375 0.00415691 0.00404664
0.00268118 0.00448848 0.00417247
0.0025572 0.00409285 0.00436812
0.0028136 0.00423879 0.00436068
0.00276613 0.00469561 0.0041782
0.00253033 0.00499255 0.00435466
0.0026613 0.0045507 0.00442405
0.0029887 0.00485796 0.00473629
0.00278169 0.00512356 0.00477713
0.00349802 0.00506481 0.00509848
0.00362722 0.00546803 0.00557597
0.00375395 0.00566409 0.00551982
0.00419939 0.00495884 0.00595555
0.00441729 0.00486562 0.00605639
0.00373128 0.00498284 0.00570706
0.00399543 0.00563606 0.00566247
0.00382904 0.00540744 0.00516955
0.00379251 0.00531205 0.00519824
0.00275335 0.00479184 0.00460221
0.00263519 0.00351835 0.00390449
0.00283943 0.00414722 0.00393613
0.00369721 0.00486917 0.0050565
0.00350567 0.00509212 0.00473622
0.00332938 0.0045815 0.00489341
0.00311122 0.00442823 0.00470076
0.00387557 0.00427887 0.00520422
0.00344379 0.00521799 0.0049064
0.00404095 0.00463948 0.00540823
0.00412029 0.00435905 0.0054387
0.00332294 0.00394226 0.00503155
0.00475555 0.00481374 0.00503933
0.00396982 0.00503955 0.00516054
0.00352057 0.00378154 0.00505766
0.00325934 0.00344578 0.00527561
0.00342874 0.00449051 0.00540443
0.00327722 0.00428879 0.00521214
0.0034917 0.00327779 0.00512908
0.00406225 0.00437474 0.00596447
0.00380002 0.00462059 0.00496805
0.00427852 0.00428524 0.00542196
0.00376231 0.0048647 0.00475108
0.00406616 0.00502807 0.00515946
0.00355672 0.00361262 0.00513167
0.00322595 0.00341635 0.00518183
0.0033705 0.003176 0.00526156
0.00315605 0.00306832 0.00448799
0.00339953 0.00352985 0.00511088
0.0032173 0.00353246 0.00443575
0.00375047 0.00437927 0.00464839
0.00300468 0.00394439 0.00435548
0.00361066 0.00385074 0.00429653
0.00364015 0.00358843 0.00438091
0.00328309 0.00495128 0.00426543
0.00364887 0.00452684 0.0043414
0.00388509 0.00338955 0.00402747
0.00329397 0.00367746 0.00406362
0.00423118 0.0046191 0.00376347
0.00466904 0.00489702 0.00398201
0.00324808 0.00328004 0.00401395
0.00405279 0.00453868 0.00371157
0.00465143 0.00496258 0.00403925
0.00342547 0.00464124 0.00430173
0.00350947 0.00429236 0.00422638
0.00352259 0.00419553 0.00446096
0.00382946 0.00382946 0.00379227
0.00351647 0.00420578 0.00426959
0.00398734 0.00322964 0.0040662
0.00391961 0.00363106 0.00413578
0.00440621 0.0048162 0.00362891
0.00456114 0.00508664 0.00412452
0.00371471 0.00435071 0.00448565
0.00432826 0.00424956 0.00421336
0.00397857 0.00397857 0.00417176
0.00424303 0.0042609 0.00431159
0.00418684 0.00393272 0.00418296
0.00328203 0.00347929 0.00388421
0.00403536 0.00432526 0.00383925
0.00443315 0.0044139 0.00382851
0.00305766 0.00297784 0.00383673
0.00367054 0.00382728 0.00351909
0.00417542 0.00395871 0.00368572
0.00399163 0.00460478 0.00380719
0.00410655 0.00443587 0.00388142
0.00381107 0.00417616 0.00410306
0.00375555 0.00375555 0.00393847
0.0034236 0.00370571 0.00386385
0.00393248 0.00449764 0.0037115
0.00391455 0.00403519 0.00367198
0.00367881 0.00315074 0.00394177
0.00338323 0.00342497 0.00398798
0.00318932 0.0029803 0.00403089
0.00345795 0.00345795 0.00376953
0.00352729 0.00352729 0.00384197
0.00400265 0.00373441 0.00368806
0.00347485 0.00261383 0.00377508
0.00376743 0.00363861 0.0033918
0.00358368 0.004108 0.00361677
0.00352912 0.0039023 0.00347463
0.00326306 0.00344529 0.00370169
0.00312446 0.00327726 0.00373724
0.00325259 0.00316931 0.00379847
0.00325172 0.00322271 0.00379806
0.00379137 0.00379785 0.00348128
0.00400681 0.00404678 0.00378498
0.00351558 0.00351558 0.00376482
0.00353499 0.00315344 0.00377364
0.00397596 0.00383354 0.00370316
0.00413157 0.00396212 0.0037955
0.00343941 0.00343941 0.00370271
0.00368411 0.00346052 0.00391033
0.0035042 0.0035042 0.00376252
0.00356344 0.00356344 0.00380409
0.00344968 0.00344968 0.00369025
0.00344204 0.00344204 0.00368851
0.00352259 0.00352259 0.00375724
0.00345818 0.00345818 0.00368744
0.00355885 0.00355885 0.00378038
0.00351754 0.00351754 0.0037577
0.00352283 0.00352283 0.00372804
0.00365339 0.00365339 0.0038856
0.00367335 0.00367335 0.00389708
0.00362189 0.00362189 0.0038512
0.00372239 0.00372239 0.00395464
0.00368571 0.00368571 0.00391355
0.00367201 0.00367201 0.00390411
0.00363159 0.00363159 0.00386337
0.00372253 0.00372253 0.00394736
0.00364376 0.00364376 0.00386638
0.00372266 0.00372266 0.00394602
0.00372426 0.00372426 0.00395591
0.00370005 0.00370005 0.00395104
0.00383264 0.00383264 0.00404641
0.00362133 0.00362133 0.00386352
0.00378539 0.00378539 0.00400875
0.00365824 0.00365824 0.00393439
0.00376475 0.00376475 0.00408342
0.00372821 0.00372821 0.00406321
0.00379668 0.00379668 0.00410439
0.00372888 0.00372888 0.00403337
0.00382789 0.00382789 0.00413838
0.00390656 0.00390656 0.00418977
0.00385369 0.00385369 0.00412863
0.00387493 0.00387493 0.00421125
0.00378075 0.00378075 0.00410346
0.00382784 0.00382784 0.0041325
0.00376765 0.00376765 0.00410329
0.00372989 0.00372989 0.00405441
0.00378346 0.00378346 0.00408912
0.00379378 0.00379378 0.00407282
0.00379181 0.00379181 0.00406754
0.00386332 0.00386332 0.00414093
0.00378021 0.00378021 0.00405578
0.00382109 0.00382109 0.00412475
0.00366044 0.00366044 0.00395648
0.0037181 0.0037181 0.00403594
0.00373741 0.00373741 0.00401754
0.0036667 0.0036667 0.00395941
0.0036879 0.0036879 0.00395374
0.00351431 0.00351431 0.00376197
0.00367686 0.00367686 0.00394562
0.00370802 0.00370802 0.00398253
0.00364355 0.00364355 0.00393514
0.0036725 0.0036725 0.00395176
0.00362919 0.00362919 0.0039054
0.00367279 0.00367279 0.0039194
0.00368804 0.00368804 0.00395114
0.00377705 0.00377705 0.00406086
0.00380784 0.00380784 0.00407689
0.00387665 0.00387665 0.00417228
0.00386222 0.00386222 0.00417959
0.00390735 0.00390735 0.00418884
0.00396867 0.00396867 0.00427964
0.00400311 0.00400311 0.00432763
0.0041 0.0041 0.00441435
0.00404749 0.00404749 0.00437123
0.00418596 0.00418596 0.00449831
0.00414835 0.00414835 0.00446649
0.00417709 0.00417709 0.00451487
0.00414295 0.00414295 0.00446305
0.00418809 0.00418809 0.00453059
0.00423688 0.00423688 0.00460411
0.00431073 0.00431073 0.00466785
0.00427238 0.00427238 0.00461667
0.00432251 0.00432251 0.00466922
0.00447488 0.00447488 0.0048335
0.00439109 0.00439109 0.00476964
0.00451175 0.00451175 0.00495144
0.00442409 0.00442409 0.00487779
0.00456529 0.00456529 0.0050267
0.00459447 0.00459447 0.00514473
0.00456194 0.00456194 0.0050999
0.00470102 0.00470102 0.00523413
0.00457347 0.00457347 0.00510591
0.00474238 0.00474238 0.00525362
0.00471205 0.00471205 0.00521062
0.00462983 0.00462983 0.00513743
0.00475402 0.00475402 0.00525228
0.00471545 0.00471545 0.00521623
0.00467787 0.00467787 0.00517331
0.00481245 0.00481245 0.00529
0.00465511 0.00465511 0.00513284
0.00468262 0.00468262 0.00510166
0.00457484 0.00457484 0.00502884
0.00463758 0.00463758 0.00510498
0.00451254 0.00451254 0.00496622
0.00452708 0.00452708 0.0050263
0.00448892 0.00448892 0.00497597
0.00443314 0.00443314 0.00490442
0.00449 0.00449 0.00497991
0.00433674 0.00433674 0.00482799
0.00446823 0.00446823 0.00493684
0.00441348 0.00441348 0.0048911
0.00449942 0.00449942 0.00503803
0.00450144 0.00450144 0.00502857
0.00446109 0.00446109 0.00497242
0.00458629 0.00458629 0.00519144
0.00473095 0.00473095 0.00525059
0.00484528 0.00484528 0.00534675
