1.05143 1.04541 1.06203
1.04812 1.05295 1.12288
1.07128 1.05545 1.05224
1.05207 1.10678 1.05641
1.06219 1.05945 1.06022
1.12974 1.06054 1.05914
1.05741 1.08211 1.07257
1.08106 1.07641 1.10142
1.07331 1.06511 1.05388
1.06373 1.09864 1.10039
1.08079 1.09548 1.08623
1.07338 1.09124 1.05361
1.07825 1.06353 1.07324
1.05829 1.07878 1.06464
1.07228 1.10691 1.10351
1.07411 1.07309 1.07386
1.07171 1.09246 1.07806
1.11359 1.07448 1.15982
1.16594 1.10006 1.15268
1.05736 1.05721 1.05505
1.06273 1.10421 1.06737
1.06731 1.05228 1.12905
1.07683 1.07257 1.07435
1.06815 1.0558 1.113
1.05768 1.05956 1.08067
1.08835 1.06963 1.05626
1.06228 1.06426 1.04959
1.04999 1.08819 1.11017
1.05192 1.08939 1.10864
1.05958 1.16481 1.07812
1.07736 1.05207 1.14221
1.05337 1.15001 1.06516
1.04252 1.10913 1.07478
1.08349 1.11549 1.04809
1.05069 1.04837 1.07375
1.04488 1.0443 1.05927
1.04332 1.06597 1.04289
1.06068 1.04636 1.04207
1.03993 1.04151 1.04051
1.03899 1.04075 1.04113
1.05373 1.04277 1.04176
1.04098 1.04091 1.04067
1.04087 1.04302 1.0408
1.05241 1.05436 1.04382
1.04169 1.05618 1.08504
1.05922 1.06431 1.05772
1.04655 1.06039 1.04877
1.10232 1.08784 1.04396
1.04109 1.05413 1.05396
1.04294 1.10154 1.04241
1.04354 1.0457 1.05764
1.07709 1.0603 1.04136
1.04957 1.05766 1.0473
1.04611 1.03828 1.03888
1.04509 1.03969 1.03586
1.0417 1.03535 1.03684
1.0404 1.04199 1.04182
1.04739 1.04396 1.04601
1.0363 1.03997 1.03982
1.07236 1.07481 1.08638
1.0409 1.0412 1.04122
1.04234 1.04502 1.04204
1.03462 1.03844 1.03468
1.03392 1.05798 1.03535
1.06036 1.06137 1.06026
1.04942 1.05638 1.05041
1.04989 1.05591 1.05278
1.05445 1.04373 1.04529
1.05299 1.04342 1.04248
1.03679 1.09133 1.04121
1.0622 1.06078 1.05997
1.04373 1.03635 1.04093
1.06008 1.10277 1.05375
1.05999 1.06235 1.06172
1.03558 1.03859 1.04159
1.03854 1.04 1.03691
1.06609 1.07044 1.06528
1.03345 1.03002 1.03415
1.04093 1.04173 1.04113
1.05446 1.05827 1.05635
1.05001 1.04529 1.04925
1.06069 1.06003 1.05984
1.06396 1.05336 1.06029
1.03843 1.05236 1.04262
1.03642 1.04574 1.03526
1.0414 1.03803 1.04058
1.06562 1.02419 1.06482
1.04649 1.0384 1.05072
1.06516 1.05804 1.05967
1.06951 1.11706 1.09688
1.04071 1.08276 1.04485
1.07384 1.05606 1.07312
1.05321 1.05237 1.05333
1.04643 1.04879 1.04791
1.06133 1.06166 1.06147
1.03628 1.05131 1.04046
1.04413 1.04169 1.03404
1.08684 1.09398 1.0762
1.09801 1.0306 1.0902
1.03813 1.06014 1.03532
1.04889 1.04329 1.04488
1.04908 1.06222 1.06835
1.04647 1.03584 1.05107
1.05548 1.04472 1.13146
1.04104 1.0544 1.03942
1.05181 1.04417 1.04057
1.05073 1.04364 1.04652
1.0622 1.06114 1.05401
1.14387 1.06477 1.04262
1.04978 1.04917 1.04247
1.06207 1.05411 1.04198
1.04768 1.05093 1.06354
1.06482 1.06315 1.09694
1.07307 1.06811 1.08227
1.04388 1.04209 1.04405
1.03778 1.04917 1.03496
1.07097 1.08345 1.21915
1.0564 1.06577 1.06084
1.0722 1.08434 1.07728
1.04606 1.0541 1.04271
1.0401 1.08347 1.04906
1.04526 1.04625 1.05121
1.04541 1.04748 1.06576
1.05816 1.07716 1.05733
1.04235 1.16827 1.04355
1.03924 1.19646 1.08599
1.04281 1.07308 1.03995
1.06241 1.06842 1.03453
1.05074 1.05543 1.05954
1.08756 1.11667 1.05713
1.0949 1.081 1.06749
1.06556 1.04716 1.0467
1.04844 1.04451 1.04887
1.08238 1.082 1.06876
1.05944 1.2428 1.0511
1.03505 1.05137 1.0315
1.07571 1.05156 1.06393
1.14396 1.15373 1.08922
1.05288 1.07577 1.04941
1.0536 1.05147 1.05265
1.07573 1.10154 1.10083
1.05292 1.05258 1.04725
1.0589 1.04787 1.06671
1.09616 1.09828 1.09178
1.1333 1.12976 1.11102
1.13032 1.12383 1.13129
1.08567 1.083 1.08929
1.06022 1.04717 1.04561
1.10815 1.1087 1.07221
1.06407 1.0631 1.05167
1.11261 1.10366 1.06005
1.16113 1.13269 1.21773
1.07405 1.0556 1.06503
1.07433 1.07033 1.0904
1.13981 1.11483 1.14466
1.12404 1.19468 1.07817
1.10196 1.08516 1.12589
1.09111 1.09135 1.04779
1.06346 1.0602 1.04643
1.06619 1.0608 1.15275
1.06328 1.06298 1.07022
1.11561 1.109 1.09179
1.09663 1.10195 1.09137
1.04051 1.1219 1.05812
1.04351 1.05875 1.03652
1.05854 1.05935 1.06765
1.14889 1.16035 1.12317
1.07295 1.08109 1.05857
1.12156 1.12985 1.11183
1.19236 1.18354 1.07538
1.17711 1.17112 1.05167
1.06232 1.06271 1.0594
1.08619 1.08662 1.08009
1.07094 1.06803 1.05955
1.06802 1.07317 1.05697
1.17582 1.1642 1.08209
1.05015 1.0468 1.04833
1.07952 1.0804 1.04813
1.06997 1.06913 1.06317
1.12732 1.06677 1.06885
1.14279 1.11197 1.08702
1.06013 1.12735 1.06472
1.09884 1.15242 1.06592
1.07964 1.08073 1.0696
1.06072 1.048 1.07986
1.07068 1.05689 1.05889
1.05319 1.05931 1.05655
1.06335 1.06407 1.04637
1.15294 1.15419 1.15425
1.09688 1.09403 1.07187
1.05894 1.05948 1.05675
1.05289 1.06922 1.0631
1.06055 1.06121 1.07924
1.10647 1.07137 1.06492
1.14077 1.14559 1.05844
1.08291 1.07989 1.05588
1.08238 1.0906 1.05814
1.07433 1.07776 1.08163
1.07633 1.0748 1.05459
1.05716 1.07777 1.05032
1.08669 1.08019 1.06248
1.11364 1.14408 1.08286
1.20922 1.20837 1.09823
1.15085 1.18238 1.0848
1.04343 1.07006 1.18642
1.07119 1.07083 1.0619
1.08625 1.19613 1.15664
1.1466 1.04859 1.17939
1.1573 1.0983 1.04887
1.06679 1.06638 1.08218
1.06267 1.0716 1.04767
1.07574 1.07815 1.07621
1.0715 1.05132 1.06033
1.14447 1.11008 1.1595
1.06329 1.09092 1.05202
1.12294 1.13398 1.07398
1.09848 1.12805 1.14328
1.14053 1.0763 1.11674
1.10974 1.14388 1.13156
1.39033 1.17721 1.2014
1.13323 1.1078 1.10968
1.36246 1.2061 1.12087
1.12944 1.11517 1.10128
1.1308 1.1278 1.06406
1.07837 1.09941 1.06603
1.06845 1.08728 1.07105
1.30638 1.11747 1.16186
1.12369 1.09942 1.15047
1.12602 1.10523 1.08798
1.1217 1.23312 1.09345
1.37982 1.17344 1.1775
1.26366 1.13198 1.08464
1.07603 1.07296 1.06663
1.09922 1.08118 1.10705
1.13803 1.14175 1.0634
1.15201 1.15006 1.08446
1.11602 1.08701 1.12489
1.09224 1.0796 1.0845
1.28067 1.13886 1.10039
1.23446 1.12763 1.06221
1.07923 1.07468 1.06497
1.08283 1.08207 1.05689
1.1043 1.11249 1.08573
1.26231 1.138 1.14862
1.13714 1.08606 1.07649
1.08143 1.07415 1.07638
1.08223 1.08552 1.08664
1.11253 1.11768 1.18493
1.1525 1.09556 1.13027
1.14956 1.14397 1.15658
1.14088 1.09979 1.06817
1.13688 1.187 1.08424
1.17533 1.37487 1.08424
1.07642 1.07569 1.09448
1.08329 1.12628 1.09389
1.09028 1.09906 1.12082
1.13215 1.12909 1.07894
1.10381 1.09049 1.17857
1.11652 1.14152 1.10069
1.09076 1.32257 1.06861
1.46411 1.46979 1.20428
1.1694 1.30259 1.07386
1.05618 1.05483 1.05959
1.08446 1.07357 1.08843
1.10122 1.06856 1.11634
1.12228 1.27451 1.1198
1.38694 1.36012 1.09842
1.3264 1.27189 1.13876
1.06784 1.07945 1.06715
1.0685 1.1027 1.08301
1.05646 1.0697 1.06534
1.08761 1.06381 1.08285
1.15726 1.24535 1.14776
1.24422 1.09185 1.12331
1.10494 1.2335 1.13986
1.07534 1.07786 1.07624
1.05485 1.06709 1.05389
1.11237 1.06977 1.04799
1.07697 1.13339 1.07557
1.09237 1.12023 1.17305
1.10768 1.1047 1.08844
1.06117 1.06634 1.10014
1.13533 1.31953 1.06802
1.10187 1.06183 1.07043
1.11286 1.13016 1.07005
1.1818 1.13476 1.10687
1.14731 1.41001 1.19019
1.06553 1.07539 1.09869
1.07112 1.08878 1.05719
1.10505 1.05921 1.09781
1.10599 1.25235 1.18722
1.17328 1.11324 1.16838
1.15948 1.13595 1.09605
1.0811 1.26233 1.08916
1.06307 1.06432 1.05351
1.1367 1.05505 1.13086
1.18568 1.18226 1.12631
1.14153 1.13498 1.0675
1.10817 1.10728 1.1399
1.2702 1.07181 1.09984
1.42078 1.3056 1.15841
1.07921 1.07819 1.10121
1.06667 1.06718 1.09572
1.10496 1.08182 1.10176
1.11671 1.10085 1.08357
1.1393 1.25754 1.131
1.07841 1.08111 1.09128
1.13849 1.11758 1.08691
1.09248 1.10243 1.08136
1.09333 1.38565 1.10697
1.15912 1.08111 1.06584
1.07546 1.07256 1.06896
1.07923 1.14406 1.0757
1.06966 1.12876 1.12378
1.10606 1.10482 1.15887
1.10074 1.15865 1.09467
1.07032 1.07421 1.08575
1.15132 1.28465 1.13633
1.09803 1.12708 1.13912
1.11306 1.12281 1.11088
1.13692 1.08832 1.09375
1.09287 1.11544 1.1035
1.07217 1.08189 1.06205
1.12714 1.14587 1.19539
1.06829 1.0521 1.08488
1.05098 1.06777 1.04899
1.091 1.09087 1.09477
1.08682 1.17167 1.09982
1.08854 1.29092 1.06489
1.14662 1.18425 1.09795
1.10583 1.07673 1.07031
1.05944 1.06816 1.0737
1.05682 1.09119 1.04148
1.0578 1.06699 1.05095
1.09147 1.0624 1.1061
1.06642 1.10019 1.12228
1.16078 1.1524 1.11996
1.32357 1.26573 1.13999
1.12455 1.11593 1.13328
1.08319 1.17467 1.08872
1.09158 1.11593 1.09977
1.12263 1.24501 1.14239
1.0787 1.08855 1.06792
1.0834 1.08326 1.0804
1.07019 1.06247 1.07543
1.08499 1.07296 1.11972
1.08894 1.06428 1.08397
1.0732 1.07015 1.08153
1.0981 1.08697 1.09007
1.07981 1.07246 1.14912
1.10013 1.10181 1.1541
1.0944 1.23801 1.15718
1.14707 1.11408 1.14619
1.1316 1.11591 1.08288
1.12696 1.16257 1.12796
1.0877 1.22782 1.12502
1.15339 1.11527 1.06273
1.07218 1.05957 1.07542
1.09124 1.13606 1.10428
1.08862 1.062 1.05936
1.07859 1.08469 1.11512
1.13027 1.06975 1.07359
1.11712 1.06528 1.05978
1.08689 1.08401 1.15738
1.10949 1.17698 1.15395
1.22551 1.22551 1.11225
1.1622 1.31584 1.10228
1.08098 1.08445 1.08005
1.10577 1.33561 1.11215
1.12071 1.28776 1.0761
1.16743 1.22722 1.05446
1.06111 1.06233 1.07891
1.05923 1.06331 1.07943
1.12681 1.06891 1.063
1.10808 1.05482 1.05334
1.05563 1.05017 1.05455
1.09269 1.10001 1.08374
1.14947 1.16866 1.10289
1.09218 1.12298 1.15406
1.06972 1.35777 1.06475
1.11855 1.10053 1.12404
1.07902 1.08297 1.11846
1.10859 1.09192 1.10365
1.06946 1.06616 1.11066
1.07269 1.11588 1.149
1.17171 1.27618 1.18025
1.08837 1.07763 1.20468
1.08098 1.13063 1.15917
1.11207 1.07872 1.07792
1.31353 1.2394 1.0685
1.0869 1.21418 1.16192
1.08448 1.06452 1.14636
1.12433 1.17314 1.0797
1.08267 1.08694 1.1544
1.11336 1.28553 1.06877
1.15626 1.11359 1.10393
1.15687 1.28509 1.06351
1.05881 1.05165 1.16403
1.04587 1.05064 1.04838
1.06566 1.05493 1.06463
1.14625 1.12986 1.11248
1.07572 1.08009 1.13814
1.09817 1.07146 1.11937
1.2268 1.2788 1.12181
1.14654 1.0668 1.10702
1.0666 1.1138 1.065
1.0749 1.06355 1.13808
1.08779 1.08202 1.06299
1.06742 1.1873 1.08634
1.06132 1.05405 1.05328
1.11747 1.12852 1.07994
1.15709 1.21523 1.13721
1.06065 1.07485 1.19863
1.12525 1.12252 1.12792
1.23866 1.27663 1.1711
1.10794 1.2723 1.14354
1.21359 1.13237 1.16768
1.08151 1.07327 1.10814
1.09854 1.07445 1.07683
1.06114 1.07151 1.10065
1.17701 1.1313 1.16971
1.13972 1.16842 1.15206
1.08398 1.08636 1.17718
1.2175 1.0946 1.08946
1.06977 1.20886 1.17474
1.08062 1.13738 1.06015
1.09026 1.07474 1.13281
1.07982 1.17958 1.1651
1.10984 1.10775 1.12522
1.09225 1.12274 1.06553
1.07013 1.0773 1.11927
1.17269 1.20833 1.19735
