0.519308 0.519268 0.519193
0.514401 0.514401 0.51437
0.513129 0.513158 0.512995
0.465255 0.465596 0.465358
0.463706 0.463439 0.46346
0.44153 0.441295 0.441349
0.818355 0.818181 0.818211
0.729874 0.729805 0.72993
0.641378 0.641399 0.641502
0.603047 0.603196 0.603129
0.556919 0.556941 0.557066
0.513691 0.513371 0.513462
0.472838 0.472805 0.472731
0.439635 0.439591 0.43965
0.522348 0.522178 0.522216
0.506959 0.507016 0.506937
0.443744 0.443801 0.443732
0.40955 0.409666 0.409553
0.374791 0.374806 0.374811
0.352258 0.352283 0.35222
0.450325 0.45033 0.45039
0.708451 0.708518 0.708584
0.784255 0.784244 0.784294
0.695611 0.69574 0.695695
0.662655 0.6628 0.662753
0.717173 0.717385 0.717295
0.682498 0.682527 0.682572
0.590547 0.590628 0.590613
0.53425 0.534397 0.534288
0.532161 0.532075 0.532052
0.496197 0.496135 0.496138
0.477155 0.477206 0.477125
0.584674 0.584698 0.58472
0.479885 0.479736 0.479829
0.604707 0.604776 0.604737
0.726715 0.72679 0.726721
0.695911 0.696013 0.695894
0.661228 0.661112 0.661053
0.597538 0.597506 0.597523
0.563213 0.563416 0.563313
0.474063 0.473985 0.473995
0.372079 0.372145 0.372011
0.342735 0.343002 0.342935
0.32687 0.326916 0.326903
0.355101 0.355238 0.35509
0.4212 0.421183 0.421294
0.500489 0.500559 0.500558
0.470827 0.470917 0.47075
0.41994 0.419908 0.419958
0.336441 0.336438 0.336448
0.290126 0.29044 0.290159
0.282542 0.282445 0.282539
0.215423 0.215105 0.215031
0.200186 0.199979 0.199813
0.308103 0.307922 0.30789
0.317152 0.317153 0.317026
0.282784 0.282643 0.282657
0.276348 0.276346 0.276251
0.264718 0.264688 0.264688
0.271209 0.271332 0.271163
0.276807 0.276948 0.276814
0.269343 0.269291 0.269282
0.252205 0.252086 0.252178
0.237594 0.237694 0.237694
0.229586 0.229828 0.229701
0.164528 0.164545 0.164516
0.151804 0.151719 0.151756
0.147245 0.14707 0.147339
0.181372 0.181373 0.181524
0.233785 0.233796 0.233952
0.23551 0.235531 0.235662
0.210334 0.210621 0.210466
0.230027 0.230332 0.230151
0.248659 0.248842 0.248763
0.245398 0.245342 0.245451
0.219889 0.220026 0.220154
0.221443 0.221376 0.221502
0.209378 0.209403 0.209571
0.139497 0.139632 0.140003
0.160453 0.160378 0.160639
0.12147 0.121596 0.122075
0.140304 0.140175 0.140701
0.151557 0.15154 0.151827
0.173792 0.174008 0.173818
0.168059 0.168229 0.168
0.165849 0.166277 0.165872
0.200537 0.200762 0.20045
0.203378 0.203515 0.203395
0.277445 0.277483 0.277437
0.291895 0.291883 0.291892
0.230616 0.230675 0.230628
0.146118 0.145781 0.14604
0.139502 0.139534 0.139767
0.148188 0.148157 0.148193
0.137071 0.137142 0.136849
0.15114 0.151449 0.15099
0.185335 0.1855 0.185299
0.257298 0.257175 0.257161
0.24465 0.244684 0.244597
0.219809 0.219907 0.219776
0.194388 0.194379 0.194285
0.150812 0.150689 0.150787
0.113349 0.113032 0.113313
0.121675 0.121231 0.121817
0.133149 0.133046 0.133613
0.121551 0.12148 0.121565
0.121726 0.121738 0.121693
0.134257 0.134168 0.134213
0.136257 0.13636 0.136302
0.160232 0.160335 0.16013
0.199807 0.199767 0.199744
0.250501 0.250416 0.250393
0.204549 0.204568 0.204604
0.12785 0.127635 0.127943
0.143496 0.143176 0.143499
0.124743 0.124634 0.124691
0.121457 0.121328 0.121369
0.113548 0.113778 0.113646
0.139852 0.139709 0.139522
0.14466 0.144704 0.14459
0.190771 0.190743 0.190553
0.178742 0.178691 0.178667
0.157603 0.157618 0.157682
0.116618 0.116735 0.117133
0.116358 0.116519 0.117065
0.115213 0.115209 0.115816
0.107271 0.107067 0.107653
0.112156 0.111999 0.112403
0.110899 0.110862 0.111047
0.130147 0.130118 0.130047
0.167925 0.167913 0.167822
0.181219 0.18139 0.181168
0.214672 0.214758 0.214605
0.153884 0.153841 0.154042
0.113447 0.113654 0.114047
0.10969 0.109724 0.110932
0.0992836 0.099353 0.100287
0.102731 0.102616 0.103777
0.0969667 0.0971345 0.0977039
0.100142 0.0999975 0.101124
0.100067 0.100027 0.10052
0.0965624 0.0964911 0.0966819
0.104648 0.104828 0.104353
0.0930865 0.0926206 0.0927104
0.10262 0.102828 0.102072
0.116492 0.116206 0.115209
0.109201 0.109201 0.108701
0.109299 0.109299 0.108729
0.116072 0.116072 0.115581
0.109791 0.109791 0.109282
0.140085 0.140085 0.139842
0.134075 0.134075 0.133804
0.135343 0.135343 0.135043
0.129737 0.129737 0.129536
0.11376 0.11376 0.113605
0.121325 0.121325 0.121204
0.100244 0.100244 0.100216
0.0993588 0.0993588 0.0993538
0.0992239 0.0992239 0.0991859
0.0998167 0.0998167 0.0999163
0.0981634 0.0981634 0.0982807
0.0826474 0.0826474 0.0828256
0.0899556 0.0899556 0.0901259
0.0833293 0.0833293 0.0835635
0.0828669 0.0828669 0.0831015
0.0872433 0.0872433 0.0874737
0.0847351 0.0847351 0.0849573
0.0838282 0.0838282 0.0840237
0.0870491 0.0870491 0.0872181
0.087587 0.087587 0.0877829
0.0829336 0.0829336 0.0830722
0.0847571 0.0847571 0.0849041
0.0837977 0.0837977 0.0839153
0.0804508 0.0804508 0.0805582
0.0802304 0.0802304 0.0803046
0.0764759 0.0764759 0.0765039
0.0769907 0.0769907 0.0770193
0.0773456 0.0773456 0.0772631
0.0785191 0.0785191 0.0784514
0.0793687 0.0793687 0.0793058
0.0781136 0.0781136 0.07807
0.0783607 0.0783607 0.0783052
0.0813097 0.0813097 0.0812109
0.0806922 0.0806922 0.0805523
0.0813018 0.0813018 0.0811702
0.0834767 0.0834767 0.0833422
0.0828569 0.0828569 0.0827189
0.0868209 0.0868209 0.0866175
0.0848033 0.0848033 0.0846522
0.0889934 0.0889934 0.0887483
0.0919743 0.0919743 0.0917412
0.090574 0.090574 0.0903353
0.0885546 0.0885546 0.0882984
0.0922209 0.0922209 0.0919559
0.0980234 0.0980234 0.0977353
0.0973514 0.0973514 0.0970674
0.0992345 0.0992345 0.0989571
0.102124 0.102124 0.101845
0.102112 0.102112 0.101833
0.105115 0.105115 0.104832
0.100647 0.100647 0.100431
0.0988107 0.0988107 0.0986249
0.0962351 0.0962351 0.0960604
0.0965248 0.0965248 0.0963812
0.0911374 0.0911374 0.0910574
0.089668 0.089668 0.0896109
0.0871569 0.0871569 0.0871587
0.0809188 0.0809188 0.081051
0.0791321 0.0791321 0.0793052
0.0760741 0.0760741 0.0762189
0.0751458 0.0751458 0.0753957
0.0806776 0.0806776 0.0809432
0.0804864 0.0804864 0.0807298
0.0783675 0.0783675 0.078472
0.0761725 0.0761725 0.0762683
0.0763305 0.0763305 0.076318
0.0787439 0.0787439 0.0786524
0.0750403 0.0750403 0.0748743
0.0720747 0.0720747 0.0718782
0.0773993 0.0773993 0.0772465
0.0748985 0.0748985 0.0746473
0.0798168 0.0798168 0.079465
0.0819455 0.0819455 0.0815303
0.0821195 0.0821195 0.0816476
0.0818834 0.0818834 0.0814108
0.0820813 0.0820813 0.081558
0.0868715 0.0868715 0.0863825
0.0873744 0.0873744 0.0868679
0.0916861 0.0916861 0.0912077
0.0946372 0.0946372 0.0941906
0.10294 0.10294 0.102488
0.105904 0.105904 0.105454
0.108474 0.108474 0.108099
0.107997 0.107997 0.107668
0.111103 0.111103 0.110744
0.105169 0.105169 0.104813
0.109099 0.109099 0.108829
0.109023 0.109023 0.108725
0.0999594 0.0999594 0.0997527
0.0975495 0.0975495 0.0973726
0.0961027 0.0961027 0.0959462
0.0943745 0.0943745 0.0942835
0.09237 0.09237 0.0922968
0.0935001 0.0935001 0.0934668
0.0930824 0.0930824 0.093104
0.0913481 0.0913481 0.0913717
0.0896396 0.0896396 0.0896691
0.0878533 0.0878533 0.0879498
0.0865822 0.0865822 0.0866802
0.0857192 0.0857192 0.0858451
0.0899275 0.0899275 0.0900485
0.0882928 0.0882928 0.0883634
0.0824864 0.0824864 0.0825503
0.0823559 0.0823559 0.0824151
0.0820667 0.0820667 0.0821125
0.0802852 0.0802852 0.0803584
0.0775326 0.0775326 0.0775535
0.0751115 0.0751115 0.0751271
0.0766383 0.0766383 0.0766032
0.0768659 0.0768659 0.0768428
0.0754618 0.0754618 0.0754176
0.0753317 0.0753317 0.0752717
0.0731928 0.0731928 0.0731261
0.0756361 0.0756361 0.0755326
0.0762565 0.0762565 0.0761354
0.0753779 0.0753779 0.0752787
0.0756959 0.0756959 0.0755622
0.0756227 0.0756227 0.0755198
0.0741377 0.0741377 0.0740113
0.0745022 0.0745022 0.0743626
0.0750848 0.0750848 0.0749309
0.0744924 0.0744924 0.0743498
0.0795136 0.0795136 0.0793588
0.0807457 0.0807457 0.0806109
0.0808215 0.0808215 0.0806289
0.0808596 0.0808596 0.0807096
0.0823354 0.0823354 0.0821883
0.0841327 0.0841327 0.084016
0.0850768 0.0850768 0.0849126
0.0862092 0.0862092 0.0860562
0.0877263 0.0877263 0.0875559
0.0871001 0.0871001 0.0870082
0.0862197 0.0862197 0.0861173
0.0870616 0.0870616 0.0869651
0.0888478 0.0888478 0.0887104
0.0877887 0.0877887 0.0876539
0.0866619 0.0866619 0.0865271
0.0910312 0.0910312 0.0908926
0.0902666 0.0902666 0.0901247
0.0936722 0.0936722 0.0935436
0.0922986 0.0922986 0.0921485
0.09043 0.09043 0.0902892
0.0910666 0.0910666 0.0909467
0.0905633 0.0905633 0.0904795
0.0868986 0.0868986 0.0868088
0.0887158 0.0887158 0.0886058
0.0883848 0.0883848 0.0883131
0.0883035 0.0883035 0.0882333
0.0881836 0.0881836 0.0881154
0.0858149 0.0858149 0.0857743
0.0833744 0.0833744 0.0833565
0.0819594 0.0819594 0.0819613
0.0813558 0.0813558 0.0813637
0.0784342 0.0784342 0.0784674
0.0783634 0.0783634 0.0783944
0.0761512 0.0761512 0.0762051
0.0742613 0.0742613 0.0743225
0.0737356 0.0737356 0.0738092
0.0726514 0.0726514 0.072738
0.0736617 0.0736617 0.0737308
0.0718086 0.0718086 0.0719042
0.0695956 0.0695956 0.0697026
0.0690536 0.0690536 0.0691572
0.0699919 0.0699919 0.0700867
0.0699134 0.0699134 0.0700083
0.0676212 0.0676212 0.0677114
0.067261 0.067261 0.0673521
0.0682724 0.0682724 0.0683576
0.0687367 0.0687367 0.0688038
0.0685784 0.0685784 0.068648
0.0662907 0.0662907 0.0663618
0.0656208 0.0656208 0.0657209
0.0660179 0.0660179 0.0661154
0.0679595 0.0679595 0.0680623
0.0694434 0.0694434 0.069554
0.068029 0.068029 0.068134
0.0684385 0.0684385 0.0685428
0.0654457 0.0654457 0.0655266
0.061268 0.061268 0.0613259
0.0614247 0.0614247 0.0614916
0.0617517 0.0617517 0.0618106
0.0596701 0.0596701 0.0597312
0.058911 0.058911 0.0589569
0.0593555 0.0593555 0.059403
0.0589784 0.0589784 0.0590398
0.0605082 0.0605082 0.0605353
0.0601285 0.0601285 0.0601304
0.0593203 0.0593203 0.0593366
0.0600485 0.0600485 0.0600255
0.060307 0.060307 0.0602878
0.0603712 0.0603712 0.0603362
0.0575168 0.0575168 0.0575218
0.0576468 0.0576468 0.0576141
0.0579177 0.0579177 0.0578731
0.0582109 0.0582109 0.0581626
0.0591177 0.0591177 0.0590711
0.0587803 0.0587803 0.0587186
0.0593672 0.0593672 0.059297
0.0594259 0.0594259 0.0593248
0.0586783 0.0586783 0.0586201
0.0592157 0.0592157 0.0591471
0.0599082 0.0599082 0.0598525
0.0582423 0.0582423 0.0581832
0.0582256 0.0582256 0.0581529
0.0590938 0.0590938 0.059023
0.0588373 0.0588373 0.0587346
0.0589132 0.0589132 0.0588228
0.0601681 0.0601681 0.06007
0.0598662 0.0598662 0.0597646
0.0609499 0.0609499 0.0608783
0.0612594 0.0612594 0.0611721
0.0619196 0.0619196 0.0618195
0.0623203 0.0623203 0.0622262
0.063946 0.063946 0.0638497
0.0644721 0.0644721 0.0643775
0.0649743 0.0649743 0.064882
0.0636574 0.0636574 0.0635787
0.0652131 0.0652131 0.0651258
0.0636896 0.0636896 0.063605
0.0646551 0.0646551 0.0645669
0.0642021 0.0642021 0.064112
0.0651785 0.0651785 0.0650836
0.065864 0.065864 0.065758
0.0633233 0.0633233 0.0632364
0.0627442 0.0627442 0.0626617
0.0636256 0.0636256 0.0635539
0.0645881 0.0645881 0.0645055
0.0640092 0.0640092 0.06394
0.0650336 0.0650336 0.064967
0.0650294 0.0650294 0.0649494
0.0614858 0.0614858 0.0614243
0.0615145 0.0615145 0.061467
0.0613917 0.0613917 0.0613773
0.0614949 0.0614949 0.06147
0.0610252 0.0610252 0.0610104
0.0602162 0.0602162 0.0602106
0.0599444 0.0599444 0.0599427
0.0624737 0.0624737 0.0624782
0.0629966 0.0629966 0.0629841
0.0606534 0.0606534 0.0606702
0.059987 0.059987 0.0600157
0.0584468 0.0584468 0.0584639
0.0585729 0.0585729 0.0586018
0.0613846 0.0613846 0.0614204
0.0622974 0.0622974 0.0623318
0.0623373 0.0623373 0.0623784
0.0686911 0.0686911 0.0687098
0.0680067 0.0680067 0.0680512
0.0675351 0.0675351 0.0675814
0.0675617 0.0675617 0.067608
0.0675562 0.0675562 0.0675936
0.0679603 0.0679603 0.0679956
0.0667203 0.0667203 0.0667558
0.0660382 0.0660382 0.0660914
0.0657852 0.0657852 0.0658382
0.0652997 0.0652997 0.0653797
0.0649317 0.0649317 0.0649697
0.0642435 0.0642435 0.0643003
0.0644891 0.0644891 0.0645429
0.0639713 0.0639713 0.0640084
0.0636422 0.0636422 0.063691
0.0614582 0.0614582 0.0615202
0.06103 0.06103 0.0610943
0.0611552 0.0611552 0.0612135
0.0621001 0.0621001 0.062176
0.0627857 0.0627857 0.0628421
0.0626038 0.0626038 0.0626651
0.062606 0.062606 0.0626614
0.060866 0.060866 0.0609445
0.0591683 0.0591683 0.0592749
0.0582865 0.0582865 0.0584066
0.0586891 0.0586891 0.0587943
0.0583022 0.0583022 0.0584447
0.0582099 0.0582099 0.0583327
0.0582469 0.0582469 0.0583707
0.0592835 0.0592835 0.0593523
0.0592903 0.0592903 0.0593651
0.0582926 0.0582926 0.0583717
0.0581915 0.0581915 0.0582643
0.0589094 0.0589094 0.0589588
0.0594128 0.0594128 0.0594682
0.0587697 0.0587697 0.0588262
0.0601255 0.0601255 0.0601961
0.0596948 0.0596948 0.0597213
0.0590867 0.0590867 0.0591125
0.0590499 0.0590499 0.0590829
0.0578207 0.0578207 0.0578294
0.0585313 0.0585313 0.0585883
0.0586591 0.0586591 0.0587192
0.0590138 0.0590138 0.0590812
0.0588534 0.0588534 0.0588716
0.0585384 0.0585384 0.0585365
0.058559 0.058559 0.0585593
0.0595107 0.0595107 0.0595283
0.0590127 0.0590127 0.0590415
0.0593894 0.0593894 0.0594229
0.059411 0.059411 0.0594461
0.0591502 0.0591502 0.0591954
0.0588109 0.0588109 0.0588634
0.062062 0.062062 0.0620881
0.0641028 0.0641028 0.0641169
0.0609646 0.0609646 0.0609932
0.060947 0.060947 0.0609596
0.0609825 0.0609825 0.0609952
0.0621314 0.0621314 0.0621291
0.0651966 0.0651966 0.0652253
0.0640653 0.0640653 0.0640916
0.0641795 0.0641795 0.0642063
0.0638858 0.0638858 0.0638956
0.0635315 0.0635315 0.0635443
0.0628701 0.0628701 0.0628575
0.0623244 0.0623244 0.0623174
0.0621711 0.0621711 0.0622257
0.062278 0.062278 0.0623361
0.0622472 0.0622472 0.0623024
0.0623325 0.0623325 0.0623677
0.0627498 0.0627498 0.0627696
0.0611427 0.0611427 0.0611723
0.0611503 0.0611503 0.0611801
0.0616447 0.0616447 0.0616823
0.062586 0.062586 0.0626212
0.0627117 0.0627117 0.0627411
0.0637099 0.0637099 0.0637276
0.0648897 0.0648897 0.0649054
0.0652884 0.0652884 0.0653138
0.0643713 0.0643713 0.0643974
0.0654216 0.0654216 0.0654423
0.0658598 0.0658598 0.0658827
0.0654635 0.0654635 0.0655168
0.0654409 0.0654409 0.0654885
0.0649954 0.0649954 0.0650303
0.0641165 0.0641165 0.0641517
0.0641282 0.0641282 0.0641666
0.0639753 0.0639753 0.0640168
0.0644107 0.0644107 0.0644473
0.0650519 0.0650519 0.0650913
0.0656935 0.0656935 0.0657294
0.06482 0.06482 0.064855
0.0644412 0.0644412 0.0644801
0.0654198 0.0654198 0.0654455
0.0650598 0.0650598 0.0650878
0.0655228 0.0655228 0.0655433
0.0653058 0.0653058 0.0653392
0.0652921 0.0652921 0.0653253
0.0649593 0.0649593 0.0650144
0.0648473 0.0648473 0.0648969
0.0644762 0.0644762 0.0645167
0.0644686 0.0644686 0.0645134
0.0645456 0.0645456 0.0645901
0.0650472 0.0650472 0.0650941
0.0645708 0.0645708 0.0646215
0.0641099 0.0641099 0.0641488
0.0640431 0.0640431 0.0640802
0.0641854 0.0641854 0.0642335
0.0639052 0.0639052 0.0639467
0.0639195 0.0639195 0.0639608
0.0650472 0.0650472 0.0650889
0.0654796 0.0654796 0.0655148
0.0658894 0.0658894 0.0659235
0.0659139 0.0659139 0.0659479
0.0664806 0.0664806 0.0665154
0.0664747 0.0664747 0.0665095
0.0662162 0.0662162 0.0662524
0.0652877 0.0652877 0.0653305
0.0656426 0.0656426 0.0656796
0.0656361 0.0656361 0.0656732
0.0654007 0.0654007 0.0654396
0.065658 0.065658 0.0657026
0.0656519 0.0656519 0.0656939
0.0655463 0.0655463 0.0655883
0.0646124 0.0646124 0.0646597
0.0647951 0.0647951 0.06485
0.0647379 0.0647379 0.0647903
0.0651027 0.0651027 0.0651547
0.0663727 0.0663727 0.0664343
0.0663894 0.0663894 0.0664146
0.0661386 0.0661386 0.0661652
0.0659788 0.0659788 0.0660117
0.066485 0.0659842 0.0660172
0.0657874 0.066356 0.0656519
0.0742489 0.0739756 0.0733762
0.0730417 0.0730387 0.0723354
0.0690368 0.0690368 0.069161
0.0702775 0.0702775 0.0704104
0.0732153 0.0732153 0.0733239
0.0730597 0.0730597 0.073178
0.0696512 0.0696512 0.0696954
0.0704011 0.0704011 0.0704401
0.0657453 0.0657453 0.0657984
0.0679952 0.0679952 0.0680752
0.0684423 0.0684423 0.0685138
