89.8120284139
89.8139299591
89.7893210229
89.7910296856
89.7928579786
89.8035141012
89.7683112846
85.0998804815
82.9449008584
82.5452238892
82.5779856422
82.5856743833
82.5599021779
82.5531343234
82.5660905227
82.5972940415
82.6385886095
82.64657708
82.622997939
82.6105062561
82.594473114
80.4237797303
78.2088315927
75.5894082066
75.5522929229
75.5448348163
75.5430617992
75.5483811462
75.5485241284
75.5326146167
75.5890897307
75.5669242589
75.5819522603
75.5781424012
74.8914651756
71.4759133744
70.9943993734
69.8884145633
69.2187159064
68.8555821367
68.8103145978
68.7891496138
68.8493262682
68.8008668098
68.7900796461
68.8103732739
68.8968136048
68.9207013086
68.9259424671
68.9342950944
68.3285838093
67.6325031742
64.5948114444
64.1142679475
63.9171511374
63.0788504384
62.243791471
62.5291209099
62.1040071348
62.0819703968
62.0450856785
62.1150184618
62.2051262585
62.2278722178
62.2860001736
60.1486162186
60.0834113515
59.3255660875
58.335167779
58.3394712844
57.5818137472
57.3353406483
56.9331724936
56.4504821877
55.5471098182
55.661100314
55.5789611868
55.4770189357
55.5424043987
55.569964799
55.681254557
55.669293912
55.7223014422
55.7759659279
55.7818838049
52.5304446463
51.7723423245
51.5592226417
51.3297645813
50.8583532382
51.1176358209
50.6293943153
50.1704897872
49.7644105783
49.2874625537
49.2865235984
49.3210158791
49.3515581021
49.3955634185
49.4454043388
49.4556796112
49.568358975
49.5740478545
49.5834259231
49.6062937753
49.6108882309
47.8729258477
46.4077222994
46.6017602569
46.2331174547
46.0486577388
45.541220086
45.2455821031
44.3851920606
44.2113118845
44.3799997909
44.2340208179
44.1619851536
44.1821599444
44.2692000834
44.3909279344
44.4794833356
43.4438114814
42.4210660089
42.0810627553
41.1575377308
40.9177299534
39.9365513126
39.5168070461
39.2734020258
39.3174952531
38.6706254081
38.6364833048
38.7997352713
38.397348606
38.3972341181
37.6402367349
37.1510499036
37.1701631023
36.6904551813
36.6966638045
36.3344599005
36.4956747253
35.6499636878
34.8281312283
34.6737259739
34.5905436438
34.5085938809
34.2344876228
34.141759716
33.7051155228
33.6626313057
33.6281940609
33.6083343772
33.2958906129
33.0968711681
32.7124911003
33.0174384401
32.2909528491
32.142262936
32.3284253548
32.3403341725
31.8120521713
31.7389986971
31.4744361458
31.3683391584
31.0698279488
30.2399798407
30.7599356699
29.4862426541
28.9956044697
29.3010361057
28.8941332036
28.9049089882
28.881523216
28.8814976354
28.8427866449
28.8191461568
28.8066873621
28.364739394
28.5064089848
28.5392844727
28.2622622936
28.2911810587
28.1197879127
28.0597515873
28.0142964677
27.9407745325
28.0004970171
27.969850497
28.3322016369
28.1220486605
27.9572735181
28.045098708
27.9789773535
28.0760027841
28.007225274
28.0423903447
28.1552689666
28.1766683014
28.2218642083
28.0721145754
28.1517985795
28.13837447
28.161042079
28.0917253545
28.0838376673
28.0428536536
28.0452886177
28.084871513
28.1233517178
28.1268679361
28.3450952656
28.3879263731
28.3751873479
28.4018032594
28.4208837887
28.41200337
28.4064819681
28.0661859266
28.4354327142
28.3337099606
28.3049990631
28.3200307601
28.3265170612
28.3541631628
28.3333989333
28.3812085372
28.3996432084
28.4100742488
28.0360245768
28.0374242803
28.0507052466
28.3655980228
28.3535291657
28.3278146754
28.3263165224
27.9805933096
28.0120769246
28.0117107056
28.0246765137
28.0392334099
28.0370888647
28.0896036992
28.1104742181
27.9964189515
27.9909429941
27.9939772433
27.9801682034
27.8700480713
27.9080111606
27.941739395
27.9432537589
27.6690002173
27.6734756706
27.2554363891
27.2620926097
27.2897644107
27.2673362443
27.289211576
27.5511913556
27.5800182602
27.551219837
27.0902022156
27.0936549695
27.1180237394
27.1210322455
27.1856538277
27.1882030932
27.1487095959
27.1691393547
27.1341677959
27.1407897384
27.1403749668
27.1590119975
27.1764308874
27.2100774817
27.2126455074
27.2187830476
27.2137524935
27.2152744619
27.2259049298
27.2409171849
27.2650883632
27.2625693998
27.2534257283
27.249837994
27.2474769355
27.2345334559
27.2293855969
26.9050519806
26.8419566238
26.689263759
27.4054656194
27.2504463694
27.2147294752
27.2190560661
27.2215158402
27.2149148444
26.8998948603
26.9049646546
26.8402623201
26.8402805979
26.6723003386
26.6631516695
26.4156250147
27.2267395973
26.9240595784
26.824021297
26.8324730821
26.679525449
26.671627253
26.4305481133
26.4283927462
26.4320701452
26.4028164098
26.3975399569
26.3020117226
26.2995006594
26.3032599966
26.2755337771
26.2706439832
26.2295790185
26.2268398095
26.0306544474
26.0249191465
25.9904318966
25.9743057115
25.8054407409
25.8296196189
25.7983532956
25.7891071252
25.7572861807
25.752961538
25.7134078765
25.7101609911
25.6704146864
25.6579660091
25.6068290662
25.6038212756
25.580212466
25.5543955796
25.5535924057
25.291018046
25.2936949926
25.1812306303
25.1891297194
24.8918922893
24.6004533366
24.6028558056
24.568184542
