1.08881 1.08709 1.08549
1.0904 1.08222 1.08473
1.07503 1.06732 1.06891
1.0734 1.06306 1.06592
1.08141 1.07387 1.07382
1.06976 1.06795 1.07056
1.07579 1.06947 1.07094
1.08214 1.07098 1.07316
1.09222 1.07239 1.07463
1.07843 1.07957 1.08012
1.0801 1.07901 1.07955
1.08189 1.06904 1.07486
1.07227 1.0719 1.0753
1.0741 1.07651 1.08112
1.07476 1.08067 1.07835
1.06694 1.0751 1.07524
1.06191 1.06477 1.06533
1.06699 1.06749 1.06877
1.06739 1.06584 1.06811
1.06201 1.07012 1.0707
1.06287 1.06522 1.06982
1.06228 1.0651 1.06747
1.05831 1.06432 1.06451
1.05281 1.06429 1.06546
1.06241 1.0631 1.0669
1.06251 1.0601 1.06068
1.06536 1.07386 1.07196
1.07174 1.08774 1.08475
1.0727 1.08586 1.07452
1.0891 1.0914 1.09028
1.10188 1.10967 1.09945
1.09197 1.08962 1.08684
1.08497 1.08167 1.08152
1.08802 1.08509 1.08338
1.08293 1.09132 1.08819
1.08115 1.09769 1.09013
1.08127 1.09512 1.09202
1.07009 1.08196 1.082
1.09609 1.09924 1.10478
1.09157 1.12606 1.12516
1.09118 1.09879 1.09683
1.10271 1.11058 1.10897
1.09815 1.10312 1.10217
1.08986 1.09183 1.0894
1.07955 1.08625 1.08526
1.07751 1.0811 1.07694
1.07741 1.09162 1.08166
1.07773 1.09877 1.09804
1.09582 1.11257 1.10264
1.07526 1.10554 1.09429
1.09361 1.11535 1.11128
1.09313 1.12028 1.11623
1.06467 1.09098 1.08581
1.07183 1.09867 1.09213
1.0733 1.09941 1.09594
1.08222 1.07289 1.06583
1.06134 1.0762 1.07993
1.10234 1.08881 1.08309
1.09076 1.10217 1.11192
1.07638 1.09995 1.09747
1.1135 1.10327 1.09669
1.09598 1.11364 1.11938
1.08715 1.10575 1.11176
1.08834 1.11006 1.10874
1.07298 1.0871 1.07621
1.06941 1.09864 1.08758
1.06911 1.08708 1.08798
1.05879 1.07486 1.07119
1.08025 1.09881 1.09536
1.0884 1.10612 1.10369
1.08069 1.09347 1.08906
1.07533 1.0719 1.07049
1.11182 1.11907 1.11737
1.11288 1.13545 1.13607
1.11043 1.13084 1.1299
1.10676 1.12364 1.12406
1.10512 1.11432 1.10948
1.09253 1.11402 1.11209
1.09897 1.13291 1.12428
1.11089 1.10753 1.0972
1.10116 1.12893 1.12041
1.1043 1.1426 1.13057
1.11371 1.10506 1.10037
1.08725 1.1215 1.11405
1.10311 1.1358 1.12406
1.07849 1.11316 1.10282
1.10062 1.13766 1.12332
1.10613 1.14079 1.13038
1.07504 1.11648 1.1001
1.10389 1.13968 1.12865
1.11766 1.14125 1.13662
1.08639 1.12108 1.11368
1.1038 1.1412 1.13117
1.12025 1.14433 1.1393
1.09118 1.12443 1.11539
1.10877 1.13913 1.13095
1.11269 1.1405 1.13485
1.08138 1.1114 1.1044
1.09487 1.12952 1.11907
1.0991 1.13957 1.12347
1.06516 1.10264 1.09057
1.10164 1.12382 1.11334
1.09295 1.13459 1.11719
1.0603 1.09701 1.08556
1.12205 1.11703 1.10328
1.07996 1.1134 1.10426
1.06414 1.0889 1.07525
1.11135 1.10912 1.09999
1.07732 1.10505 1.10421
1.07258 1.07439 1.07188
1.06864 1.09136 1.08926
1.10085 1.11002 1.1064
1.12426 1.11518 1.11285
1.11578 1.14835 1.14903
1.12086 1.17052 1.16766
1.1245 1.15228 1.1496
1.10034 1.12885 1.12603
1.11462 1.14265 1.13377
1.13516 1.16286 1.15822
1.15157 1.18582 1.17669
1.17314 1.20543 1.1992
1.19069 1.22652 1.21418
1.21509 1.2449 1.23839
1.22903 1.26354 1.25452
1.2487 1.281 1.2776
1.266 1.30472 1.29399
1.29743 1.33166 1.32697
1.32147 1.3554 1.3528
1.34173 1.35455 1.37168
1.33339 1.34262 1.36148
1.31757 1.34125 1.34584
1.29085 1.32604 1.31645
1.29677 1.33498 1.32738
1.32618 1.35352 1.35116
1.33803 1.3482 1.36562
1.34929 1.35832 1.3749
1.3313 1.3432 1.36051
1.34297 1.34596 1.36819
1.34926 1.3569 1.37722
1.3349 1.3421 1.35885
1.34265 1.35235 1.3704
1.32738 1.33858 1.35612
1.33759 1.34773 1.36839
1.32378 1.36084 1.35039
1.33001 1.33953 1.35681
1.31786 1.34923 1.33989
1.32581 1.33493 1.34723
1.31727 1.34957 1.33983
1.34415 1.3517 1.36687
1.32246 1.34252 1.34424
1.32675 1.33264 1.35219
1.30444 1.33582 1.32973
1.31189 1.32716 1.33709
1.30968 1.34028 1.33247
1.31737 1.35123 1.34233
1.33854 1.34915 1.36423
1.3259 1.358 1.34887
1.32665 1.33552 1.35254
1.31271 1.34533 1.33436
1.31671 1.34936 1.34024
1.32343 1.35231 1.34735
1.34381 1.3421 1.363
1.34604 1.35788 1.37138
1.33497 1.34226 1.35639
1.3513 1.35232 1.34077
1.35533 1.34879 1.34658
1.34055 1.34324 1.35742
1.34385 1.34992 1.36461
1.35655 1.35463 1.34701
1.34783 1.35135 1.36613
1.35819 1.35217 1.34843
1.35472 1.35472 1.35689
1.35438 1.35438 1.3571
1.35795 1.35795 1.36029
1.35721 1.35721 1.35933
1.3609 1.3609 1.36321
1.3531 1.36083 1.3628
1.36411 1.35568 1.36632
1.36269 1.36422 1.35191
1.36476 1.36667 1.35456
1.36487 1.36698 1.37867
1.36428 1.36428 1.36644
1.35876 1.35675 1.36945
1.35205 1.35205 1.35414
1.35601 1.3481 1.35771
1.35572 1.36159 1.34441
1.36511 1.36492 1.34702
1.36623 1.35562 1.37784
1.36167 1.36753 1.38128
1.34399 1.3502 1.3632
1.33257 1.33731 1.34641
1.33455 1.33237 1.32769
1.33797 1.34474 1.33107
1.34162 1.33956 1.35611
1.34185 1.34344 1.35959
1.34611 1.34953 1.33777
1.34865 1.35498 1.34037
1.35111 1.35339 1.36731
1.35768 1.3587 1.34971
1.35816 1.36104 1.35208
1.35433 1.35656 1.36829
1.35671 1.36004 1.37271
1.34368 1.34387 1.35743
1.35738 1.35738 1.35912
1.34857 1.34673 1.35809
1.34908 1.3488 1.36069
1.34474 1.3573 1.3447
1.34955 1.35333 1.36642
1.35719 1.35672 1.37006
1.35551 1.364 1.3515
1.3719 1.36768 1.35334
1.3602 1.36789 1.37852
1.36582 1.37306 1.38311
1.37067 1.37067 1.37187
1.37329 1.37329 1.37503
1.3731 1.3731 1.37451
1.37324 1.37324 1.37467
1.37342 1.37342 1.37491
1.36505 1.37606 1.37738
1.37596 1.37596 1.37738
1.36979 1.37032 1.38035
1.36333 1.36333 1.36459
1.36304 1.36304 1.3646
1.36306 1.36306 1.36447
1.36567 1.36567 1.3672
1.36667 1.36667 1.36813
1.36948 1.36948 1.37082
1.36982 1.36982 1.37098
1.37212 1.37212 1.37375
1.37241 1.37241 1.37392
1.37272 1.37272 1.3741
1.37516 1.37516 1.37637
1.37526 1.37526 1.37663
1.37742 1.36846 1.3792
1.36234 1.36234 1.36353
1.36318 1.36318 1.36426
1.36342 1.36342 1.36472
1.36644 1.36644 1.36755
1.36663 1.36663 1.36777
1.36921 1.36921 1.3701
1.36869 1.36869 1.37045
1.36946 1.36946 1.37088
1.37162 1.37162 1.37245
1.37215 1.37215 1.37338
1.37403 1.37403 1.37505
1.37437 1.36562 1.37542
1.36084 1.36084 1.36155
1.36164 1.36164 1.36246
1.36195 1.36195 1.36283
1.36188 1.36188 1.3629
1.36408 1.36408 1.36487
1.36453 1.36453 1.36532
1.36665 1.36665 1.3675
1.36716 1.36716 1.36801
1.36893 1.36893 1.36976
1.36969 1.36969 1.37052
1.37199 1.37199 1.37276
1.36314 1.37253 1.37324
1.37384 1.37384 1.37449
1.36595 1.37439 1.37523
1.36664 1.3674 1.37687
1.36197 1.36197 1.36294
1.36285 1.36285 1.3638
1.36251 1.36251 1.36326
1.36399 1.36399 1.36474
1.3644 1.3644 1.36527
1.36617 1.36617 1.36729
1.36683 1.36683 1.36757
1.36839 1.36839 1.36893
1.36893 1.36893 1.3694
1.37014 1.37014 1.37061
1.37112 1.37112 1.37169
1.37103 1.37103 1.37147
1.37232 1.37232 1.37281
1.37288 1.37288 1.37329
1.37418 1.37418 1.37489
1.37459 1.37459 1.3751
1.37606 1.37606 1.37661
1.37653 1.37653 1.37709
1.37618 1.37618 1.37686
1.36856 1.37605 1.37676
1.36798 1.36791 1.37663
1.37765 1.37765 1.37869
1.3697 1.36904 1.38008
1.36555 1.36555 1.36636
1.36768 1.36768 1.36872
1.36775 1.36775 1.36879
1.36991 1.36991 1.3708
1.36907 1.36907 1.37014
1.3705 1.3705 1.37163
1.37119 1.37119 1.37211
1.37316 1.37316 1.3742
1.3733 1.3733 1.37428
1.37525 1.36603 1.37593
1.3607 1.3607 1.36195
1.36099 1.36099 1.36242
1.36137 1.36137 1.36253
1.36363 1.36363 1.36466
1.36389 1.36389 1.36526
1.36581 1.36581 1.36711
1.36603 1.36603 1.36764
1.36581 1.36581 1.36772
1.36839 1.36839 1.36984
1.36888 1.36888 1.37017
1.36142 1.37123 1.3722
1.36369 1.37139 1.37243
1.37358 1.36464 1.37467
1.3586 1.3586 1.35993
1.35896 1.35896 1.36049
1.36135 1.36135 1.36274
1.36199 1.36199 1.3636
1.3648 1.3648 1.36568
1.36438 1.36438 1.36562
1.36682 1.36682 1.36789
1.36684 1.36684 1.36796
1.36689 1.36689 1.36805
1.36941 1.36941 1.37037
1.36964 1.36964 1.37061
1.37181 1.37181 1.37297
1.37224 1.37224 1.37326
1.37282 1.37282 1.37399
1.37426 1.37426 1.37522
1.37425 1.37425 1.37518
1.37632 1.37632 1.37725
1.37676 1.37676 1.37767
1.37881 1.37881 1.3798
1.37907 1.37907 1.38009
1.38129 1.38129 1.38145
1.38157 1.38157 1.38187
1.38377 1.38377 1.38435
1.38384 1.38384 1.38473
1.38537 1.38537 1.38638
1.38561 1.38561 1.38665
1.38739 1.38739 1.38854
1.38749 1.38749 1.38861
1.38937 1.38937 1.39051
1.38941 1.38941 1.39057
1.39138 1.39138 1.3926
1.39143 1.39143 1.39251
1.39367 1.39367 1.39472
1.39407 1.39407 1.39494
1.39421 1.39421 1.39524
1.39631 1.39631 1.39716
1.39649 1.39649 1.39738
1.39805 1.39805 1.3993
1.39806 1.39806 1.39926
1.40116 1.40116 1.4022
1.4006 1.4006 1.40175
1.403 1.403 1.40369
1.40672 1.40672 1.40719
1.40866 1.40866 1.40906
