1.08269 1.08365 1.08549
1.08367 1.07632 1.07856
1.07241 1.06715 1.06893
1.0737 1.06389 1.06461
1.10351 1.08343 1.0806
1.07473 1.10094 1.08834
1.0725 1.08714 1.08898
1.08294 1.08247 1.07158
1.0996 1.0968 1.0937
1.09286 1.09456 1.09151
1.08574 1.09797 1.09677
1.08943 1.10154 1.0952
1.07655 1.09356 1.08817
1.07815 1.07651 1.077
1.08929 1.0744 1.0754
1.08352 1.0711 1.07371
1.0756 1.08294 1.08789
1.06779 1.08435 1.07612
1.06591 1.07835 1.07251
1.06615 1.06482 1.06732
1.06668 1.06229 1.06436
1.06819 1.06261 1.06454
1.0955 1.07178 1.07411
1.08289 1.06812 1.06915
1.05467 1.06674 1.07212
1.05038 1.04899 1.04927
1.05751 1.05389 1.0532
1.06363 1.06703 1.06671
1.05576 1.0852 1.08218
1.09429 1.09545 1.09208
1.09017 1.09489 1.09211
1.11692 1.09632 1.09771
1.11628 1.10296 1.09716
1.11648 1.0914 1.0949
1.14384 1.12265 1.11969
1.1069 1.12223 1.12303
1.10388 1.12189 1.12264
1.10908 1.09275 1.0956
1.10256 1.09245 1.08884
1.09871 1.0966 1.09781
1.12273 1.12108 1.11678
1.09467 1.10853 1.10892
1.10303 1.12286 1.12274
1.09615 1.09177 1.0899
1.09782 1.10384 1.10142
1.10471 1.09886 1.09858
1.09647 1.11524 1.11536
1.10065 1.12373 1.12008
1.11055 1.12785 1.1262
1.08923 1.10411 1.10529
1.08713 1.10185 1.10345
1.12553 1.11008 1.10773
1.12031 1.14289 1.13628
1.12446 1.14832 1.1471
1.12873 1.15378 1.14903
1.0994 1.12988 1.12034
1.10925 1.13131 1.12949
1.15769 1.13295 1.13165
1.14909 1.17349 1.16935
1.15166 1.17401 1.17305
1.15131 1.17165 1.17526
1.11715 1.14695 1.14325
1.12422 1.15122 1.14655
1.12796 1.14949 1.14675
1.09834 1.11587 1.12011
1.12371 1.11436 1.10837
1.08275 1.11325 1.10366
1.09816 1.07975 1.07389
1.09725 1.08903 1.08391
1.10274 1.1 1.08932
1.08756 1.11352 1.11113
1.0964 1.12184 1.11474
1.13216 1.11774 1.11711
1.13441 1.14081 1.14007
1.15445 1.13543 1.13842
1.12723 1.14151 1.14238
1.14421 1.13291 1.12461
1.14904 1.13902 1.14307
1.12957 1.14939 1.15152
1.10259 1.12932 1.12639
1.11521 1.14154 1.13925
1.16269 1.15053 1.14944
1.15289 1.18798 1.17747
1.17766 1.1998 1.20068
1.18385 1.20613 1.20578
1.15345 1.17563 1.17419
1.15366 1.18336 1.17602
1.15767 1.18424 1.18133
1.13028 1.16229 1.15054
1.14781 1.17771 1.17149
1.16259 1.1896 1.177
1.1335 1.14888 1.15817
1.12394 1.1571 1.14908
1.13084 1.16849 1.15507
1.13638 1.12788 1.12502
1.11115 1.14538 1.1373
1.1254 1.15394 1.14519
1.13462 1.12647 1.11995
1.15034 1.14664 1.13455
1.11886 1.14824 1.13984
1.08651 1.11336 1.11214
1.09779 1.11871 1.11816
1.13427 1.12821 1.12207
1.15652 1.14273 1.14143
1.12294 1.14921 1.14662
1.12683 1.14922 1.1514
1.09785 1.1258 1.1217
1.10619 1.13576 1.13169
1.11519 1.14585 1.13623
1.12857 1.12081 1.11071
1.14424 1.13915 1.1299
1.12413 1.15063 1.15607
1.12691 1.13484 1.13313
1.14152 1.15153 1.14628
1.13996 1.15082 1.14817
1.1651 1.15792 1.14903
1.16813 1.19359 1.18393
1.17584 1.19777 1.19796
1.18299 1.20987 1.20824
1.19237 1.22309 1.21708
1.20604 1.23229 1.23445
1.21882 1.24084 1.24105
1.22222 1.24644 1.25255
1.22709 1.26247 1.2545
1.24613 1.27796 1.27764
1.25975 1.29238 1.28906
1.27592 1.30549 1.30441
1.2904 1.31466 1.31718
1.30184 1.32763 1.32587
1.30852 1.34493 1.34027
1.33303 1.36224 1.35623
1.30603 1.34118 1.33279
1.31497 1.34222 1.34048
1.32757 1.3349 1.35442
1.31476 1.34575 1.33468
1.3318 1.34155 1.35744
1.31561 1.35193 1.34346
1.33689 1.34701 1.36146
1.3209 1.35155 1.34546
1.32579 1.33481 1.35039
1.30421 1.34184 1.33367
1.32931 1.33604 1.34878
1.33683 1.34555 1.35915
1.32695 1.35961 1.34953
1.33582 1.34457 1.35928
1.32528 1.35149 1.34434
1.32547 1.33478 1.35028
1.31037 1.34481 1.33458
1.33592 1.34375 1.3584
1.30621 1.34212 1.33327
1.3161 1.34781 1.341
1.33584 1.33796 1.35968
1.34193 1.35534 1.36784
1.3492 1.35487 1.37385
1.32521 1.34674 1.3491
1.32784 1.35614 1.34937
1.33148 1.36819 1.35498
1.36067 1.36693 1.38066
1.37135 1.37241 1.38664
1.35836 1.35333 1.36867
1.35746 1.36266 1.37235
1.35041 1.35006 1.36103
1.35917 1.35566 1.34701
1.35864 1.36368 1.35046
1.36022 1.36545 1.37661
1.36558 1.36755 1.38078
1.35197 1.35446 1.36454
1.35545 1.35584 1.36736
1.35257 1.35257 1.35363
1.35308 1.35308 1.35422
1.3533 1.3533 1.3544
1.35527 1.35527 1.35705
1.35552 1.34582 1.35706
1.35008 1.35863 1.35997
1.35901 1.35901 1.36036
1.36175 1.35376 1.36313
1.3603 1.35675 1.34995
1.36337 1.36337 1.36526
1.3585 1.36047 1.37003
1.35358 1.35358 1.3554
1.35504 1.35504 1.35648
1.35495 1.35495 1.35638
1.35548 1.35548 1.35698
1.35868 1.35868 1.36018
1.35896 1.35896 1.36051
1.36195 1.36195 1.36331
1.36231 1.36231 1.36371
1.36525 1.36525 1.36651
1.36552 1.36552 1.36693
1.36554 1.36554 1.36695
1.36814 1.36814 1.36948
1.36844 1.36844 1.37006
1.36856 1.36856 1.37014
1.37162 1.37162 1.37311
1.37187 1.37187 1.37352
1.37199 1.37199 1.37361
1.37506 1.37506 1.37661
1.37542 1.37542 1.37692
1.37848 1.37848 1.3803
1.37883 1.37883 1.38062
1.38211 1.38211 1.38375
1.38252 1.38252 1.38417
1.38259 1.38259 1.3842
1.38552 1.38552 1.38694
1.38592 1.38592 1.38731
1.3886 1.3886 1.39015
1.38883 1.38883 1.39049
1.39181 1.39181 1.39309
1.39207 1.39207 1.39356
1.39489 1.39489 1.39642
1.39513 1.39513 1.39682
1.39521 1.39521 1.39682
1.39796 1.39796 1.39974
1.39827 1.39827 1.40018
1.40167 1.40167 1.40345
1.40204 1.40204 1.40366
1.40194 1.40194 1.40357
1.40506 1.40506 1.40709
1.40542 1.40542 1.40717
1.40546 1.40546 1.40719
1.40904 1.40904 1.41071
1.40929 1.40929 1.41096
1.41281 1.41281 1.41442
1.41303 1.41303 1.41491
1.41385 1.41385 1.41569
1.41732 1.41732 1.41889
1.41945 1.41945 1.42108
1.41948 1.41948 1.42076
1.42194 1.42194 1.42283
1.42259 1.42259 1.42371
1.42468 1.42468 1.42544
1.42506 1.42506 1.42617
1.42505 1.42505 1.42605
1.42707 1.42707 1.42766
1.42762 1.42762 1.42822
1.42863 1.42863 1.4291
1.42906 1.42906 1.42944
1.43062 1.43062 1.43107
1.43129 1.43129 1.43171
1.4324 1.4324 1.43208
1.43258 1.43258 1.43389
1.43285 1.43285 1.43249
1.43319 1.43319 1.43347
1.43186 1.43186 1.43194
1.43437 1.43437 1.43455
1.43378 1.43378 1.43297
1.4333 1.4333 1.43289
1.43482 1.43482 1.43453
1.4344 1.4344 1.43366
1.4336 1.4336 1.43445
1.43533 1.43533 1.43562
1.43524 1.43524 1.4352
1.43688 1.43688 1.43635
1.43761 1.43761 1.438
1.43748 1.43748 1.43787
1.43899 1.43899 1.43918
1.43946 1.43946 1.43934
1.4407 1.4407 1.44098
1.44182 1.44182 1.44225
1.44415 1.44415 1.44449
1.44519 1.44519 1.44555
1.44609 1.44609 1.44654
1.44825 1.44825 1.449
1.44868 1.44868 1.44933
1.45114 1.45114 1.45177
1.4523 1.4523 1.45308
1.4529 1.4529 1.45371
1.45515 1.45515 1.45581
1.45494 1.45494 1.45677
1.45865 1.45865 1.45909
1.4586 1.4586 1.4601
1.46177 1.46177 1.46228
1.46163 1.46163 1.46305
1.4616 1.4616 1.46255
1.46393 1.46393 1.46447
1.46419 1.46419 1.46481
1.46651 1.46651 1.46698
1.46724 1.46724 1.46782
1.46751 1.46751 1.46807
1.46758 1.46758 1.46815
1.46934 1.46934 1.46986
1.46996 1.46996 1.47053
1.47218 1.47218 1.47275
1.47294 1.47294 1.47338
1.47514 1.47514 1.47563
1.47581 1.47581 1.47624
1.47797 1.47797 1.47865
1.48092 1.48092 1.48169
1.48194 1.48194 1.4827
1.48448 1.48448 1.48493
1.48512 1.48512 1.48579
1.48533 1.48533 1.48597
1.48736 1.48736 1.48823
1.48813 1.48813 1.48893
1.49074 1.49074 1.49181
1.49201 1.49201 1.49239
1.49226 1.49226 1.49257
1.4933 1.4933 1.4942
1.49381 1.49381 1.49477
1.49625 1.49625 1.49787
1.49505 1.49505 1.4966
1.49768 1.49768 1.49902
1.49823 1.49823 1.49938
1.49822 1.49822 1.4994
1.50065 1.50065 1.50191
1.50128 1.50128 1.50234
1.50363 1.50363 1.50524
1.50425 1.50425 1.5057
1.5067 1.5067 1.50842
1.50732 1.50732 1.50891
1.51027 1.51027 1.51147
1.5111 1.5111 1.51222
1.5114 1.5114 1.51259
1.51349 1.51349 1.51463
1.51435 1.51435 1.51543
1.51431 1.51431 1.51551
1.5166 1.5166 1.51749
1.51705 1.51705 1.51809
1.51959 1.51959 1.52087
1.5203 1.5203 1.52156
1.52053 1.52053 1.52168
1.52282 1.52282 1.52395
1.52356 1.52356 1.52451
1.52602 1.52602 1.52682
1.52655 1.52655 1.5275
1.52648 1.52648 1.52757
1.52856 1.52856 1.52911
1.52894 1.52894 1.52995
1.5307 1.5307 1.53121
1.53061 1.53061 1.53151
1.53263 1.53263 1.5342
1.53309 1.53309 1.53454
1.53535 1.53535 1.5368
1.53572 1.53572 1.53721
1.53784 1.53784 1.53891
1.53817 1.53817 1.53923
1.53959 1.53959 1.54041
1.53985 1.53985 1.54089
1.54002 1.54002 1.54081
1.54134 1.54134 1.54232
1.54165 1.54165 1.54259
1.54312 1.54312 1.54396
1.54307 1.54307 1.54425
1.54318 1.54318 1.54423
1.54437 1.54437 1.54552
1.54473 1.54473 1.54575
1.54474 1.54474 1.5458
1.54608 1.54608 1.54709
1.54633 1.54633 1.54731
1.54752 1.54752 1.54848
1.54759 1.54759 1.54858
