-0.0465768613191 -nan -nan
-0.0465768613191 -0.0128482493171 -nan
-0.0465768613191 -0.0128482493171 -0.0192692842075
-0.00341038565279 -0.0128482493171 -0.0192692842075
-0.00341038565279 -0.077643916949 -0.0192692842075
-0.00341038565279 -0.077643916949 -0.0236318503026
-0.0141865280402 -0.077643916949 -0.0236318503026
-0.0141865280402 -0.0472065759488 -0.0236318503026
-0.0141865280402 -0.0472065759488 1.03935295542
0.107962980485 -0.0472065759488 1.03935295542
0.107962980485 0.656058909855 1.03935295542
0.107962980485 0.656058909855 0.982383116368
0.0866291021149 0.656058909855 0.982383116368
0.0866291021149 0.531021015778 0.982383116368
0.0866291021149 0.531021015778 0.781263432994
0.0741984940791 0.531021015778 0.781263432994
0.0741984940791 0.441085360239 0.781263432994
0.0741984940791 0.441085360239 0.650595875831
0.0636343151792 0.441085360239 0.650595875831
0.0636343151792 0.372824905734 0.650595875831
0.0636343151792 0.372824905734 0.557246044469
0.0554494881288 0.372824905734 0.557246044469
0.0554494881288 0.325213007257 0.557246044469
0.0554494881288 0.325213007257 0.489450478537
0.0512785154045 0.325213007257 0.489450478537
0.0512785154045 0.407677322724 0.489450478537
0.0512785154045 0.407677322724 0.961653527576
0.0402361248181 0.407677322724 0.961653527576
0.0402361248181 0.457107040016 0.961653527576
0.0402361248181 0.457107040016 0.90272190114
0.0357186400342 0.457107040016 0.90272190114
0.0357186400342 0.417066536763 0.90272190114
0.0357186400342 0.417066536763 0.821659713429
0.0325699601045 0.417066536763 0.821659713429
0.0325699601045 0.381077870742 0.821659713429
0.0325699601045 0.381077870742 0.751238285008
0.0324780679415 0.381077870742 0.751238285008
0.0324780679415 0.349867608592 0.751238285008
0.0324780679415 0.349867608592 0.688659902453
0.031673158194 0.349867608592 0.688659902453
0.031673158194 0.323977652465 0.688659902453
0.031673158194 0.323977652465 0.640795056216
0.0297741168135 0.323977652465 0.640795056216
0.0297741168135 0.302351420508 0.640795056216
0.0297741168135 0.302351420508 0.598679056585
0.230285224614 0.302351420508 0.598679056585
0.230285224614 0.422728165285 0.598679056585
0.230285224614 0.422728165285 0.647794254512
0.217228710209 0.422728165285 0.647794254512
0.217228710209 0.398050924495 0.647794254512
0.217228710209 0.398050924495 0.60996704227
0.204918128845 0.398050924495 0.60996704227
0.204918128845 0.375651485545 0.60996704227
0.204918128845 0.375651485545 0.575595737548
0.194318133677 0.375651485545 0.575595737548
0.194318133677 0.354847231336 0.575595737548
0.194318133677 0.354847231336 0.544273244027
0.183855831158 0.354847231336 0.544273244027
0.183855831158 0.337259982166 0.544273244027
0.183855831158 0.337259982166 0.517500700283
0.175219198965 0.337259982166 0.517500700283
0.175219198965 0.321458342662 0.517500700283
0.175219198965 0.321458342662 0.49258846104
0.167605478175 0.321458342662 0.49258846104
0.167605478175 0.570932102967 0.49258846104
0.167605478175 0.570932102967 0.508086395227
0.1596376226 0.570932102967 0.508086395227
0.1596376226 0.54830666276 0.508086395227
0.1596376226 0.54830666276 0.48645202017
0.153076089178 0.54830666276 0.48645202017
0.153076089178 0.525948349545 0.48645202017
0.153076089178 0.525948349545 0.465969241886
0.14694368898 0.525948349545 0.465969241886
0.14694368898 0.503061741259 0.465969241886
0.14694368898 0.503061741259 0.446628553392
0.142746017681 0.503061741259 0.446628553392
0.142746017681 0.482726327586 0.446628553392
0.142746017681 0.482726327586 0.429603495013
0.137755358759 0.482726327586 0.429603495013
0.137755358759 0.465483454258 0.429603495013
0.137755358759 0.465483454258 0.413473442509
0.133135730628 0.465483454258 0.413473442509
0.133135730628 0.517591094588 0.413473442509
0.133135730628 0.517591094588 0.488967642479
0.128964642471 0.517591094588 0.488967642479
0.128964642471 0.521750559192 0.488967642479
0.128964642471 0.521750559192 0.521838535343
0.124117274886 0.521750559192 0.521838535343
0.124117274886 0.506348964803 0.521838535343
0.124117274886 0.506348964803 0.506473479021
0.115166928269 0.506348964803 0.506473479021
0.115166928269 0.492143889193 0.506473479021
0.115166928269 0.492143889193 0.492611563952
0.110258114231 0.492143889193 0.492611563952
0.110258114231 0.478283525481 0.492611563952
0.110258114231 0.478283525481 0.476764287997
0.10495914414 0.478283525481 0.476764287997
0.10495914414 0.464747323145 0.476764287997
0.10495914414 0.464747323145 0.460238680482
0.099436779783 0.464747323145 0.460238680482
0.099436779783 0.480533598665 0.460238680482
0.099436779783 0.480533598665 0.489620988574
0.0965545928153 0.480533598665 0.489620988574
0.0965545928153 0.512002607599 0.489620988574
0.0965545928153 0.512002607599 0.525781712494
0.10644908002 0.512002607599 0.525781712494
0.10644908002 0.499304845247 0.525781712494
0.10644908002 0.499304845247 0.513097801726
0.102386988311 0.499304845247 0.513097801726
0.102386988311 0.487482353798 0.513097801726
0.102386988311 0.487482353798 0.501062139949
0.0979575761693 0.487482353798 0.501062139949
0.0979575761693 0.476035994697 0.501062139949
0.0979575761693 0.476035994697 0.487311223242
0.0979575761693 0.461904972667 0.487311223242
0.0949628906576 0.461904972667 0.487311223242
0.0949628906576 0.461904972667 0.474863543023
0.0949628906576 0.448349685609 0.474863543023
0.0949628906576 0.436830277557 0.474863543023
0.0949628906576 0.470070101615 0.474863543023
0.0949628906576 0.47248581325 0.474863543023
0.0949628906576 0.481129322795 0.474863543023
0.0949628906576 0.481129322795 0.484294353123
0.0949628906576 0.477530862084 0.484294353123
0.0949628906576 0.477530862084 0.483198853601
0.0949628906576 0.477574879527 0.483198853601
0.0949628906576 0.477574879527 0.472556067465
0.0949628906576 0.466812086185 0.472556067465
0.0949628906576 0.466812086185 0.45920362574
0.0949628906576 0.453756687201 0.45920362574
0.0935624568717 0.453756687201 0.45920362574
0.0935624568717 0.453756687201 0.44817374839
0.0935624568717 0.466853571155 0.44817374839
0.0935624568717 0.481512543119 0.44817374839
0.0935624568717 0.479808068198 0.44817374839
0.0935624568717 0.479808068198 0.443949166018
0.0935624568717 0.480872823517 0.443949166018
0.0935624568717 0.480872823517 0.441798010373
0.0935624568717 0.480155924772 0.441798010373
0.0935624568717 0.480155924772 0.445690328413
0.0935624568717 0.488574941311 0.445690328413
0.0935624568717 0.479153248848 0.445690328413
0.0935624568717 0.479153248848 0.435632292726
0.0935624568717 0.468511882867 0.435632292726
0.0935624568717 0.468511882867 0.436066938344
0.0935624568717 0.460178577036 0.436066938344
0.0935624568717 0.460178577036 0.439093331162
0.0935624568717 0.458486241797 0.439093331162
0.0758590342193 0.458486241797 0.439093331162
0.0758590342193 0.458486241797 0.443321079405
0.0758590342193 0.458486241797 0.443837102914
0.0758590342193 0.455867107713 0.443837102914
0.0758590342193 0.455867107713 0.441877776633
0.0758590342193 0.456997953042 0.441877776633
0.0758590342193 0.463303220097 0.441877776633
0.0758590342193 0.463303220097 0.437441865673
0.0758590342193 0.460953149859 0.437441865673
0.0758590342193 0.460953149859 0.431600216209
0.0758590342193 0.460456836934 0.431600216209
0.0758590342193 0.454876877921 0.431600216209
0.0758590342193 0.454876877921 0.431539279174
0.0758590342193 0.448310908759 0.431539279174
0.0758590342193 0.448310908759 0.424415415407
0.0758590342193 0.438520023813 0.424415415407
0.0758590342193 0.438520023813 0.427662369529
0.0758590342193 0.438520023813 0.423597524208
0.0758590342193 0.433613314176 0.423597524208
0.0758590342193 0.431000417776 0.423597524208
0.0745483853001 0.431000417776 0.423597524208
0.0745483853001 0.431000417776 0.423074591019
0.0745483853001 0.420402536216 0.423074591019
0.0745483853001 0.420402536216 0.416345016831
0.0745483853001 0.415293367171 0.416345016831
0.0745483853001 0.415293367171 0.41563151684
0.0745483853001 0.405161329584 0.41563151684
0.0745483853001 0.405161329584 0.414507381038
0.0745483853001 0.405161329584 0.408606934809
0.0745483853001 0.411170717365 0.408606934809
0.0745483853001 0.402287383105 0.408606934809
0.0745483853001 0.402287383105 0.40676127163
0.0745483853001 0.40056447353 0.40676127163
0.0745483853001 0.40056447353 0.408217761877
0.0745483853001 0.398526488778 0.408217761877
0.0745483853001 0.398526488778 0.41028723026
0.0745483853001 0.380802551933 0.41028723026
0.0745483853001 0.380802551933 0.413933056973
0.0745483853001 0.380802551933 0.407581782743
0.0745483853001 0.378707911405 0.407581782743
0.0745483853001 0.377222792441 0.407581782743
0.0745483853001 0.377222792441 0.401749108613
0.0676810727867 0.377222792441 0.401749108613
0.0676810727867 0.375482500587 0.401749108613
0.0676810727867 0.375482500587 0.398877665658
0.0676810727867 0.372608008938 0.398877665658
0.0676810727867 0.372608008938 0.392914780889
0.0676810727867 0.367999471944 0.392914780889
0.0676810727867 0.367999471944 0.388049260034
0.0676810727867 0.360168985143 0.388049260034
0.0676810727867 0.360168985143 0.383891871547
0.0676810727867 0.358704490468 0.383891871547
0.0676810727867 0.358704490468 0.378973701096
0.0676810727867 0.355625238972 0.378973701096
0.0676810727867 0.351312043397 0.378973701096
0.0676810727867 0.351312043397 0.372113695996
0.0676810727867 0.345621620577 0.372113695996
0.0676810727867 0.345621620577 0.367110449509
0.0676810727867 0.343940987129 0.367110449509
0.0676810727867 0.343940987129 0.362174316034
0.0676810727867 0.343050268814 0.362174316034
0.0676810727867 0.343050268814 0.353922610393
0.0676810727867 0.339461364422 0.353922610393
0.0676810727867 0.339461364422 0.349395517876
0.0676810727867 0.336015348055 0.349395517876
0.0676810727867 0.336015348055 0.348172930329
0.0676810727867 0.332283296652 0.348172930329
0.0661037411743 0.332283296652 0.348172930329
0.0661037411743 0.332283296652 0.344290941811
0.0661037411743 0.324641467998 0.344290941811
0.0661037411743 0.324641467998 0.340799560209
0.0661037411743 0.321593314759 0.340799560209
0.0661037411743 0.321593314759 0.336924712876
0.0661037411743 0.318265446347 0.336924712876
0.0661037411743 0.314887023175 0.336924712876
0.0661037411743 0.314887023175 0.33300138183
0.0661037411743 0.311633747134 0.33300138183
0.0661037411743 0.311633747134 0.329197845683
0.0661037411743 0.308350489303 0.329197845683
0.0661037411743 0.308350489303 0.326294747904
0.0661037411743 0.304181483136 0.326294747904
0.0661037411743 0.304181483136 0.322030631833
0.0661037411743 0.300680183802 0.322030631833
0.0661037411743 0.300680183802 0.318593886419
0.0661037411743 0.296655235778 0.318593886419
0.0661037411743 0.296655235778 0.315130324255
0.0661037411743 0.293862999525 0.315130324255
0.0661037411743 0.293862999525 0.311687755451
0.0661037411743 0.294934221527 0.311687755451
0.0661037411743 0.294934221527 0.30808868167
0.0661037411743 0.292258861708 0.30808868167
0.0661037411743 0.288972126972 0.30808868167
0.0661037411743 0.288972126972 0.304355451062
0.0661037411743 0.290173531996 0.304355451062
0.0661037411743 0.290173531996 0.301100065501
0.0661037411743 0.286512839247 0.301100065501
0.0640528934056 0.286512839247 0.301100065501
0.0640528934056 0.286512839247 0.297588259181
0.0640528934056 0.284793014826 0.297588259181
0.0640528934056 0.284793014826 0.294528136219
0.0640528934056 0.281629761044 0.294528136219
0.0640528934056 0.281629761044 0.290574509911
0.0640528934056 0.278844089545 0.290574509911
0.0640528934056 0.277091017431 0.290574509911
0.0640528934056 0.277091017431 0.287495004928
0.0640528934056 0.274450732095 0.287495004928
0.0640528934056 0.274450732095 0.284016195458
0.0640528934056 0.273019127968 0.284016195458
0.0640528934056 0.273019127968 0.281258531878
0.0640528934056 0.270844928936 0.281258531878
0.0640528934056 0.270844928936 0.278328244303
0.0640528934056 0.268122575253 0.278328244303
0.0640528934056 0.268122575253 0.278574808946
0.0640528934056 0.265617966428 0.278574808946
0.0640528934056 0.265617966428 0.275534771471
0.0640528934056 0.263294782345 0.275534771471
0.0640528934056 0.263294782345 0.27381321633
0.0640528934056 0.261038727265 0.27381321633
0.0640528934056 0.261038727265 0.270448708441
0.0640528934056 0.258784964373 0.270448708441
0.0640528934056 0.258784964373 0.270723705607
0.0640528934056 0.256445015361 0.270723705607
0.0640528934056 0.256445015361 0.269205529553
0.0640528934056 0.254143117316 0.269205529553
0.0640528934056 0.254143117316 0.267787355344
0.0640528934056 0.252091245565 0.267787355344
0.0640528934056 0.252091245565 0.265287182773
0.0640528934056 0.252652298719 0.265287182773
0.0640528934056 0.252652298719 0.262623920506
0.0621288611724 0.252652298719 0.262623920506
0.0621288611724 0.250447839788 0.262623920506
0.0621288611724 0.244962472025 0.262623920506
0.0621288611724 0.244962472025 0.260458538114
0.0621288611724 0.244962472025 0.259496276245
0.0621288611724 0.242796403875 0.259496276245
0.0621288611724 0.242796403875 0.257126202081
0.0621288611724 0.240905686597 0.257126202081
0.0621288611724 0.240905686597 0.257571153072
0.0621288611724 0.238843832233 0.257571153072
0.0621288611724 0.238843832233 0.254994995391
0.0621288611724 0.239333313769 0.254994995391
0.0621288611724 0.237412734272 0.254994995391
0.0621288611724 0.237412734272 0.253208745103
0.0621288611724 0.235620097288 0.253208745103
0.0621288611724 0.235620097288 0.251599744695
0.0621288611724 0.233709220288 0.251599744695
0.0621288611724 0.233709220288 0.248779883511
0.0621288611724 0.231957801672 0.248779883511
0.0621288611724 0.231957801672 0.246947551553
0.0621288611724 0.230236024095 0.246947551553
0.0621288611724 0.230236024095 0.245136693605
0.0621288611724 0.22857123819 0.245136693605
0.0621288611724 0.22857123819 0.243281282962
0.0621288611724 0.22693035765 0.243281282962
0.0621288611724 0.22693035765 0.242653884394
0.0621288611724 0.225264082817 0.242653884394
0.0621288611724 0.225264082817 0.240970673152
0.0621288611724 0.223693085944 0.240970673152
0.0621288611724 0.223693085944 0.239324641909
0.0621288611724 0.221954906144 0.239324641909
0.0621288611724 0.221954906144 0.238055142115
0.0621288611724 0.220120405718 0.238055142115
0.0621288611724 0.220120405718 0.236458022752
0.0621288611724 0.218913053756 0.236458022752
0.0597691090722 0.218913053756 0.236458022752
0.0597691090722 0.218913053756 0.233950529721
0.0597691090722 0.217973225221 0.233950529721
0.0597691090722 0.216203432729 0.233950529721
0.0597691090722 0.216203432729 0.234175720765
0.0597691090722 0.216203432729 0.234517161186
0.0597691090722 0.214701160025 0.234517161186
0.0597691090722 0.214701160025 0.233071683321
0.0586611682741 0.214701160025 0.233071683321
0.0586611682741 0.212802571509 0.233071683321
0.0586611682741 0.212802571509 0.236684955206
0.0586611682741 0.212802571509 0.235704704117
0.0586611682741 0.211432107583 0.235704704117
0.0586611682741 0.211432107583 0.234154338729
0.0586611682741 0.21001178424 0.234154338729
0.0586611682741 0.21001178424 0.233240405396
0.0555556649188 0.21001178424 0.233240405396
0.0555556649188 0.208534130209 0.233240405396
0.0555556649188 0.208534130209 0.232836941748
0.0555556649188 0.206692072208 0.232836941748
0.0555556649188 0.206692072208 0.231364140905
0.0555556649188 0.206030168798 0.231364140905
0.0555556649188 0.206030168798 0.229310731571
0.0555556649188 0.204515710339 0.229310731571
0.0537234251099 0.204515710339 0.229310731571
0.0537234251099 0.204515710339 0.226923100787
0.0537234251099 0.203430775586 0.226923100787
0.0537234251099 0.203430775586 0.226047478231
0.0537234251099 0.201852861706 0.226047478231
0.0537234251099 0.201852861706 0.22419762212
0.0537234251099 0.200500872382 0.22419762212
0.0510675031681 0.200500872382 0.22419762212
0.0510675031681 0.200500872382 0.222501566143
0.0510675031681 0.199177367381 0.222501566143
0.0510675031681 0.199177367381 0.220135465079
0.0510675031681 0.197796279871 0.220135465079
0.0510675031681 0.197796279871 0.217599514531
0.0510675031681 0.196412306898 0.217599514531
0.0498290911337 0.196412306898 0.217599514531
