25.9431039214
25.9431039214
25.9431039214
25.9431039214
25.9431039214
25.9431039214
25.9223932445
25.8723932445
25.8565013826
25.8357907057
25.9065013826
25.9065013826
25.9065013826
25.9065013826
25.9065013826
25.8906095207
25.9613201976
25.9613201976
25.9613201976
25.9613201976
25.9454283357
25.9454283357
25.9454283357
25.9040069818
25.9247176588
25.9247176588
25.8929339349
25.8929339349
25.8929339349
25.8929339349
26.027042073
26.077042073
26.127042073
26.077042073
26.127042073
26.127042073
26.127042073
26.127042073
26.227042073
26.227042073
26.1856207192
26.1990181804
26.1490181804
26.1331263185
26.1331263185
26.1038369954
26.0538369954
25.9672344565
25.8965237796
25.8806319177
25.8806319177
25.8647400558
25.778137517
25.7122456551
25.6304619312
25.5597512543
25.4890405774
25.3976192236
25.2403060079
25.1329927921
24.9756795764
24.8148129761
24.7526809454
24.7526809454
24.7367890835
24.7367890835
24.7160784066
24.7160784066
24.6953677297
24.6953677297
24.6953677297
24.6953677297
24.6746570528
24.6746570528
24.5746570528
24.5746570528
24.5587651908
24.5428733289
24.5428733289
24.5428733289
24.5014519751
24.5014519751
24.4648494363
24.4648494363
24.4489575744
24.4489575744
24.4489575744
24.4489575744
24.4330657125
24.4123550355
24.4123550355
24.4123550355
24.3964631736
24.3964631736
24.3757524967
24.3757524967
24.3757524967
24.3598606348
24.3598606348
24.3598606348
24.3598606348
24.3598606348
24.3598606348
24.3391499579
24.3391499579
24.3391499579
24.2891499579
24.2525474191
24.1866555572
24.1659448802
24.0452342033
24.0086316645
23.9879209876
23.9220291257
23.8720291257
23.8561372638
23.8061372638
23.8061372638
23.8061372638
23.8061372638
23.8061372638
23.7561372638
23.7061372638
23.6561372638
23.5854265869
23.469534725
23.453642863
23.353642863
23.2829321861
23.2829321861
23.1829321861
23.1829321861
23.1329321861
23.1122215092
23.0415108323
22.9915108323
22.8756189704
22.8756189704
22.8256189704
22.7890164316
22.7524138927
22.7365220308
22.699919492
22.649919492
22.5792088151
22.5584981382
22.5170767844
22.5170767844
22.4511849225
22.4304742455
22.4304742455
22.3597635686
22.3390528917
22.3390528917
22.3183422148
22.2976315379
22.2658478141
22.2658478141
22.1951371372
22.1792452753
22.1585345984
22.1585345984
22.1171132445
22.0464025676
21.9646188438
21.9646188438
21.92319749
21.92319749
21.92319749
21.8573056281
21.8073056281
21.6499924123
21.5999924123
21.5999924123
21.5499924123
21.5499924123
21.4633898735
21.4133898735
21.2926791966
21.2719685197
21.2219685197
21.114655304
21.114655304
21.014655304
20.943944627
20.859836489
20.8391258121
20.7891258121
20.6891258121
20.6732339501
20.6232339501
20.5525232732
20.5525232732
20.5525232732
20.4318125963
20.4318125963
20.3611019194
20.2611019194
20.1744993806
20.1744993806
20.0171861649
19.9671861649
19.9671861649
19.8964754879
19.8464754879
19.8050541341
19.8050541341
19.7891622722
19.7684515953
19.7477409184
19.6818490565
19.6818490565
19.6659571946
19.6245358407
19.5831144869
19.5831144869
19.5831144869
19.567222625
19.517222625
19.4806200862
19.4806200862
19.4599094093
19.3891987324
19.3891987324
19.3391987324
19.2891987324
19.1025961936
19.1025961936
18.9904641628
18.953861624
18.953861624
18.953861624
18.903861624
18.853861624
18.853861624
18.849042809
18.8283321321
18.7283321321
18.7283321321
18.6576214552
18.6576214552
18.4869107783
18.4369107783
18.4210189164
18.3710189164
18.2954894245
18.1795975626
18.1295975626
18.1295975626
18.1137057006
18.0637057006
18.0637057006
18.0429950237
17.9429950237
17.9015736699
17.9015736699
17.8515736699
17.735681808
17.7149711311
17.6149711311
17.6149711311
17.5442604542
17.4235497773
17.4235497773
17.3076579154
17.3076579154
17.2076579154
17.2076579154
17.1576579154
17.0503446996
17.0296340227
17.0296340227
17.0296340227
17.0089233458
17.0089233458
16.9882126689
16.9882126689
16.967501992
16.967501992
16.967501992
16.9053699613
16.8346592844
16.7846592844
16.7346592844
16.7139486074
16.6639486074
16.6139486074
16.5725272536
16.5725272536
16.4725272536
16.4225272536
16.4018165767
16.3018165767
16.2518165767
16.2359247148
16.1859247148
16.094503361
16.094503361
16.094503361
15.9530820072
15.9030820072
15.8530820072
15.8530820072
15.8030820072
15.8030820072
15.7530820072
15.7030820072
15.6030820072
15.5409499764
15.4909499764
15.4202392995
15.3702392995
15.3495286226
15.3495286226
15.2995286226
15.1495286226
15.1495286226
15.1495286226
15.0995286226
15.0495286226
15.0288179457
15.0129260838
14.9922154069
14.9422154069
14.92150473
14.87150473
14.8873965919
14.8873965919
14.8373965919
14.6873965919
14.6873965919
14.616685915
14.566685915
14.5459752381
14.5459752381
14.4545538843
14.4338432074
14.3631325305
14.3631325305
14.3631325305
14.3424218535
14.2717111766
14.2058193147
14.1851086378
14.1692167759
14.1192167759
14.048506099
13.998506099
13.948506099
13.7777954221
13.7570847452
13.7070847452
13.7070847452
13.5863740683
13.5863740683
13.5204822063
13.4704822063
13.4704822063
13.3997715294
13.2997715294
13.2497715294
13.2497715294
13.1997715294
13.1497715294
13.1290608525
13.0790608525
13.0790608525
13.0790608525
13.0371594224
13.036243234
12.9051172881
12.8545157918
12.8028929141
12.8012490475
12.8007208331
12.7995928142
12.7770116933
12.7461533911
12.7434136457
12.6912628797
12.6880051665
12.6657204489
12.6134898056
12.5616057119
12.4586590653
12.4558000574
12.3164759852
12.3129397622
12.2688624689
12.2157614675
12.2126829901
12.2093615276
12.1769228688
12.172249244
12.1485664986
12.0454035439
12.042040464
12.0378507854
11.9127174507
11.8249100664
11.8226485556
11.799307342
11.812228497
11.7603555494
11.7078234858
11.6552436126
11.6681996777
11.6145953854
11.61109527
11.6080053931
11.5379595346
11.4698732055
11.3670746674
11.3139557008
11.2610482331
11.2082940214
11.1437108052
11.14100644
11.06798936
11.0655207039
11.0353977767
10.9839036144
10.982582786
10.9811805628
10.909294798
10.9084281555
10.8832477837
10.8464322119
10.8452984955
10.7942177953
10.6947592544
10.6956702911
10.69652036
10.6961031787
10.675416322
10.5546569126
10.5045124549
10.503766022
10.4532861494
10.4530362516
10.4021846321
10.4017927193
10.4262959539
10.3050162968
10.3045215033
10.3038525918
10.3035450827
10.3032636432
10.3034812348
10.2831473409
10.2837949507
10.1842168746
10.0975831732
10.0975998885
10.0970682568
10.0970827193
10.0719855408
9.99799503616
9.9781329683
9.92785316091
9.87503218169
9.82637295331
9.82683329669
9.77766607279
9.77825053833
9.72888106944
9.72963244634
9.75106005166
9.70091177958
9.70036651259
9.7002507052
9.6998458806
9.64952441908
9.57854277644
9.59865082787
9.57805369024
9.57773740261
9.52802800558
9.47848268859
9.4790837792
9.43104200779
9.45934246368
9.41058800411
9.43827985702
9.40901738327
9.40882421872
9.35881470493
9.35903255978
9.35942006187
9.30932185179
9.25976179099
9.2102954911
9.2096040123
9.20937756647
9.15966130816
9.14265230879
9.1439127081
9.14427137965
9.14536841887
9.14529076577
9.14480268124
9.14509472425
9.14461125076
9.0943014485
9.09372999256
9.09408119126
9.09467090986
9.09469762518
9.0743671196
9.0749369968
9.09162324979
9.07134396951
9.07089135088
9.07121612125
9.02095791551
9.00036007295
9.00145173808
9.00097779184
9.00108767107
9.00110850954
9.00148593132
9.00110015209
8.95062633573
8.90167421867
8.88166293038
8.82731471704
8.82825248917
8.77861157089
8.77818128367
8.77796666619
8.77898472843
8.77988302486
8.78083942612
8.73145114633
8.73218189112
8.73196470706
8.68290775944
8.68466127205
8.6644904882
8.66559253676
8.66776932599
8.66911886382
8.65341337489
8.65393477716
8.65489993821
8.65569492751
8.65556401194
8.6557237536
8.65534315171
8.67582411286
8.6261563954
8.62519981615
8.62522660817
8.62513057251
8.62590612902
8.62657899162
8.62636070999
8.62667565258
8.62693108448
8.62785272048
8.62739889276
8.62767109295
8.62753085472
8.57780084529
8.57799394724
8.57816039824
8.57804621998
8.57741978697
8.57765838042
8.57731749727
8.57755051567
8.57841103105
8.57919563686
8.57993829183
8.58058085389
8.58044879605
8.58033098622
8.58113256499
8.58098538805
8.58134090486
8.58045882122
8.57928005627
8.57926678364
8.57872735916
8.57830902806
8.57848645484
8.57962091151
8.57943673633
8.5798062646
8.58069717709
8.58120565203
8.58063278261
8.58074253915
8.58086259067
8.58102717052
8.56471141257
8.56473944093
8.56540427554
8.51590363794
8.5157842212
8.51542469936
8.51577556631
8.44447810538
8.49423751455
8.51536417504
8.51602991983
8.51652799883
8.44567064781
8.44609203786
8.44686635032
8.4474407599
8.44725739538
8.44871442577
8.47029151099
8.4701449997
8.47049701865
8.47034304702
8.47074033077
8.46973663256
8.46969211972
8.46934829812
8.46977650462
8.45045894404
8.44973557021
8.44983513837
8.47129977157
8.47263853856
8.47320005976
8.47408391213
8.45363005967
8.45429982555
8.45580559582
8.45578330586
8.4553748581
8.40570406256
8.40617203011
8.45570858749
8.45597497457
8.45608824788
8.45700620825
8.47802812541
8.49386475749
8.49450171977
8.49445769773
8.49494863068
8.4948238839
8.49505061173
8.49495119775
8.49493800879
8.49558517799
8.49550301341
8.49548578397
8.49607008966
8.49740429756
8.49750900775
8.49816700633
8.49767534222
8.49742051173
8.4979813778
8.51808259047
8.51814322464
8.5187019569
8.4976229696
8.49695219085
8.49717439019
8.49551594759
8.51576153776
8.51574451326
8.51622242456
8.51523713697
8.5154212525
8.5158960285
8.51631918582
8.50057055305
8.50137709158
8.50028090858
8.5003244504
8.50077693181
8.48553737171
8.48549785012
8.46416747408
8.46288396544
8.46256944843
8.48241478409
8.49826724647
8.49857517726
8.4979554092
8.49781415079
8.49803606703
8.48268696398
8.48167074385
8.48172800789
8.48123085032
8.4814819826
8.48258208516
8.48383964232
8.48448769508
8.48466480148
8.48516794633
8.48517249988
8.48570229157
8.48568643331
8.46530027075
8.41486858525
8.41396612581
8.4118072585
8.41150028606
8.46229285048
8.463199096
8.46253631417
8.46200792098
8.46077990884
8.47662677451
8.47498701477
8.47478866011
8.45292028561
8.47298643133
8.4720805187
8.47217956501
8.47105556958
8.47096798882
8.47022699474
8.46923147134
8.46872860796
8.46891032848
8.46787128966
8.46760349439
8.44713169285
8.44578490792
8.44446552068
8.4443767775
8.44310169552
8.44178765556
8.44190749862
8.44113813066
8.44134552608
8.442030627
8.44124067637
8.44127191078
8.441997845
8.44163907986
8.39251988015
8.39363537485
8.39512155808
8.39606076911
8.39643649428
8.39768527726
8.39741730198
8.39681533051
8.39761139309
8.41389451753
8.41394478308
8.41482120214
8.41376369658
8.36364747443
8.36386127211
8.36284920404
8.36266951471
8.36203007513
8.36240500369
8.36155786466
8.3617771434
8.34181279406
8.34236218324
8.3432076301
8.34272877354
8.3436630206
8.34566800824
8.31802239162
8.3399060716
8.33951527796
8.33919444704
8.33941111444
8.34032345891
8.34099394062
8.34178612134
8.34216224383
8.3214187993
8.32110446639
8.32165039106
8.30136176369
8.30118525632
8.30174149805
8.30143561124
8.3002079891
8.30006468097
8.29876630253
8.2977683037
8.3187545605
8.31911470072
8.31860104247
8.31895787965
8.319073747
8.31979560931
8.31942043453
8.3196703162
8.2989118137
8.24886022552
8.24687560723
8.26739893369
8.21812447106
8.21962155773
8.21878537379
8.18610012638
8.18652473628
8.13770409018
8.18790915277
8.18811772622
8.18750878181
8.18805665909
8.18872318836
8.13899246083
8.1232222774
8.12290738905
8.12357396189
8.12356392325
8.18016364895
8.19730343601
8.19705091236
8.1472323412
8.12607192729
8.12670295681
8.12632306682
8.0752179784
8.07593412389
8.07590020598
8.07698908861
8.07872882344
8.07929099507
8.0305668049
8.08408385178
8.08279987733
8.13203578818
8.05052201142
8.03539236625
7.98601798508
7.98651349103
8.00762597982
8.00794864765
8.03778167323
8.06956810404
8.07014976598
8.11932580361
8.06939224445
8.0697352927
8.06901910728
8.06901042258
8.06937445751
8.0690558658
8.04860036217
8.04835257126
8.04858427851
8.04927567945
8.04922408807
8.02880097707
8.02891898315
8.02933799974
8.02922806568
8.02870073219
7.9987979776
7.99858139403
7.99908706664
7.99836460246
7.99887172419
7.9992388891
7.99789675108
7.99786380832
7.99914187772
7.99818595345
7.99843712385
7.99942264423
7.94953251761
7.99881189374
7.99932600141
7.99874858846
7.9984701776
7.99817603353
7.99878644669
7.99883040947
7.99990501624
8.01663744281
8.01632471701
8.01716513033
8.01628578298
8.01575321618
8.0161157391
8.01672750511
7.96703465634
8.01648282917
8.01724992682
7.96707903953
7.96750605134
7.96805539016
8.01816130593
8.03986135622
8.03858977983
7.98872000141
7.98909805218
8.03856002084
7.98871601559
7.98909063654
7.98860184447
7.9888787156
8.0387910617
8.02325077154
8.02310815132
8.02417989715
8.05598162725
8.05609262451
8.05547750472
8.05460188674
8.05493878385
8.05370228715
8.05391291404
8.05368151588
8.05375325151
8.05373630966
8.05447073082
8.0540819048
8.00440806346
8.00475950445
8.00440351717
8.05372380395
8.0539059163
8.05353593062
8.00388835967
7.98355508817
7.98397863277
7.98302662184
7.99932708488
7.99973990763
8.02112978085
8.01984329736
8.00401883777
8.05364950971
8.05379748265
8.00547616118
8.05616464026
8.0558892712
8.05625324299
8.05597998466
8.05519477695
8.05395765407
8.05429306029
8.05371302545
8.05326362937
8.05391470375
8.05381935411
8.05413213834
8.05364766968
8.05434227361
8.05435433262
8.05518326751
8.05461748216
8.05497084563
8.05389087869
8.05283724915
8.05344090785
8.05274862068
8.05130346268
8.00205414287
8.00288566654
8.00319107491
8.00415415443
7.97333207342
7.97183641916
7.97097854969
7.97133214317
8.02114190131
8.01999444153
8.02042186277
7.94899883217
7.99854659223
7.99798145469
7.94857056065
7.94911878039
7.99828311782
7.98343297823
7.93439502144
7.95088124375
7.9816210345
7.98187257609
7.98267936818
7.98258194404
7.98297167829
8.03208408998
8.03187477739
7.98241689778
7.98286414733
7.98353115552
7.98377030872
7.98339216509
7.98368942961
8.03390820391
8.01759704555
8.01787974281
8.01822620529
8.0181676479
8.0188903624
8.01860443191
8.01813077748
8.01889042208
8.01953206984
8.01926669917
8.02006794716
8.02015056728
8.02026601666
7.97107236033
8.00338752374
7.95295291285
7.95187766736
8.05152081871
8.05163611391
8.05274221605
8.03662130023
8.03575312881
7.98585736612
7.98615454253
7.96883001023
7.9686532116
8.03304816546
8.03217082115
7.98247650137
7.96713881775
7.96753538344
7.96607750351
7.96428533076
7.93398618245
7.93439363874
7.98380612673
7.98340453
7.98400433816
7.98327094966
7.9826695576
7.983240955
7.98339933552
7.98418456706
7.9357877131
7.93693523005
7.98701248731
8.03536069655
8.03623208253
8.03679007133
8.03767378971
8.03607210677
8.03582387917
8.03501348164
8.03424227837
8.03312174462
7.98539233624
7.93552733027
7.93575154147
7.96584408045
7.96509460631
7.96544111963
7.9661543966
8.01358961188
8.01431814438
8.01398927361
8.06435686311
8.06540969912
8.01581197606
8.01491941001
7.96342993485
8.06271359166
8.0153332994
7.96580882738
7.91619543853
7.91639819013
7.91649243758
7.91551213604
7.91516622392
7.91423453658
7.96241670675
7.9622736377
7.96211483374
7.91253733888
7.91309761368
7.91270757618
7.91289075966
7.911921313
7.912165253
7.91165874852
7.96118820934
7.91165909924
7.91236152454
7.9128026724
7.91235864599
7.96222756168
7.96283308876
7.96233659584
7.96122129859
7.96120747572
7.95965607512
7.9096454341
7.9099581902
7.95805405229
7.90836100363
7.90904318231
7.90874549384
7.90911645477
7.90834355436
7.90843388885
7.90781696661
7.90810142376
7.90803648687
7.9089426015
7.9595603763
7.91084850631
7.91165847123
7.95704600907
7.95736717526
8.00698470024
7.95712243355
7.95756646133
7.95696598002
7.95691245312
8.0063843387
7.95639706279
7.95659784872
7.95698041275
7.95617693506
8.00627373974
7.95720892143
7.9582270534
7.95893956533
7.95822711866
7.95821469904
7.95833772201
7.90767814991
7.90688781308
7.95483291854
7.90446483379
7.90476208655
7.90487535762
7.90474099211
7.90375575005
7.90363492366
7.95280629974
7.90248096854
7.90241798912
7.90252659433
7.90166336652
7.90159256801
7.9023079415
7.90174567756
7.90197462901
7.91915705947
7.91928072963
7.90227500375
7.90142512829
7.90187000174
7.90185665197
7.90239656663
7.90138469936
7.90068796357
7.90123553715
7.90067035811
7.89881635479
7.89862603212
7.89860855885
7.86404164157
7.86266816613
7.86310128022
7.9123141121
7.82046367488
7.82082904637
7.82129103126
7.82167496894
7.84855290904
7.84881326595
7.86490038958
7.86540243871
7.86560225044
7.86604746481
7.866224744
7.85047297572
7.85058622548
7.83501584094
7.83530985199
7.83542307034
7.83551936819
7.8357759521
7.83587799897
7.8359705566
7.83621577987
7.81870428225
7.81887773778
7.81923997245
7.81939571613
7.81952240724
7.81976691414
7.81989322984
7.82012050737
7.82023783188
7.82034609251
7.82055545225
7.82066570343
7.82075567583
7.82093310661
7.82102307697
7.82109132823
7.82123866267
7.8213091563
7.82144748457
7.82143049445
7.8215726664
7.82177406949
7.82185301508
7.82211132435
7.82232738313
7.82242791105
7.82265395117
7.82289001422
7.82301148725
7.82323584701
7.82332935352
7.82354258004
7.82370558033
7.82390761864
7.8240613461
7.82427404296
7.82438080036
7.8246050749
7.82470297855
7.8248978078
7.82504793219
7.82514146154
7.82530961833
7.82543275321
7.82558799506
7.82565583836
7.82580843875
7.82588166724
7.8259916023
7.82614294319
7.84697246936
7.84705706819
7.84719179803
7.84726148645
7.84737975763
7.84750638341
7.84762474407
7.84769687745
7.84776255293
7.84793213904
7.84801077882
7.84806545662
7.84816417853
7.84821109569
7.84832272828
7.84840177624
7.84844649854
7.84851685339
7.84854745291
7.84862211684
7.84870381013
7.84872643933
7.8487674243
7.84878923875
7.84885635627
7.84889054837
7.84890515823
7.8489453815
7.8489749675
7.8490587289
7.84909480507
7.84911871566
7.8491542468
7.84920178435
7.84925994446
7.84934880313
7.84938327227
7.84942504915
7.84944358867
7.84948719946
7.84946229387
7.84948667537
7.84959276729
7.84957208139
7.84961398293
7.84963384285
7.84967762242
7.84970282457
7.8497419215
7.84979196377
7.84983264958
7.84983424295
7.84990156495
7.85000256187
7.8499656033
7.84997997425
7.84996555511
7.84992800084
7.84994255831
7.84878451168
7.84811565712
7.84884106457
7.84827108183
7.82743800549
7.82623938595
7.82580956805
7.82407302612
7.82237354164
7.82225966994
7.82087595719
7.82071815553
7.81863486529
7.8186878068
7.79706139328
7.79705051338
7.74669050946
7.74556246071
7.74416645295
7.74398882587
7.74317154472
7.74255026955
7.74070005129
7.7405975016
7.69643532008
7.69572828651
7.69434607436
7.67415945421
7.67489720582
7.69570504251
7.69541391794
7.69614706903
7.64538194217
7.64450394783
7.61079906304
7.60930809477
7.53895020485
7.53963717894
7.51963182897
7.54098223455
7.53993970429
7.54004995416
7.58325185515
7.58348344942
7.5822437825
7.58237605104
7.58208467665
7.56079291981
7.56011215972
7.54457604752
7.5438450063
7.57727972657
7.506578273
7.47288327608
7.47428642126
7.47557746134
7.48947138064
7.48992725797
7.46944995951
7.48991450994
7.45902801642
7.42374576066
7.42475733993
7.42580594824
7.42674526121
7.40553603133
7.40311045162
7.40277393672
7.38636473457
7.38573536554
7.38583610033
7.38625744334
7.38553570983
7.33570272969
7.33618269306
7.2365622677
7.21632851786
7.23745561643
7.25852606129
7.25898757084
7.25932948684
7.25919272523
7.20913209198
7.20937988205
7.10946749644
7.10970479373
7.10975028604
7.10986039506
7.10983671167
7.1099456427
7.10941063901
7.11006377253
7.06882544316
7.04827566685
7.04826854962
7.02672032981
6.92582438162
6.9241959896
6.92186800479
6.92000047781
6.9178960591
6.89566295755
6.89293359349
6.89215726307
6.89139570025
6.89129144403
6.84237984048
6.84220992063
6.84166519664
6.84106087957
6.84128865457
6.84095854732
6.77895743293
6.77870779297
6.77961874841
6.77309880096
6.73829293783
6.73906543278
6.75909332775
6.8089646887
6.75807563007
6.68661225346
6.68578678678
6.68581619851
6.68576963796
6.66517849405
6.66502210015
6.66535029075
6.64403068622
6.60182437152
6.60038541971
6.59957317797
6.59935505906
6.54799719799
6.49615091172
6.45078942734
6.44927247995
6.44812201553
6.37584118761
6.37533040324
6.34506857269
6.34435204156
6.2935518804
6.29267576011
6.24168612091
6.21955673764
6.14783730027
6.14666330344
6.09624223703
6.11586204286
6.11505224118
6.11464583012
6.11345034765
6.11230114463
6.08353382875
6.06377669008
6.08578776387
6.06709847614
6.06712701883
5.99783720888
5.92903558449
5.93051188772
5.88173856868
5.88279329337
5.86239634513
5.86227135278
5.90604413566
5.90631489673
5.83925873395
5.76731830063
5.74534708672
5.75903740577
5.75813203091
5.64436808262
5.64373966538
5.64368502885
5.64285902019
5.64158922417
5.6410924908
5.68964518319
5.68952154671
5.69025384567
5.62434609418
5.6385394153
5.63812181203
5.58886998501
5.58981985255
5.57022712925
5.57000362079
5.56961474919
5.51976670475
5.52038365396
5.47136194738
5.42221757916
5.42257414609
5.42262994531
5.42334102052
5.37242060671
5.32149044823
5.30005636958
5.29715471246
5.29710201055
5.30576031496
5.30626838663
5.2558975982
5.20496130417
5.20397156532
5.20353811303
5.13139196849
5.05895556547
5.0577826903
5.05664326089
5.00824046982
5.00763701355
4.91338742491
4.89283991605
4.89373315459
4.94444323605
4.94505871339
4.79129658158
4.84582114129
4.89752818131
4.89940254847
4.9002008698
4.90204422122
4.85153547616
4.80120763623
4.80088182242
4.80057795484
4.74739490762
4.78023057463
4.78097106221
4.76048562504
4.8127367831
4.7932898518
4.79536898395
4.79582359461
4.74577415633
4.74631899365
4.74748395822
4.74783495641
4.72866216726
4.73052781498
4.68045432595
4.61388471
4.59155420404
4.48962025035
4.48673388176
4.43408247082
4.43014094831
4.42693581767
4.42367659789
4.39973510356
4.37541331841
4.37122322346
4.36701471014
4.34357738521
4.34041829875
4.27096630514
4.14969087503
4.14332395064
3.94589121323
3.97443910156
3.89634293507
3.9460862236
3.9423219206
3.78498125405
3.83512615978
3.71585617997
3.65813881176
3.65467479226
3.69633422043
3.59197077759
3.53133626744
3.47757816097
3.42326461196
3.26950917674
3.32256492174
3.3205798363
3.26648307418
3.26275576095
3.25910442993
3.18569756481
3.18394930933
3.23874376909
3.23743394247
3.23460268417
3.23192375933
3.22939943658
3.22647362366
3.22420372807
3.18968096151
3.18615712255
3.18393382832
3.1651748928
3.16164326573
3.13800326444
3.13512894918
3.08105147507
3.07834371746
3.04114931592
2.9807845505
2.9784185891
2.99189419531
2.91627691305
2.96620446495
2.92464589002
2.87237108986
2.84937646234
2.82589050473
2.77577434662
2.77233498183
2.71949619695
2.66297200898
2.54047623781
2.59353464335
2.59212850867
2.47341427433
2.47232848651
2.50515754535
2.5040454685
2.50221152226
2.39211939915
2.445806517
2.44481567412
2.38959148617
2.37574119026
2.3951472734
2.34345936255
2.34230417486
2.32601530626
2.32563157861
2.32436668299
2.32376133797
2.36122785702
2.36095906786
