1.08772 1.08344 1.08549
1.08585 1.08693 1.09046
1.09037 1.08006 1.08426
1.08693 1.07359 1.07892
1.08151 1.0818 1.08387
1.07657 1.07714 1.07743
1.07291 1.07237 1.07429
1.0655 1.06234 1.06383
1.07911 1.07489 1.06509
1.07569 1.07658 1.06812
1.07674 1.08151 1.07794
1.07556 1.07193 1.0724
1.08007 1.0727 1.07263
1.08462 1.07667 1.07847
1.08691 1.08006 1.07341
1.0778 1.0804 1.0711
1.07908 1.07884 1.08188
1.07594 1.07289 1.06497
1.06415 1.0645 1.0607
1.0639 1.07002 1.06626
1.0654 1.06564 1.06325
1.06336 1.06179 1.06397
1.06198 1.05806 1.06011
1.05667 1.05669 1.05746
1.04592 1.0606 1.06398
1.05282 1.05076 1.04784
1.05173 1.06493 1.06067
1.05463 1.07047 1.07053
1.06055 1.0681 1.06215
1.06928 1.07664 1.08127
1.0652 1.06608 1.06451
1.06424 1.06525 1.06331
1.07067 1.07625 1.07197
1.06847 1.07025 1.06621
1.07847 1.06939 1.06463
1.06705 1.09707 1.08705
1.06822 1.08008 1.07757
1.07534 1.0791 1.07731
1.08155 1.08869 1.0876
1.07458 1.09181 1.09068
1.06077 1.07923 1.07797
1.08123 1.08955 1.08623
1.07734 1.08257 1.08033
1.05949 1.07295 1.06896
1.06368 1.08344 1.08253
1.06738 1.09317 1.08874
1.04224 1.06434 1.05816
1.05005 1.07759 1.06777
1.05365 1.08643 1.07368
1.06479 1.06222 1.05523
1.05726 1.07356 1.06855
1.05688 1.07289 1.06934
1.05846 1.06575 1.06091
1.06001 1.07589 1.07546
1.07731 1.07699 1.07431
1.06778 1.09573 1.0917
1.08036 1.10318 1.10052
1.08092 1.10534 1.10155
1.06111 1.08383 1.07835
1.07294 1.09554 1.08993
1.06666 1.09264 1.09665
1.06255 1.07162 1.07355
1.07066 1.08001 1.07446
1.07057 1.08076 1.07783
1.07164 1.07724 1.07554
1.074 1.08706 1.08268
1.07281 1.08987 1.08024
1.06778 1.08023 1.0752
1.08448 1.1032 1.1007
1.10544 1.11296 1.11125
1.09809 1.11296 1.11205
1.13747 1.17516 1.17289
1.10941 1.12532 1.12431
1.10813 1.13525 1.13459
1.09978 1.129 1.12705
1.09059 1.11346 1.11171
1.06792 1.09579 1.08956
1.08155 1.11439 1.10794
1.09225 1.12704 1.11964
1.06107 1.10237 1.0887
1.08969 1.1216 1.11569
1.09839 1.13595 1.12521
1.06807 1.10712 1.0958
1.09636 1.13421 1.12033
1.10467 1.14702 1.13183
1.0742 1.11533 1.10292
1.11033 1.13249 1.12742
1.11646 1.1409 1.13538
1.08763 1.11592 1.11311
1.09865 1.12624 1.12462
1.10674 1.14662 1.1318
1.07264 1.10073 1.09751
1.08407 1.1143 1.10563
1.08454 1.10736 1.10987
1.05866 1.08634 1.07544
1.07066 1.10884 1.09585
1.08268 1.1051 1.10071
1.05661 1.08533 1.07627
1.07963 1.10414 1.09551
1.07525 1.11009 1.10092
1.05911 1.07781 1.08846
1.06612 1.10077 1.08489
1.07295 1.09539 1.08731
1.06479 1.08045 1.07463
1.07853 1.09888 1.08678
1.06692 1.08144 1.08993
1.05745 1.07065 1.06764
1.06751 1.08397 1.08451
1.08657 1.10558 1.10242
1.06932 1.09449 1.08873
1.09577 1.12146 1.11892
1.13376 1.16609 1.16463
1.07521 1.1004 1.10039
1.14119 1.17744 1.17915
1.12399 1.1503 1.14979
1.10887 1.13491 1.13426
1.07335 1.10964 1.10695
1.07763 1.11305 1.10859
1.09947 1.12744 1.12129
1.1165 1.15259 1.14333
1.14402 1.18182 1.16829
1.17941 1.2085 1.1988
1.19852 1.22846 1.22161
1.21414 1.24109 1.23987
1.22063 1.24792 1.24779
1.22862 1.25583 1.25267
1.23756 1.25429 1.26303
1.2304 1.26539 1.25708
1.2488 1.27054 1.2786
1.24771 1.28468 1.27764
1.26785 1.30007 1.29728
1.23518 1.27264 1.26637
1.24392 1.27682 1.27152
1.25922 1.30009 1.28805
1.286 1.31628 1.31346
1.29699 1.33142 1.32528
1.31475 1.35059 1.34051
1.3409 1.34797 1.36374
1.32244 1.35224 1.34818
1.33558 1.34648 1.36045
1.31849 1.35718 1.35072
1.3397 1.35065 1.36507
1.33175 1.34274 1.3579
1.3218 1.3415 1.34853
1.32605 1.34506 1.35043
1.33562 1.34371 1.36003
1.31659 1.34696 1.34129
1.33073 1.33846 1.35559
1.33773 1.34354 1.36152
1.30715 1.33095 1.3328
1.30803 1.34612 1.33248
1.31619 1.34923 1.33897
1.33748 1.34636 1.36346
1.3209 1.3584 1.34399
1.32672 1.35781 1.34975
1.35092 1.35371 1.3668
1.34101 1.34436 1.35411
1.34471 1.3468 1.35937
1.35484 1.34945 1.34613
1.34346 1.34458 1.35353
1.34485 1.35331 1.34333
1.34877 1.3557 1.34561
1.34879 1.3518 1.36494
1.36235 1.36371 1.34907
1.36222 1.36502 1.35244
1.35881 1.35979 1.37679
1.35142 1.35142 1.35524
1.35637 1.35637 1.35854
1.35681 1.35681 1.35879
1.35619 1.35619 1.35867
1.35963 1.35963 1.36178
1.35037 1.35984 1.36182
1.34634 1.35952 1.36162
1.36269 1.35259 1.36454
1.36013 1.3612 1.34897
1.35614 1.35912 1.37259
1.35861 1.36452 1.37589
1.35967 1.35967 1.36161
1.35942 1.35942 1.36151
1.36159 1.35348 1.36342
1.3341 1.35796 1.34823
1.338 1.35801 1.35044
1.35471 1.35534 1.36706
1.33792 1.33713 1.34927
1.3356 1.3618 1.35081
1.35888 1.36011 1.37083
1.35718 1.35718 1.35952
1.36159 1.36159 1.36288
1.36141 1.36141 1.36248
1.3631 1.3631 1.36461
1.3546 1.36337 1.36491
1.35041 1.35041 1.3526
1.36058 1.35529 1.35223
1.35395 1.35395 1.35537
1.35458 1.35458 1.35566
1.35448 1.35448 1.35564
1.35715 1.35715 1.35854
1.35743 1.35743 1.35891
1.35749 1.35749 1.35899
1.36026 1.36026 1.36164
1.36064 1.36064 1.36205
1.36335 1.36335 1.36458
1.36359 1.36359 1.36491
1.36368 1.36368 1.36504
1.3569 1.3662 1.36761
1.36647 1.36647 1.36784
1.3667 1.3667 1.36804
1.3692 1.36114 1.37064
1.35617 1.35617 1.35765
1.3577 1.3577 1.35906
1.35853 1.35853 1.35952
1.35849 1.35849 1.3595
1.36068 1.36068 1.36218
1.36105 1.36105 1.36242
1.36383 1.36383 1.36523
1.36414 1.36414 1.36546
1.36417 1.36417 1.36558
1.3641 1.3641 1.36552
1.36695 1.36695 1.36834
1.36746 1.36746 1.36883
1.36768 1.36768 1.36905
1.37019 1.37019 1.37156
1.37043 1.37043 1.37179
1.37307 1.37307 1.3746
1.37341 1.37341 1.37486
1.37347 1.37347 1.37499
1.37634 1.37634 1.37777
1.37671 1.37671 1.37823
1.37682 1.37682 1.37828
1.37964 1.37964 1.38131
1.37002 1.37996 1.38153
1.38317 1.38317 1.38487
1.38335 1.38335 1.3851
1.38339 1.38339 1.38515
1.38663 1.38663 1.38806
1.38988 1.38988 1.39118
1.39016 1.39016 1.39162
1.39018 1.39018 1.3917
1.39258 1.39258 1.39385
1.39277 1.39277 1.39427
1.39283 1.39283 1.3944
1.39554 1.39554 1.39708
1.39582 1.39582 1.39728
1.39867 1.39867 1.40011
1.39893 1.39893 1.4006
1.39897 1.39897 1.40066
1.3989 1.3989 1.40048
1.40168 1.40168 1.40379
1.40224 1.40224 1.40404
1.40576 1.40576 1.40732
1.40604 1.40604 1.40803
1.40616 1.40616 1.40818
1.40995 1.40995 1.41156
1.41044 1.41044 1.41233
1.41069 1.41069 1.41263
1.41424 1.41424 1.41594
1.41465 1.41465 1.4165
1.41879 1.41879 1.42041
1.41932 1.41932 1.42109
1.41986 1.41986 1.42156
1.42257 1.42257 1.42383
1.42228 1.42228 1.42412
1.42569 1.42569 1.42645
1.42782 1.42782 1.42845
1.42823 1.42823 1.42923
1.42997 1.42997 1.4306
1.43041 1.43041 1.43131
1.43178 1.43178 1.43219
1.43269 1.43269 1.43272
1.43262 1.43262 1.43277
1.43384 1.43384 1.43398
1.43393 1.43393 1.43482
1.43538 1.43538 1.43541
1.43575 1.43575 1.43565
1.43561 1.43561 1.43567
1.43589 1.43589 1.43593
1.43661 1.43661 1.43647
1.43722 1.43722 1.43691
1.43743 1.43743 1.43717
1.4374 1.4374 1.43727
1.43774 1.43774 1.43734
1.43793 1.43793 1.43806
1.43782 1.43782 1.4385
1.43918 1.43918 1.43932
1.43886 1.43886 1.43888
1.43909 1.43909 1.43921
1.43981 1.43981 1.43994
1.43993 1.43993 1.44019
1.44005 1.44005 1.44019
1.44114 1.44114 1.4411
1.44143 1.44143 1.44168
1.44248 1.44248 1.44256
1.44336 1.44336 1.44371
1.44414 1.44414 1.44427
1.44623 1.44623 1.44672
1.44694 1.44694 1.44797
1.44784 1.44784 1.44894
1.45036 1.45036 1.45148
1.45158 1.45158 1.45216
1.45424 1.45424 1.45519
1.45461 1.45461 1.45514
1.45497 1.45497 1.45557
1.4572 1.4572 1.45779
1.45806 1.45806 1.45859
1.45872 1.45872 1.45938
1.46101 1.46101 1.46146
1.4607 1.4607 1.46114
1.46316 1.46316 1.46407
1.46409 1.46409 1.46459
1.46439 1.46439 1.4649
1.46632 1.46632 1.46688
1.46692 1.46692 1.46745
1.46909 1.46909 1.46974
1.46997 1.46997 1.47054
1.47032 1.47032 1.47083
1.47038 1.47038 1.47089
1.47208 1.47208 1.47264
1.47287 1.47287 1.47342
1.47512 1.47512 1.47561
1.47602 1.47602 1.47641
1.4763 1.4763 1.47669
1.47789 1.47789 1.47829
1.47856 1.47856 1.47892
1.48062 1.48062 1.48113
1.4815 1.4815 1.48186
1.48361 1.48361 1.48414
1.48649 1.48649 1.48711
1.48801 1.48801 1.48822
1.4882 1.4882 1.48853
1.48987 1.48987 1.49054
1.49077 1.49077 1.49123
1.49286 1.49286 1.49366
1.49392 1.49392 1.49419
1.49561 1.49561 1.49652
1.49653 1.49653 1.49715
1.49667 1.49667 1.49742
1.49856 1.49856 1.49934
1.50151 1.50151 1.50282
1.50204 1.50204 1.50378
1.50391 1.50391 1.50473
1.50319 1.50319 1.50427
1.50304 1.50304 1.50433
1.50526 1.50526 1.50657
1.50615 1.50615 1.50727
1.50875 1.50875 1.50995
1.50929 1.50929 1.51062
1.5119 1.5119 1.51276
1.51249 1.51249 1.51385
1.51494 1.51494 1.51574
1.51557 1.51557 1.51634
1.51526 1.51526 1.51626
