0.00100008
0.000987438
0.000974434
0.000974644
0.00098255
0.00106986
0.00106009
0.00114551
0.00129603
0.00121751
0.00107223
0.00151206
0.00147495
0.00146922
0.00123958
0.0014115
0.00135307
0.00133707
0.00118945
0.00105032
0.000992187
0.00106056
0.00176887
0.00150926
0.00145155
0.00151185
0.00129227
0.00138742
0.00135876
0.00132192
0.00111853
0.00120596
0.00118339
0.00114173
0.00111924
0.00119026
0.00172174
0.00162096
0.00140852
0.00124115
0.0011766
0.00222597
0.00213154
0.00201742
0.00203481
0.00164316
0.00129183
0.0012117
0.0011382
0.00106531
0.00101304
0.00177118
0.00166374
0.00139486
0.00130691
0.00135203
0.00202909
0.00238065
0.00226112
0.00215694
0.00198404
0.00184709
0.00136967
0.00130691
0.00140718
0.0021831
0.00225455
0.00215055
0.00204191
0.00195103
0.00176132
0.00168715
0.00173908
0.00168083
0.0024425
0.00179125
0.00174034
0.00183369
0.00314388
0.00300157
0.00230977
0.00221751
0.00212783
0.00227578
0.00194902
0.0023741
0.0029721
0.00285505
0.00275237
0.00297709
0.00233682
0.00217623
0.00150325
0.00143519
0.00170199
0.0015957
0.00152445
0.00172817
0.00163728
0.00243292
0.00291079
