1.1434
1.14254
1.15568
1.16889
1.16154
1.18027
1.17433
1.16893
1.1634
1.16307
1.17969
1.17506
1.16974
1.16276
1.17155
1.16774
1.15964
1.17282
1.16624
1.1712
1.16883
1.17511
1.17593
1.15424
1.15906
1.16982
1.16789
1.16583
1.17523
1.17109
1.16978
1.16702
1.1611
1.16152
1.16203
1.16552
1.16683
1.16629
1.16401
1.16521
1.16683
1.16757
1.16577
1.17063
1.17016
1.16975
1.17065
1.16898
1.17085
1.17052
1.17596
1.18087
1.17991
1.18604
1.18697
1.18979
1.18749
1.18862
1.19457
1.19574
1.20063
1.20545
1.20783
1.21229
1.21416
1.21868
1.21885
1.21934
1.22039
1.22184
1.22361
1.22345
1.22362
1.22459
1.22793
1.23086
1.23018
1.23198
1.23163
1.23521
1.24227
1.24899
1.25415
1.25868
1.26054
1.26608
1.27314
1.27733
1.28151
1.28395
1.28536
1.29147
1.29535
1.29596
1.2946
1.29539
1.29546
1.29569
1.29663
1.29161
1.29281
