0.00416719 0.00415333 0.00412563
0.00403269 0.00403871 0.00403262
0.00393326 0.00393097 0.00393648
0.00383288 0.0038324 0.00383845
0.00375736 0.00375184 0.00375765
0.00379123 0.00377916 0.00377975
0.00371862 0.00370661 0.00372308
0.00366033 0.00366665 0.00366049
0.00364974 0.00364994 0.00365643
0.00360644 0.00359332 0.00361761
0.00360025 0.00359583 0.00360869
0.00353349 0.00355238 0.00355044
0.00350148 0.00350596 0.00352966
0.00346845 0.00351563 0.00348608
0.00346908 0.00344132 0.00344923
0.00348543 0.00348897 0.00349287
0.00346513 0.00347524 0.00348053
0.00347956 0.00350782 0.00348447
0.00347334 0.00348156 0.0034665
0.00344134 0.00346685 0.00345096
0.00341039 0.00340884 0.00341424
0.00339913 0.00339826 0.00340779
0.00338853 0.00337498 0.00337665
0.00334982 0.00334485 0.00334127
0.00335564 0.0033457 0.00334686
0.00346106 0.00344214 0.00344578
0.00343852 0.00343332 0.00341932
0.0034017 0.00339184 0.00339022
0.00348233 0.00346322 0.00349299
0.00338877 0.00340435 0.00338496
0.00326361 0.00326346 0.00325655
0.00325152 0.00325783 0.00327127
0.0033134 0.0033132 0.00330223
0.00330725 0.00329539 0.00330731
0.00328634 0.00328479 0.00329325
0.00333565 0.00333239 0.00333555
0.00331896 0.00331473 0.00332404
0.00337291 0.00336845 0.00337882
0.00335522 0.00335667 0.00335684
0.00334499 0.00333343 0.00334541
0.00333856 0.00333572 0.00334488
0.0033847 0.00338291 0.00337739
0.00349521 0.00346778 0.00347629
0.00360985 0.00360252 0.00359798
0.00359078 0.00357679 0.00357786
0.00359665 0.00356181 0.00357616
0.00357847 0.00357283 0.00357422
0.00355962 0.00352152 0.00351636
0.00348262 0.00346041 0.00346013
0.00345465 0.00345178 0.00343971
0.0033823 0.00337188 0.0033769
0.00335681 0.00332462 0.00334302
0.00332164 0.00330438 0.00330616
0.00328655 0.00325826 0.00328065
0.0033367 0.00331018 0.00331354
0.00335469 0.00330415 0.00330747
0.00329322 0.0032694 0.00327295
0.00330752 0.00326927 0.00328256
0.00333875 0.00331331 0.0033099
0.00331192 0.00328477 0.00328258
0.00325503 0.00325607 0.00324879
0.00326792 0.00324683 0.00325878
0.00323447 0.00322846 0.00322432
0.00320522 0.00317037 0.00317376
0.0031729 0.0031472 0.00316224
0.00320639 0.00317987 0.00318328
0.00309538 0.00307449 0.00307197
0.00304826 0.00302928 0.00303599
0.00307303 0.00305927 0.00306713
0.00305621 0.00306351 0.00306494
0.00303904 0.00303854 0.00304611
0.00298625 0.00298009 0.0029889
0.00292008 0.00290371 0.00290308
0.00301159 0.00297553 0.00297669
0.00298693 0.00297584 0.00295475
0.00290605 0.00289509 0.00289253
0.00291342 0.00291114 0.00290075
0.00293399 0.00293819 0.00292273
0.00295603 0.00292767 0.00293204
0.00291347 0.00289857 0.00290663
0.00295389 0.00294263 0.00294338
0.00295712 0.00295623 0.00295687
0.00296268 0.00297152 0.00297353
0.00294074 0.00294656 0.00295895
0.00304519 0.0030533 0.0030668
0.00306486 0.00307075 0.00307409
0.00309768 0.00310276 0.00310293
0.00310884 0.00311192 0.00311328
0.00306391 0.00304728 0.00304356
0.00302845 0.00306217 0.00304051
0.00299068 0.00297798 0.00297907
0.00301028 0.0030062 0.00300611
0.00293338 0.00293065 0.00292636
0.00294169 0.00292585 0.00293354
0.002913 0.0029231 0.00291334
0.00293543 0.00294395 0.00293716
0.00295174 0.00294572 0.00294688
0.00294745 0.0029396 0.00294403
0.0029741 0.00296763 0.00297236
0.0030093 0.00301233 0.00300505
0.00300427 0.0029712 0.00298484
0.00302629 0.00301159 0.00300921
0.00306395 0.00302849 0.00303053
0.00303706 0.00301987 0.00303703
0.00302827 0.00299686 0.00300171
0.00309686 0.00306706 0.00308485
0.0031037 0.00307741 0.00307603
0.00308957 0.00307192 0.00308648
0.00309274 0.00307264 0.00306862
0.00309102 0.00305449 0.00305445
0.00304011 0.00303402 0.00301949
0.00304276 0.0030073 0.00301554
0.00305982 0.0030399 0.00303915
0.0029889 0.00299888 0.00299419
0.00300206 0.00301853 0.00301061
0.00304112 0.00305757 0.00305549
0.00309044 0.00308217 0.00307321
0.00312432 0.0031233 0.00312444
0.00320606 0.00322164 0.00318995
0.00323057 0.00322216 0.00320732
0.00321066 0.00320247 0.00318211
0.003208 0.00318487 0.00318414
0.00324761 0.00321922 0.00320862
0.00316663 0.00315854 0.0031566
0.00317855 0.00315769 0.0031607
0.00311769 0.00307478 0.00309101
0.00305942 0.00306003 0.0030612
0.00307161 0.00306545 0.00306542
0.0030575 0.00305819 0.00305384
0.00305952 0.00302742 0.00303496
0.003085 0.0030528 0.00306331
0.00303962 0.00302068 0.00302763
0.0030659 0.00302951 0.00303709
0.00303433 0.00301658 0.00302426
0.00303344 0.00294455 0.00299009
0.00303818 0.00298943 0.00300445
0.0030058 0.00296537 0.00297807
0.00297527 0.00295383 0.00296355
0.00294262 0.00292435 0.0029314
0.00288797 0.0028951 0.00288836
0.00291136 0.00289284 0.0028914
0.00287696 0.00286867 0.0028575
0.0029146 0.00288659 0.00289153
0.00284307 0.00283592 0.00283099
0.00275818 0.00273901 0.00274527
0.00265587 0.00262721 0.00264565
0.00270017 0.00267968 0.00268544
0.00270533 0.0026842 0.00268766
0.0027194 0.00271346 0.00270339
0.00277677 0.0027615 0.00275107
0.00281062 0.00278514 0.00276203
0.00271844 0.00275316 0.00270377
0.00271045 0.00269695 0.00270031
0.00263791 0.00261842 0.00262479
0.00266809 0.00262392 0.00261822
0.00268351 0.00269104 0.00267625
0.002669 0.00269191 0.00265371
0.00263018 0.00261758 0.00262155
0.00258464 0.00258627 0.00258379
0.00255537 0.00257267 0.00253712
0.00253866 0.00254305 0.00252807
0.00259747 0.0025615 0.00256499
0.00256123 0.00258382 0.00254927
0.0025446 0.00253977 0.00252749
0.00246807 0.00250027 0.00248135
0.00245232 0.00243747 0.00242865
0.00238261 0.00237877 0.00237409
0.00244073 0.00243139 0.00241894
0.00243369 0.00244588 0.00245078
0.00242484 0.00241572 0.00241322
0.00245962 0.00246535 0.00243213
0.00244364 0.00247825 0.00244444
0.00240674 0.00239805 0.00239578
0.00243037 0.00245464 0.00243032
0.00240174 0.00241648 0.00238473
0.00231957 0.00236456 0.0023265
0.00242298 0.0024327 0.00242112
0.00246417 0.00244842 0.00245657
0.00244666 0.00247675 0.00243183
0.0024912 0.0024805 0.00247776
0.0024746 0.00247367 0.0024704
0.00250131 0.00251728 0.00250155
0.00253146 0.00254241 0.0025431
0.00250194 0.0025168 0.00251986
0.00248161 0.00249088 0.00248229
0.00247885 0.00250386 0.00248246
0.00249852 0.00251564 0.00249526
0.00240955 0.00240778 0.00241658
0.00248192 0.00249218 0.00247708
0.0025294 0.00251924 0.0025198
0.0025128 0.00251936 0.0025137
0.0024619 0.00243565 0.002444
0.00243231 0.00246359 0.00244778
0.00240683 0.00240947 0.00239412
0.00244367 0.00245403 0.0024418
0.00245768 0.00245431 0.00244957
0.00256215 0.00255126 0.00252314
0.00251113 0.00251801 0.00249895
0.00247767 0.00249873 0.00248704
0.00248093 0.00249798 0.0024691
0.00245771 0.00247748 0.00247064
0.00244902 0.00240982 0.00243911
0.00242178 0.00243049 0.0024312
0.00237846 0.00239333 0.00237433
0.00236395 0.00235247 0.00236009
0.00247578 0.00248809 0.00249109
0.00252309 0.00252546 0.00250606
0.00253399 0.00253666 0.0025396
0.00252602 0.00252244 0.0025277
0.00253744 0.00253463 0.0025532
0.00247347 0.00249579 0.00247696
0.00247385 0.00248342 0.00246408
0.00251591 0.0025338 0.00251278
0.00248492 0.00248035 0.00249404
0.00243257 0.00242841 0.00244317
0.00240596 0.00238669 0.00240637
0.00239351 0.00247373 0.00240363
0.00247683 0.00242786 0.00243267
0.0024379 0.00245272 0.00244482
0.00235115 0.00234358 0.00235662
0.00231405 0.00232854 0.0023156
0.00235158 0.00236241 0.00236147
0.00244321 0.00242759 0.0024324
0.00235698 0.00233381 0.00236261
0.00241263 0.00241159 0.00243151
0.00231953 0.00232976 0.00232874
0.00227054 0.00226413 0.00224666
0.0023095 0.00231124 0.0023009
0.00232651 0.00237894 0.00231578
0.00237032 0.0023795 0.0023465
0.00229672 0.00231466 0.00227645
0.00240328 0.00244708 0.00241546
0.00244336 0.00243531 0.00242696
0.00259969 0.00257894 0.00255466
0.00255163 0.00254701 0.00253024
0.00253949 0.00251534 0.00252033
0.00255296 0.0025457 0.00248666
0.00258089 0.00261512 0.00252379
0.00260804 0.00259141 0.00253857
0.00260715 0.00255391 0.00254817
0.0025684 0.00253065 0.0025376
0.00263528 0.00259768 0.00261518
0.00260969 0.00259871 0.00258834
0.00261644 0.00263062 0.00262329
0.00267231 0.00267048 0.00263508
0.00265468 0.00264719 0.00261865
0.00267024 0.00264479 0.00259267
0.00263449 0.00265648 0.0025964
0.00264669 0.00265976 0.00259551
0.00274523 0.00274215 0.00266455
0.00273798 0.00272785 0.00265896
0.00273557 0.00259402 0.00263517
0.00288981 0.00280305 0.00282206
0.00299604 0.00306635 0.00301049
0.00329259 0.00327085 0.00326953
0.00348532 0.00346166 0.00346103
0.00340568 0.00340233 0.00334757
0.00314201 0.00314282 0.00312733
0.00281623 0.00281868 0.00278295
0.00261475 0.00252255 0.00257044
0.00260701 0.00260915 0.00260302
0.00249399 0.00253065 0.00249355
0.00249508 0.00242561 0.00247724
0.00262354 0.0025788 0.00260076
0.00287086 0.00283838 0.00285341
0.00285275 0.00289857 0.0028778
0.00290052 0.0028849 0.00286833
0.00269307 0.00268053 0.00267395
0.00270236 0.00262006 0.00263414
0.00274276 0.00274333 0.00273918
0.00282146 0.00278493 0.00276922
0.0028653 0.0028033 0.00279192
0.00284725 0.00280776 0.00279776
0.00281226 0.00282253 0.00279243
0.00289114 0.00282951 0.00284528
0.00278869 0.00278054 0.00278972
0.00300003 0.00292636 0.00295587
0.00322048 0.0031972 0.00317265
0.00331495 0.0032058 0.00324959
0.00317624 0.00311105 0.00314836
0.00320865 0.00320727 0.00315807
0.00324869 0.00319942 0.00318568
0.003175 0.00305073 0.00308051
0.00317591 0.00312765 0.00311257
0.00313347 0.00308893 0.00303514
0.00304071 0.0029365 0.00296176
0.00313626 0.00309423 0.00308458
0.00304221 0.00297055 0.00299604
0.00311719 0.00311319 0.00308934
0.00301891 0.00298066 0.0030006
0.00314246 0.00311923 0.00313647
0.00309682 0.00304859 0.00300889
0.00289659 0.00290479 0.00288074
0.00280972 0.00269627 0.00272032
0.00264003 0.00258628 0.00260172
0.00279388 0.002757 0.00274575
0.00294152 0.00292905 0.00293246
0.002917 0.002896 0.0028641
0.00291692 0.00282192 0.00284481
0.00293099 0.00290142 0.00287911
0.00295086 0.00291182 0.0028851
0.00281869 0.00271297 0.00276348
0.00285978 0.00283999 0.00282734
0.00288358 0.00286416 0.00284891
0.0028843 0.00287644 0.0028133
0.00292148 0.00282795 0.00284901
0.00292759 0.00281954 0.00283821
0.00297746 0.00294707 0.00294382
0.00294396 0.00293229 0.00289091
0.00289818 0.00281304 0.00283369
0.00280735 0.0027285 0.00274011
0.0027166 0.00267611 0.0026486
0.00268424 0.00266384 0.00262566
0.00266217 0.00265428 0.00263429
0.00282667 0.0027044 0.00272933
0.00291759 0.0028744 0.00291218
0.00314841 0.00311813 0.00312525
0.00333887 0.00327299 0.00330102
0.00326829 0.00318795 0.00324004
0.00344501 0.00347358 0.00336277
0.00346271 0.00345284 0.00340107
0.003262 0.00330724 0.00329378
0.00341327 0.00348856 0.00336898
0.00339522 0.00337901 0.00333209
0.00334075 0.00333609 0.0032795
0.00326666 0.00321349 0.00320672
0.0032863 0.00322812 0.00323618
0.00320889 0.00318049 0.00311193
0.00325124 0.00317561 0.00312417
0.00317837 0.00312033 0.00310461
0.00320201 0.00305245 0.00308523
0.00314846 0.00292216 0.0030174
0.00328397 0.00318896 0.0032208
0.00345254 0.00339557 0.00339788
0.00358109 0.00341305 0.00347272
0.00343666 0.00333487 0.0034138
0.00350779 0.0034091 0.00346294
0.00366819 0.00354113 0.00356895
0.00371801 0.00361851 0.00364695
0.00379348 0.00367797 0.00369605
0.00380635 0.00378738 0.00378049
0.00377543 0.00373273 0.00374182
0.00375061 0.0036455 0.00368757
0.00370695 0.00358712 0.00363414
0.00373881 0.00373406 0.00370523
0.00392474 0.00396026 0.00392698
0.00388683 0.0039349 0.00385963
0.00394487 0.00393015 0.00390742
0.00368235 0.0035957 0.00361409
0.00345249 0.00329256 0.00338345
0.00337434 0.00321366 0.00329157
0.00329527 0.00309726 0.00322757
0.00326454 0.00304764 0.0031832
0.00332765 0.00313038 0.00322587
0.00333943 0.00316941 0.00323879
0.00343301 0.00323182 0.00331065
0.00351876 0.00329646 0.003398
0.00346485 0.00327048 0.00338176
0.00360496 0.00342928 0.00348389
0.0038377 0.0036933 0.00373053
0.00401983 0.00390843 0.00395171
0.00411432 0.00401079 0.00405893
0.00419495 0.00409661 0.00409693
0.00394484 0.0038298 0.00385813
0.00380779 0.00366064 0.00369166
0.00369674 0.00358742 0.0035923
0.00344206 0.00330429 0.00333693
0.00349408 0.00328158 0.00336332
0.00340793 0.00320525 0.00332535
0.00346302 0.00338766 0.00336832
0.00370463 0.00367495 0.00367018
0.00395855 0.00387645 0.00389502
0.00411466 0.00409045 0.00408364
0.00411473 0.00411717 0.00407614
0.00390949 0.00383494 0.00380413
0.0037503 0.00376579 0.00373521
0.00393895 0.00395189 0.00389171
0.00387146 0.00390475 0.00386479
0.00374836 0.0037015 0.00371915
0.00363355 0.0035994 0.00355521
0.00342878 0.00328449 0.00334427
0.00341251 0.00331305 0.00334971
0.00346834 0.00334672 0.00340907
0.00359038 0.00350186 0.00352421
0.00362681 0.00353794 0.00357143
0.00377613 0.00374723 0.00374149
0.00373661 0.00357361 0.00363339
0.00363942 0.00359137 0.00360904
0.00356012 0.00348945 0.00349842
0.00368868 0.00369387 0.0036323
0.00365877 0.00360129 0.00358879
0.00359159 0.00358684 0.00357269
0.00345088 0.00332371 0.00336718
0.0034124 0.0033786 0.00335335
0.00348841 0.00342817 0.00344661
0.00356653 0.00351634 0.00350982
0.00358967 0.00351674 0.00352564
0.00356423 0.00355498 0.00352027
0.00349288 0.00332692 0.00337893
0.00341877 0.00335544 0.00335689
0.00350797 0.00345675 0.00344212
0.00350036 0.00344128 0.00344894
0.00373735 0.00374613 0.00365617
0.003969 0.00402885 0.00396359
0.00402862 0.00400424 0.00399666
0.00375586 0.00373605 0.00373827
0.00349604 0.00342547 0.00345078
0.00331239 0.00325825 0.00323363
0.00341175 0.00340113 0.00333795
0.00367379 0.00373787 0.00365193
0.00373901 0.00377961 0.00371293
0.00371868 0.00367392 0.00368765
0.00354173 0.00351852 0.00351929
0.00357898 0.00353325 0.00352384
0.00341844 0.00335972 0.00337802
0.0032417 0.00325383 0.00321943
0.00323734 0.0032185 0.003166
0.00317679 0.00304312 0.00311054
0.00309539 0.00292538 0.00300765
0.00302102 0.00289277 0.0029634
0.00322565 0.00317134 0.00315143
0.00355555 0.00353279 0.00355078
0.00377921 0.00381301 0.00380337
0.0038146 0.00378408 0.00379901
0.0037763 0.00369165 0.00374612
0.00368141 0.00367859 0.00360272
0.00362111 0.00352465 0.00350137
0.00364419 0.00354381 0.00358976
0.00351996 0.00345656 0.0034673
0.00346041 0.00343551 0.00342456
0.00341175 0.00335928 0.00338849
0.00337957 0.0033846 0.00337468
0.00357011 0.00354214 0.00348322
0.00371619 0.00358455 0.0036575
0.00374086 0.00369472 0.0037154
0.00379056 0.00373257 0.00374268
0.0038683 0.00378093 0.00384508
0.00390858 0.00379875 0.00387866
0.00379982 0.00372521 0.003705
0.00365872 0.00360161 0.00361967
0.00364466 0.00365199 0.00362295
0.00357152 0.00349375 0.00348972
0.00344206 0.00338077 0.00338285
0.0034034 0.00328529 0.00333648
0.00343454 0.0033417 0.00338254
0.00350731 0.00355443 0.00346925
0.00356719 0.0036092 0.0035753
0.00367882 0.00377646 0.00371946
0.00368256 0.00355634 0.00356347
0.0036413 0.00356932 0.00356876
0.00352613 0.00345991 0.0034936
0.00355125 0.00345864 0.00346813
0.00350694 0.00347436 0.00345911
0.00354833 0.00347616 0.00348939
0.00342142 0.00333563 0.00338429
0.00345711 0.00340747 0.00343082
0.00340317 0.00336625 0.00337478
0.0033671 0.00330951 0.00333258
0.00346487 0.00342188 0.00339195
0.0035162 0.00343633 0.00345012
0.00342282 0.00336315 0.00337301
0.00336663 0.00325563 0.0032715
0.00338222 0.00331196 0.00332908
0.00356828 0.00353526 0.00354854
0.00367082 0.00363496 0.00359784
0.00391262 0.00389243 0.00386297
0.00390054 0.00394351 0.00387415
0.00381418 0.00380237 0.00381699
0.00385217 0.00375385 0.00376892
0.00362612 0.00362856 0.00358589
0.00359948 0.00358754 0.0035661
0.0035224 0.00352229 0.00348814
0.00340741 0.00323783 0.00333926
0.00336961 0.00329073 0.00331058
0.00349484 0.00341765 0.00342042
0.00354279 0.00347449 0.0035046
0.00370171 0.00360536 0.0036471
0.00388093 0.00384903 0.00384191
0.00388303 0.00383451 0.00384301
0.00389754 0.00389452 0.00383436
0.00363307 0.00366476 0.00362312
0.00356903 0.00353242 0.00353432
0.00349149 0.00341715 0.00344156
0.0033317 0.00328964 0.0033057
0.00335073 0.00329065 0.00333867
0.00333377 0.00326588 0.00329679
0.00336417 0.00337259 0.00331877
0.00360631 0.00348326 0.00351512
0.00357681 0.0035083 0.0035461
0.00364915 0.00353374 0.00357115
0.00348669 0.0033954 0.00343848
0.00343744 0.0033983 0.00340874
0.00338878 0.00331843 0.00336595
0.00350346 0.00345242 0.00344888
0.00356346 0.0035772 0.00356669
0.00357328 0.00360547 0.00354492
0.00350974 0.0034002 0.00344673
0.00360574 0.00367383 0.00357884
0.00371945 0.00374062 0.00369624
0.00390469 0.00394469 0.00391608
0.00405429 0.00404946 0.0039862
0.00391289 0.00398587 0.003906
0.00385288 0.00380861 0.00379988
0.00361723 0.00353203 0.00352094
0.00345225 0.00337646 0.00339102
0.00326473 0.00317929 0.00320537
0.0032626 0.00321846 0.0032059
0.00322049 0.00317015 0.00318935
0.00323568 0.0032131 0.00318992
0.00323663 0.00316412 0.00321277
0.00341949 0.00334053 0.00336128
0.00361709 0.0036296 0.00357024
0.00396788 0.00398157 0.0039994
0.00412019 0.00409105 0.004106
0.00402751 0.00388876 0.00392888
0.00380086 0.00374873 0.00374995
0.00366255 0.00372672 0.00365034
0.00349028 0.00334512 0.00339415
0.00341136 0.00336793 0.0033171
0.00338665 0.00333725 0.00338612
0.00345886 0.00338425 0.00341358
0.00351398 0.00347973 0.00344289
0.00347862 0.00347435 0.0034504
0.00356014 0.0035676 0.00352483
0.00354849 0.00353193 0.00352692
0.00364674 0.00364923 0.0035771
0.00344685 0.00336257 0.00338289
0.00340136 0.0033255 0.00337455
0.00348924 0.00345326 0.00348375
0.00353284 0.00350224 0.00352153
0.00366618 0.00356359 0.00357194
0.00349684 0.0034578 0.00346733
0.00351831 0.00346525 0.00346983
0.00346523 0.00342518 0.00345471
0.00365608 0.00357943 0.00358782
0.00363138 0.0036363 0.00359736
0.00381794 0.00390338 0.00382837
0.00366393 0.00372587 0.00363787
0.00352729 0.00340969 0.00343188
0.00337208 0.00332489 0.00332493
0.00319999 0.00314937 0.00316326
0.00322871 0.00318164 0.00320033
0.0032615 0.00322094 0.00322212
0.00338996 0.00323425 0.00331163
0.00338444 0.00331359 0.00334193
0.00349609 0.00340594 0.00344993
0.00365864 0.00362822 0.00360887
0.00381294 0.00381129 0.0037915
0.00388577 0.00379896 0.00377038
0.00374907 0.00379316 0.00374479
0.00362313 0.00363639 0.00355679
0.00350874 0.00340917 0.00344302
0.00333778 0.00323134 0.00327422
0.00329255 0.00317459 0.00322137
0.00341877 0.00327292 0.00332033
0.00340669 0.0033788 0.00339248
0.00342668 0.00338925 0.00341503
0.00354961 0.00346826 0.00347354
0.00338065 0.00332581 0.00334137
0.00347383 0.00339364 0.00342266
0.00359105 0.00351502 0.00354321
0.00353891 0.00350797 0.00350707
0.00355873 0.00350112 0.00350621
0.00351148 0.00349772 0.00349579
0.00343307 0.00334547 0.00337297
0.00346889 0.00336353 0.00339325
0.00347766 0.00341778 0.00343421
0.00359574 0.00352254 0.00354073
0.00347031 0.00332405 0.00338736
0.00346687 0.00336478 0.00340666
0.00350033 0.00346076 0.00347582
0.00351885 0.00346349 0.00348854
0.00353286 0.00349655 0.00346986
0.00350074 0.00344969 0.00344444
0.00342106 0.00338168 0.00341032
0.00362196 0.00350118 0.00352908
0.00358265 0.00352182 0.00355621
0.00351037 0.00344186 0.00347626
0.00346721 0.00343492 0.00345877
0.00351776 0.00346519 0.00347402
0.00374184 0.00366251 0.00364209
0.00381877 0.0037838 0.00379828
0.00380367 0.00374198 0.0037936
0.00375999 0.00372737 0.00366057
0.00366189 0.00364932 0.00362091
0.00352182 0.00352979 0.00349469
0.00332704 0.00326403 0.00331619
0.00324062 0.00319765 0.00323962
0.00345735 0.00340861 0.00338706
0.00349816 0.00342277 0.00345635
0.00377025 0.00378071 0.00374517
0.00411553 0.00417402 0.00406816
0.00393294 0.00396326 0.0039044
0.00376641 0.00382235 0.0037442
0.00373674 0.00370005 0.00372281
0.00357798 0.00364165 0.00357632
0.00352235 0.00355238 0.00352268
0.00345018 0.00343314 0.00343914
0.00339292 0.00338414 0.0033394
0.00331995 0.00326814 0.00329949
0.00317578 0.0031975 0.00319276
0.00326655 0.00333261 0.00324876
0.00347017 0.0033713 0.00340382
0.00363443 0.00358839 0.00360785
0.00364972 0.00360913 0.00363135
0.00357131 0.00352569 0.00353914
0.00364586 0.00352391 0.00354118
0.00354032 0.0035417 0.00353329
0.00350661 0.00343897 0.0034077
0.00328128 0.00310039 0.00318434
0.00326296 0.00316648 0.00317502
0.00329805 0.00323672 0.00325053
0.00329541 0.00323494 0.00325766
0.003227 0.003227 0.00322984
0.00333547 0.00333547 0.00334519
0.00338719 0.00338719 0.00340491
0.00341884 0.00341884 0.00343372
0.00345771 0.00345771 0.00346492
0.00345656 0.00345656 0.00346744
0.00345335 0.00345335 0.00346177
0.00343926 0.00343926 0.00346654
0.00343205 0.00343205 0.00345909
0.00341657 0.00341657 0.00342844
0.00344445 0.00344445 0.00344978
0.00345978 0.00345978 0.00345133
0.00344496 0.00344496 0.00346079
0.00344365 0.00344365 0.00346028
0.00345663 0.00345663 0.00345815
0.00344893 0.00344893 0.00344515
0.00345811 0.00345811 0.00345339
0.00345129 0.00345129 0.00344992
0.00344804 0.00344804 0.00343894
0.00344147 0.00344147 0.00345271
0.00349212 0.00349212 0.00350534
0.0034906 0.0034906 0.00350798
0.003503 0.003503 0.00350491
0.00348232 0.00348232 0.00349377
0.00349166 0.00349166 0.00350538
0.00348974 0.00348974 0.00349376
0.00347553 0.00347553 0.00349901
0.0034896 0.0034896 0.00349875
0.00348817 0.00348817 0.00350042
0.00348264 0.00348264 0.00349768
0.00348518 0.00348518 0.00348763
0.00357781 0.00357781 0.00359043
0.00358048 0.00358048 0.00359613
0.00356983 0.00356983 0.00356914
0.00362348 0.00362348 0.00362505
0.00362232 0.00362232 0.00363855
0.00363793 0.00363793 0.00365145
0.00363969 0.00363969 0.00364883
