89.8144840194
89.7835451936
89.7949678408
89.8281320977
89.8143564384
89.8022293116
89.8075579721
86.0144481595
84.5887226785
86.3735760441
83.9799542656
82.5830692028
82.5807909858
82.5779159211
82.5836440685
82.546575258
82.5743035016
82.5795191735
82.5744137834
82.5840207038
82.5774661989
82.587857135
82.5648683514
82.606665544
82.6019996909
82.6160788809
80.5789326523
77.3757980839
75.5457659848
75.5227474263
75.4624757308
75.452181246
75.4329884674
75.457231518
75.5140759212
75.5312763633
75.5505779085
75.5866676567
75.5873687517
75.5952887836
75.7598598679
75.7576282911
75.7524388039
72.3897243843
70.6176454117
71.1223632545
69.2970604177
68.900080232
68.8848738067
68.8911041744
68.9118083318
68.8923284998
68.8787445348
68.9320714798
68.9576822617
68.9530194569
68.0536555997
67.5874449456
66.2083175641
65.6963425892
65.4817313416
65.2765393568
63.8868427304
63.8672998187
63.0313113951
62.5758642632
62.1981555248
62.2130247497
62.2241693113
61.9520581294
62.2951798333
62.3384440041
62.0325587139
62.0234767323
61.2040524338
59.8955713065
59.0972743482
58.630885813
58.9481143835
58.0418400295
57.4628611455
57.5843754949
56.4103288123
56.0296139945
56.0473608495
55.1340981735
55.1313254699
55.1684776687
55.2078280779
55.3424129671
55.3125129272
54.1365238392
53.0611798671
53.2825858176
52.7938058116
52.1799736089
53.0089334171
51.5638575475
50.8456102314
51.2567677038
50.7585039572
50.3894843471
50.4722146449
49.4365933259
49.0464630584
49.3284214069
49.0574738343
49.0722504164
49.1003756004
49.0991158188
48.6427445829
49.1822440827
47.9438650231
47.902942967
46.8952226661
46.801428424
46.2004682607
46.1524738919
45.1707078022
45.2084991436
44.9560107515
44.954094842
44.6584611471
44.3016312851
44.3861622406
44.0791132708
43.2214545508
43.6565894085
42.9515587219
43.0700317851
43.6428275331
42.765472981
42.3080629341
42.1362465282
41.5851447494
40.8956182472
40.66163827
40.0744287141
39.3963554875
38.9601055521
38.6007541341
38.6799846738
38.8448325853
38.90696376
38.2680231509
38.2502938865
37.4880068779
37.3306511883
37.7138517407
37.3095102949
37.2868021782
36.386844825
36.1259743318
35.8246723923
35.126296915
34.4030058073
33.8401351466
33.3971057842
33.4146754978
33.4287057808
33.073582126
33.2612291042
33.3085931878
32.7186678956
32.4129574439
32.2677280171
32.2153124215
32.3395681087
32.2863777659
31.9789800611
31.977069365
31.9881338752
31.7849421207
31.811839827
31.3095084646
31.2432530318
31.1630227122
30.8173016228
31.1936025934
30.4492572453
30.4157627124
29.8701465203
29.0555287814
28.8053847338
28.7429308702
28.7062437538
28.7123184675
28.7513758014
28.7378706846
28.734867305
29.0434419995
28.9532263502
28.7958648834
28.6682582155
28.7819082015
29.0748425348
29.0919601585
28.631186926
28.7114210503
28.6623600011
28.7296043044
28.7337599634
28.7388667003
29.022129563
28.784030045
28.734556151
28.7572835637
28.7796805906
28.7648412585
28.7809696163
28.7767595488
28.8158060193
28.8135755809
28.8177722517
28.796736655
28.8092498171
28.805705991
28.7897303928
28.7875560277
28.8124208112
28.8173204356
28.8216999693
28.8417324298
28.8403828176
28.8083387311
28.8354979041
28.7848434646
28.8054221176
28.811432112
28.8192574073
28.861164951
28.8356713832
28.817814199
28.8962322208
28.8881306759
28.8935063091
28.8658638706
28.858277951
28.8270356981
28.3964555679
28.5444739515
28.5110478372
28.1907330394
28.1059468108
28.1109459941
28.1263173252
27.8548141274
28.1815532924
28.2041337748
27.8162137925
28.1986888916
28.191036726
27.8185661268
27.8308817785
27.9174610032
27.9258210934
27.9321182554
27.9301668695
27.8357785347
27.8420884112
27.8461359854
27.6234908957
27.5927487743
27.6186217294
27.6458742001
27.649163446
27.8758801152
28.013478298
27.8366554457
27.8152337339
27.8165537608
27.8491267969
27.6217137821
27.6188581261
27.6179879373
27.5962879861
27.6201918501
27.6256711423
27.5127007852
27.5219021729
27.5290037136
27.5280137927
27.5313057552
27.5563157738
27.4110122885
27.4632035044
27.4846371042
27.4849124059
27.4960148114
27.4954303837
27.5017843948
27.4999132366
27.1654859058
27.2006792325
27.2020989487
27.2128689297
27.1898593509
27.1951257617
26.883031525
26.8847096135
26.8775157584
26.8795835512
26.8882286924
26.8863530744
26.8292236607
26.8380883173
26.9080856271
26.9186448666
26.9227667513
26.9197666564
26.8956390381
26.8947145536
26.8843902054
26.8685621456
26.8701353208
26.8600441221
26.8646934987
26.8317812414
26.8264811551
26.8327016066
26.6695589039
26.6593829598
26.6749717368
26.6300596353
26.6118607106
26.6172972531
26.6169875525
26.5496758753
26.5930189043
26.5841319241
26.5295851667
26.5142099358
26.5187658772
26.4518982298
26.4646821675
26.468927844
26.4619379966
26.46130282
26.3055319351
26.4281325506
26.2308590057
26.2344400038
26.2411008559
26.0180932127
26.0122875144
25.8900461976
25.7921534036
25.8876800487
25.8879322302
25.5902991377
25.491337413
