1.09377 1.08563 1.08549
1.10054 1.0963 1.09783
1.083 1.08614 1.08787
1.07647 1.08092 1.08164
1.07924 1.07226 1.07313
1.07946 1.06889 1.07088
1.08189 1.0677 1.06884
1.08682 1.07709 1.07945
1.07547 1.07613 1.0775
1.0839 1.0777 1.07739
1.09257 1.08433 1.08545
1.09335 1.08434 1.08332
1.09372 1.08884 1.08314
1.1015 1.0909 1.09038
1.08369 1.08849 1.08919
1.09092 1.08142 1.08859
1.09499 1.09841 1.09357
1.09698 1.08607 1.08716
1.08427 1.08594 1.08568
1.09389 1.0835 1.08563
1.08494 1.07545 1.07876
1.07083 1.0786 1.0781
1.06391 1.0641 1.06667
1.06544 1.06696 1.06572
1.06227 1.06272 1.06314
1.05864 1.06256 1.06739
1.06456 1.06534 1.06038
1.06168 1.06104 1.05869
1.06927 1.07125 1.07005
1.0661 1.07425 1.0711
1.06351 1.06284 1.06213
1.05921 1.05541 1.05639
1.06282 1.0608 1.06407
1.06084 1.07924 1.0803
1.05862 1.05879 1.05864
1.07225 1.08052 1.0828
1.06904 1.10248 1.10078
1.07912 1.09416 1.08212
1.11228 1.11226 1.11131
1.0769 1.07604 1.07357
1.0851 1.08806 1.08591
1.07906 1.08856 1.08698
1.07307 1.08313 1.0811
1.06407 1.07547 1.0729
1.07343 1.08441 1.08013
1.07112 1.08733 1.08501
1.05852 1.07449 1.07018
1.07672 1.09275 1.0909
1.09504 1.12733 1.12773
1.08294 1.08725 1.08463
1.12245 1.10649 1.10774
1.09823 1.11556 1.11674
1.08049 1.08328 1.08285
1.09114 1.09971 1.09588
1.09238 1.09363 1.09135
1.07994 1.08778 1.08416
1.05936 1.07221 1.06861
1.05617 1.07715 1.06949
1.05716 1.06025 1.05298
1.05702 1.07733 1.06965
1.05668 1.07558 1.07034
1.0553 1.06522 1.05542
1.06273 1.08348 1.0749
1.05763 1.07746 1.06999
1.04136 1.0639 1.06193
1.06271 1.08094 1.08015
1.06053 1.08524 1.08334
1.05983 1.06662 1.06683
1.07271 1.08731 1.08414
1.06273 1.08356 1.08326
1.04495 1.06668 1.06391
1.07661 1.0868 1.08409
1.06364 1.08612 1.08148
1.06133 1.07092 1.06439
1.0887 1.09629 1.09001
1.08321 1.08792 1.08175
1.06293 1.07691 1.07122
1.07228 1.07746 1.07318
1.06391 1.07867 1.07217
1.06792 1.08003 1.07839
1.07724 1.09375 1.08412
1.07304 1.08899 1.08309
1.0745 1.07741 1.0721
1.09157 1.09946 1.09664
1.09767 1.10028 1.10605
1.08715 1.103 1.10485
1.10154 1.11824 1.11832
1.14139 1.16277 1.1621
1.09421 1.1495 1.12619
1.12746 1.14105 1.13977
1.11462 1.13882 1.13683
1.07765 1.11367 1.11077
1.08664 1.11329 1.10937
1.09834 1.09398 1.09109
1.09812 1.11665 1.11322
1.10359 1.13977 1.1292
1.11635 1.14019 1.14046
1.08976 1.12565 1.11191
1.11468 1.14846 1.1362
1.12551 1.16024 1.14525
1.09903 1.13665 1.12459
1.13275 1.16299 1.14986
1.13725 1.16954 1.16144
1.10777 1.14509 1.13528
1.1325 1.15371 1.15683
1.14784 1.168 1.164
1.12005 1.15153 1.14678
1.13403 1.16783 1.15636
1.13443 1.16346 1.15835
1.11121 1.13256 1.12523
1.11796 1.14558 1.13646
1.11824 1.14034 1.1391
1.09794 1.10653 1.11071
1.08604 1.11112 1.10671
1.08437 1.12204 1.11185
1.1083 1.13864 1.13006
1.07898 1.11674 1.10139
1.10986 1.10911 1.10213
1.09261 1.1094 1.11176
1.09173 1.12618 1.11102
1.14902 1.14174 1.13528
1.12487 1.1539 1.14681
1.14112 1.17248 1.15925
1.16246 1.18924 1.17809
1.17705 1.19367 1.19806
1.18377 1.1933 1.19442
1.18001 1.19955 1.2012
1.19022 1.20442 1.20822
1.19448 1.21694 1.21406
1.21278 1.23854 1.23111
1.22623 1.25421 1.25465
1.19961 1.22227 1.21758
1.19605 1.22581 1.21746
1.21358 1.25353 1.23979
1.24816 1.2847 1.27585
1.27592 1.30865 1.30261
1.29562 1.33097 1.32445
1.31695 1.34818 1.34715
1.33769 1.34431 1.36269
1.3234 1.35134 1.34913
1.33632 1.3502 1.3631
1.3272 1.3483 1.35348
1.32705 1.36081 1.35279
1.345 1.35731 1.37083
1.33698 1.34489 1.35881
1.31613 1.34784 1.34255
1.3314 1.33992 1.35579
1.31432 1.34801 1.33935
1.33802 1.34391 1.36019
1.31387 1.34614 1.33817
1.3225 1.35365 1.34391
1.34214 1.34852 1.36672
1.32462 1.34781 1.35046
1.32334 1.33276 1.35106
1.31147 1.34031 1.33637
1.33638 1.34222 1.3575
1.32783 1.34711 1.34759
1.33956 1.34589 1.35928
1.34101 1.34973 1.34851
1.33886 1.34069 1.35646
1.31832 1.34963 1.34191
1.34085 1.34644 1.36071
1.32183 1.3598 1.34713
1.35336 1.35694 1.37164
1.34172 1.34474 1.35744
1.35343 1.35681 1.34349
1.34833 1.35459 1.36967
1.33932 1.33941 1.35647
1.35517 1.348 1.33748
1.34824 1.34649 1.36993
1.3532 1.3654 1.37803
1.349 1.34647 1.36477
1.3512 1.34719 1.34174
1.33823 1.33443 1.35039
1.33168 1.34044 1.33083
1.33502 1.3598 1.35069
1.35053 1.35366 1.37064
1.35991 1.35956 1.35008
1.34839 1.34872 1.3703
1.35853 1.35907 1.34213
1.35339 1.36087 1.37311
1.34562 1.34415 1.35904
1.33635 1.35304 1.34136
1.34461 1.34467 1.36469
1.34155 1.34953 1.33953
1.34584 1.34556 1.3586
1.3522 1.35326 1.33979
1.34581 1.35213 1.36372
1.35286 1.35542 1.36774
1.35977 1.35634 1.3486
1.34934 1.35268 1.36485
1.35558 1.35851 1.34402
1.35697 1.3595 1.34557
1.35228 1.36025 1.37122
1.35611 1.35611 1.35802
1.35592 1.35592 1.35809
1.3591 1.3591 1.36109
1.35919 1.35919 1.36125
1.35909 1.35909 1.36107
1.36227 1.36227 1.36408
1.36225 1.36225 1.36409
1.36214 1.36214 1.36382
1.36215 1.36215 1.364
1.36491 1.36491 1.36625
1.36468 1.36468 1.3665
1.36486 1.36486 1.36655
1.36742 1.36742 1.36929
1.36771 1.36771 1.36956
1.36781 1.36781 1.36959
1.36768 1.36768 1.36958
1.37053 1.37053 1.37231
1.3709 1.3709 1.37267
1.37092 1.37092 1.37275
1.37368 1.37368 1.37571
1.37387 1.37387 1.37588
1.37396 1.37396 1.37597
1.37396 1.37396 1.376
1.37709 1.37709 1.37895
1.37714 1.37714 1.37892
1.3775 1.3775 1.37934
1.37355 1.38023 1.38195
1.37377 1.38055 1.38224
1.38067 1.37447 1.38235
1.36012 1.36092 1.37111
1.36226 1.36063 1.37387
1.34637 1.35526 1.35672
1.34777 1.35617 1.35758
1.35883 1.34961 1.36032
1.35538 1.36379 1.34671
1.35855 1.35986 1.37574
1.36435 1.36401 1.37934
1.35594 1.35594 1.35721
1.35554 1.35554 1.35638
1.35731 1.35731 1.35865
1.35738 1.35738 1.3587
1.35784 1.35784 1.35908
1.35795 1.3484 1.35918
1.35001 1.35985 1.36113
1.36007 1.35102 1.36134
1.35474 1.35472 1.34722
1.34582 1.35033 1.34849
1.35173 1.35173 1.35295
1.35206 1.34263 1.35344
1.35477 1.35477 1.35633
1.3446 1.3547 1.35647
1.35433 1.34555 1.34092
1.35223 1.35614 1.35077
1.35211 1.35206 1.36329
1.35236 1.35336 1.36665
1.36242 1.35824 1.34772
1.35232 1.36369 1.36484
1.35713 1.35586 1.36749
1.34959 1.34959 1.35061
1.34884 1.34884 1.35007
1.35093 1.35093 1.35206
1.35153 1.35153 1.35266
1.35147 1.35147 1.35253
1.35167 1.35167 1.3527
1.35374 1.35374 1.35481
1.35446 1.35446 1.35549
1.357 1.357 1.35806
1.35751 1.35751 1.35843
1.35737 1.35737 1.35846
1.35747 1.35747 1.35845
1.35946 1.35946 1.36041
1.36016 1.36016 1.36109
1.36007 1.36007 1.3611
1.36187 1.36187 1.36273
1.36249 1.36249 1.36317
1.36253 1.36253 1.3632
1.36411 1.36411 1.36469
1.36457 1.36457 1.36514
1.3647 1.3647 1.36524
1.35974 1.35846 1.36688
1.35265 1.35265 1.35371
1.35075 1.35075 1.35188
1.35273 1.35273 1.35383
1.35328 1.35328 1.35457
1.35358 1.35358 1.35473
1.35362 1.35362 1.35464
1.35586 1.35586 1.35691
1.35643 1.35643 1.35748
1.35639 1.35639 1.3575
1.35638 1.35638 1.35749
1.3586 1.3586 1.35937
1.35902 1.35902 1.3598
1.35914 1.35914 1.36003
1.36107 1.36107 1.36201
1.36156 1.36156 1.36244
1.36173 1.36173 1.36258
1.36361 1.36361 1.36449
1.36607 1.36607 1.36691
1.36646 1.36646 1.36731
1.36646 1.36646 1.36758
1.36636 1.36636 1.36751
1.36827 1.36827 1.36928
1.36863 1.36863 1.36982
1.36874 1.36874 1.36952
1.36939 1.36939 1.37035
1.36987 1.36987 1.37062
1.37012 1.37012 1.3711
1.37198 1.37198 1.37296
1.37182 1.37182 1.37311
1.372 1.372 1.37332
1.37402 1.37402 1.37499
1.37445 1.37445 1.37542
1.3749 1.3749 1.37569
1.37491 1.37491 1.37563
1.37649 1.37649 1.37738
1.37651 1.37651 1.3773
1.37725 1.37725 1.37811
1.37824 1.37824 1.37917
1.37873 1.37873 1.37942
1.37901 1.37901 1.37972
1.37884 1.37884 1.37972
1.38054 1.38054 1.38135
1.38115 1.38115 1.382
1.38123 1.38123 1.38203
1.38131 1.38131 1.38214
1.38245 1.38245 1.38349
1.38269 1.38269 1.3836
1.38317 1.38317 1.38433
1.38369 1.38369 1.38451
1.38651 1.38651 1.38744
1.38773 1.38773 1.38891
1.38781 1.38781 1.38895
1.38966 1.38966 1.39084
1.39003 1.39003 1.39115
1.39057 1.39057 1.39193
1.39074 1.39074 1.39204
1.39315 1.39315 1.39443
1.39359 1.39359 1.39501
1.39407 1.39407 1.39534
1.39408 1.39408 1.39533
1.39624 1.39624 1.3972
1.39663 1.39663 1.39769
1.39667 1.39667 1.3979
1.39922 1.39922 1.3999
1.39951 1.39951 1.39989
1.4006 1.4006 1.40138
1.40092 1.40092 1.40193
1.4012 1.4012 1.40221
1.40131 1.40131 1.4024
1.40151 1.40151 1.40253
1.40341 1.40341 1.40427
1.40373 1.40373 1.40444
1.4036 1.4036 1.40485
1.40567 1.40567 1.4061
1.40677 1.40677 1.40706
1.40707 1.40707 1.40751
1.4075 1.4075 1.40792
