1.08304 1.08096 1.08488
1.07399 1.07104 1.07676
1.06501 1.0677 1.06647
1.06308 1.06335 1.063
1.06395 1.05884 1.05898
1.08187 1.06914 1.06157
1.07635 1.0612 1.06235
1.06789 1.08673 1.0831
1.10984 1.09047 1.09027
1.07752 1.08905 1.09248
1.09008 1.07161 1.06877
1.05671 1.07421 1.07416
1.10141 1.07873 1.07961
1.09419 1.11004 1.11403
1.13103 1.11779 1.11238
1.09328 1.11597 1.11418
1.06628 1.08672 1.08525
1.11113 1.08986 1.09009
1.10863 1.09729 1.09023
1.09873 1.11809 1.11438
1.10372 1.11543 1.11944
1.13358 1.12624 1.11939
1.11743 1.13564 1.13356
1.11852 1.12802 1.1302
1.11555 1.12542 1.13019
1.08685 1.10471 1.10498
1.1262 1.10958 1.10498
1.12474 1.11212 1.10827
1.1149 1.13638 1.13546
1.12192 1.13958 1.14039
1.12403 1.14127 1.1433
1.09428 1.11022 1.1143
1.12277 1.11335 1.10639
1.08817 1.11586 1.10917
1.09588 1.08688 1.08113
1.10929 1.09332 1.0914
1.11593 1.10049 1.09674
1.14917 1.13193 1.12639
1.14709 1.1446 1.13798
1.11625 1.13953 1.141
1.12183 1.10911 1.10523
1.12518 1.10734 1.10875
1.13587 1.10932 1.11358
1.12767 1.14909 1.1485
1.12794 1.14734 1.15251
1.13169 1.16222 1.15467
1.09595 1.1273 1.12269
1.1452 1.12906 1.12896
1.10988 1.12907 1.13096
1.11995 1.10233 1.10307
1.11768 1.10799 1.09738
1.07393 1.09746 1.0944
1.08437 1.07546 1.07263
1.08774 1.08687 1.07915
1.09455 1.0883 1.07839
1.11656 1.11268 1.10302
1.10099 1.12448 1.11733
1.13994 1.1181 1.11743
1.13581 1.15066 1.14932
1.12638 1.1432 1.15534
1.12754 1.14837 1.14738
1.11268 1.13496 1.13022
1.10868 1.13753 1.1335
1.11471 1.14416 1.13936
1.12247 1.11729 1.11257
1.13989 1.12562 1.12485
1.12139 1.13757 1.13134
1.11527 1.12941 1.12089
1.15881 1.14543 1.1376
1.15831 1.14436 1.1445
1.15298 1.17646 1.16865
1.16357 1.18025 1.18484
1.16597 1.18235 1.1894
1.1725 1.16197 1.15554
1.14513 1.16841 1.16408
1.14567 1.16923 1.16897
1.11211 1.13745 1.13762
1.12241 1.15071 1.14064
1.16369 1.15628 1.14818
1.15176 1.17517 1.1757
1.15906 1.17786 1.17907
1.15808 1.1871 1.18403
1.12183 1.15649 1.14825
1.14027 1.17722 1.16524
1.15526 1.17347 1.17114
1.12365 1.15867 1.14971
1.13937 1.1713 1.16182
1.14122 1.17276 1.16239
1.15533 1.14598 1.13363
1.13052 1.15907 1.15171
1.17209 1.16653 1.15331
1.15739 1.18893 1.18087
1.17206 1.19612 1.19409
1.17317 1.18993 1.19487
1.14946 1.17253 1.16477
1.15335 1.18005 1.17597
1.15295 1.18422 1.17364
1.15703 1.15619 1.14455
1.16496 1.16104 1.15789
1.14467 1.17063 1.16649
1.15618 1.14853 1.14454
1.14327 1.16945 1.16113
1.15271 1.17615 1.17137
1.15762 1.15322 1.14866
1.1345 1.15964 1.15899
1.18345 1.17627 1.1655
1.17346 1.19871 1.19739
1.18271 1.21776 1.20501
1.18518 1.22001 1.21001
1.15825 1.18371 1.1753
1.16615 1.17895 1.18986
1.17557 1.19154 1.19603
1.14846 1.16674 1.16923
1.14876 1.17495 1.16793
1.14748 1.18226 1.17376
1.16072 1.1899 1.18019
1.13043 1.16237 1.15538
1.18631 1.18193 1.17105
1.15127 1.17789 1.17924
1.20212 1.19616 1.18447
1.16199 1.19179 1.1863
1.16218 1.18926 1.18761
1.16451 1.20792 1.18911
1.17469 1.19992 1.19036
1.1677 1.18616 1.1912
1.16894 1.1999 1.19184
1.17052 1.19784 1.19101
1.16862 1.18325 1.18831
1.16777 1.1778 1.18676
1.16433 1.19798 1.18604
1.16732 1.19446 1.18588
1.13852 1.17233 1.15873
1.16193 1.18168 1.17794
1.15379 1.18602 1.17491
1.1572 1.18611 1.17859
1.19556 1.18593 1.18454
1.1758 1.20191 1.19006
1.19752 1.22684 1.21501
1.19788 1.21583 1.21721
1.195 1.20967 1.21187
1.19257 1.21913 1.20893
1.20533 1.2264 1.2243
1.20447 1.23168 1.22512
1.21778 1.24874 1.23726
1.21958 1.22707 1.23743
1.21666 1.25155 1.2368
1.23654 1.25777 1.25769
1.23626 1.26525 1.25675
1.25727 1.28658 1.27423
1.22416 1.26501 1.24618
1.22679 1.26549 1.24457
1.25652 1.29277 1.28018
1.28692 1.30721 1.30615
1.28677 1.30542 1.31017
1.28868 1.29503 1.30755
1.29153 1.30067 1.31107
1.28292 1.27953 1.29914
1.28143 1.28234 1.30116
1.27446 1.27608 1.27599
1.28119 1.29356 1.27831
1.28905 1.28425 1.30374
1.28441 1.28916 1.3064
1.28436 1.29606 1.28151
1.27225 1.27713 1.28499
1.26955 1.30344 1.28807
1.29156 1.29232 1.31306
1.29148 1.29112 1.31602
1.26603 1.29623 1.28094
1.2686 1.27513 1.28465
1.27636 1.27613 1.26289
1.26486 1.26853 1.28654
1.26635 1.27426 1.28912
1.28559 1.28182 1.27048
1.28923 1.28781 1.27259
1.28101 1.29496 1.30002
1.28374 1.30119 1.30323
1.28639 1.29918 1.30573
1.30509 1.30331 1.29863
1.28476 1.30296 1.30274
1.29362 1.29427 1.30609
1.29496 1.30931 1.30892
1.30136 1.3026 1.31166
1.2968 1.30211 1.31628
1.28519 1.30361 1.29841
1.28683 1.3103 1.30241
1.30748 1.30955 1.31688
1.30884 1.30556 1.32072
1.30891 1.31721 1.32406
1.31065 1.30699 1.31529
1.30475 1.31764 1.31975
1.29557 1.30912 1.31905
1.30335 1.30107 1.28579
1.30692 1.30284 1.28921
1.29679 1.30106 1.31411
1.30306 1.30428 1.31834
1.30896 1.31094 1.29807
1.28284 1.3048 1.30149
1.29136 1.29324 1.30509
1.29997 1.28893 1.28885
1.27567 1.29894 1.29222
1.28781 1.29812 1.30705
1.29047 1.29296 1.30979
1.29877 1.29284 1.28603
1.2763 1.27988 1.28886
1.27962 1.29896 1.29269
1.28675 1.29507 1.30569
1.30023 1.29769 1.2921
1.27923 1.29281 1.29436
1.2835 1.29884 1.29815
1.28829 1.3109 1.30239
1.2888 1.29208 1.30565
1.29402 1.29478 1.28631
1.27855 1.29992 1.28971
1.28026 1.30112 1.29308
1.29113 1.2999 1.30864
1.29667 1.2996 1.31187
1.29267 1.28702 1.28935
1.30212 1.30168 1.29387
1.29369 1.29707 1.31014
1.29686 1.30358 1.31403
1.2876 1.29831 1.29919
1.28598 1.28921 1.30176
1.29002 1.30411 1.3058
1.29111 1.299 1.30699
1.28578 1.2908 1.29707
1.28567 1.29384 1.29965
1.28876 1.2967 1.3034
1.28522 1.29794 1.29725
1.28783 1.29608 1.30039
1.283 1.28895 1.29545
1.28308 1.29783 1.29843
1.29614 1.28875 1.29943
1.28778 1.29071 1.30203
1.29508 1.3046 1.30501
1.29147 1.30037 1.3059
1.29212 1.29401 1.30877
1.29754 1.29164 1.29031
1.28199 1.29057 1.29339
1.28134 1.28543 1.29618
1.29295 1.28927 1.28326
1.27684 1.28602 1.28526
1.29849 1.28975 1.28876
1.28272 1.29273 1.29162
1.29813 1.29433 1.29524
1.28682 1.29712 1.29772
1.28809 1.28549 1.28483
1.29086 1.28434 1.28743
1.29974 1.29355 1.28587
1.29456 1.29895 1.28898
1.28847 1.29445 1.30608
1.29129 1.2955 1.30876
1.29588 1.29522 1.31132
1.2765 1.29063 1.28953
1.27821 1.28032 1.29165
1.28719 1.28598 1.27839
1.28732 1.28422 1.28127
1.29742 1.29904 1.28699
1.28499 1.29478 1.29047
1.30315 1.29945 1.29342
1.28856 1.31072 1.30485
1.29318 1.2932 1.30721
1.30106 1.29525 1.28844
1.28685 1.29291 1.30143
1.2926 1.29681 1.30401
1.28121 1.30565 1.29689
1.28643 1.30401 1.29846
1.28844 1.29578 1.30882
1.29453 1.30485 1.31174
1.27461 1.2862 1.28865
1.27725 1.30081 1.29132
1.28636 1.28996 1.3073
1.29381 1.30179 1.31043
1.2807 1.30027 1.29954
1.28502 1.29058 1.30193
1.28377 1.29054 1.27974
1.28272 1.30061 1.29748
1.28384 1.30365 1.30077
1.2838 1.30016 1.3029
1.28601 1.29244 1.30017
1.28719 1.28886 1.30305
1.29363 1.28113 1.28515
1.28271 1.29802 1.29923
1.28522 1.28665 1.30228
1.27413 1.29503 1.28206
1.2727 1.29999 1.28462
1.27504 1.29978 1.28767
1.28882 1.29696 1.30796
1.29549 1.29714 1.28311
1.27537 1.29777 1.28565
1.29111 1.29268 1.30635
1.29217 1.29873 1.30948
1.29254 1.29586 1.3119
1.27683 1.30263 1.29085
1.27887 1.28342 1.29374
1.26867 1.28298 1.2742
1.2764 1.30162 1.28973
1.27724 1.2934 1.29261
1.28603 1.29449 1.29578
1.28337 1.2841 1.29833
1.28373 1.2863 1.30089
1.28536 1.29493 1.27803
1.28772 1.28584 1.30559
1.28976 1.29285 1.30892
1.27911 1.29178 1.28842
1.28054 1.28573 1.29042
1.26626 1.28944 1.27823
1.2668 1.27745 1.28108
1.29104 1.29505 1.27788
1.27407 1.29493 1.28109
1.28596 1.29021 1.30355
1.28658 1.29 1.30668
1.29193 1.28583 1.27934
1.27866 1.29626 1.29195
1.27808 1.29335 1.29442
1.28082 1.28214 1.29811
1.2835 1.2869 1.27676
1.26883 1.28771 1.27824
1.2765 1.27367 1.26668
1.27077 1.28723 1.27908
1.27015 1.28413 1.28244
1.27285 1.2733 1.28687
1.27531 1.29821 1.28927
1.27668 1.29975 1.29204
1.28935 1.29349 1.30579
1.29543 1.2728 1.2847
1.27231 1.27939 1.28684
1.28892 1.28731 1.27894
1.26893 1.29277 1.28143
1.28409 1.28309 1.3
1.28332 1.30648 1.30327
1.29102 1.29033 1.27652
1.26722 1.28885 1.2786
1.28477 1.28229 1.29614
1.28256 1.28476 1.3001
1.28978 1.28975 1.27932
1.28057 1.28816 1.29664
1.28123 1.30148 1.29997
1.29152 1.29676 1.30474
1.29357 1.29626 1.30703
1.29435 1.29568 1.3092
1.29591 1.28781 1.29262
1.27944 1.28166 1.29514
1.26697 1.28665 1.27493
1.27587 1.28097 1.29481
1.27773 1.29999 1.2975
1.28217 1.2994 1.30098
1.28801 1.28692 1.3003
1.28568 1.28633 1.30246
1.28889 1.28756 1.2803
1.27765 1.28376 1.29402
1.2768 1.2906 1.29604
1.27985 1.29223 1.29923
1.28081 1.28596 1.29099
1.27789 1.30101 1.2934
1.28814 1.28857 1.27353
1.27484 1.28825 1.27591
1.27928 1.28474 1.29674
1.28527 1.28529 1.30081
1.28398 1.28564 1.30287
1.28821 1.27223 1.28052
1.27205 1.27183 1.2828
1.2785 1.27935 1.2697
1.27383 1.29151 1.28677
1.2738 1.29334 1.28934
1.27589 1.27943 1.29195
1.28459 1.28404 1.27626
1.26854 1.28575 1.2777
1.27711 1.27658 1.29188
1.28949 1.28442 1.27428
1.28204 1.2892 1.27719
1.2915 1.28981 1.28
1.27855 1.28198 1.29816
1.28155 1.28522 1.30131
1.26963 1.2922 1.27923
1.26678 1.28944 1.28034
1.27492 1.27266 1.26441
1.27571 1.27845 1.26762
1.27254 1.29558 1.28672
1.27153 1.279 1.29006
1.2772 1.27238 1.2929
1.26065 1.27747 1.26481
1.27574 1.27866 1.26694
1.27225 1.27235 1.28669
1.265 1.27607 1.26946
1.26102 1.26085 1.27151
1.26257 1.28381 1.27434
1.27876 1.29666 1.2912
1.27537 1.27839 1.29466
1.26172 1.28993 1.27414
1.25801 1.26344 1.25776
1.27033 1.27051 1.25956
1.25814 1.272 1.26274
1.26341 1.28472 1.27893
1.26462 1.26966 1.28178
1.25611 1.27933 1.267
1.26077 1.26262 1.25334
1.26128 1.26391 1.25543
1.26518 1.26745 1.25887
1.26249 1.2745 1.27514
1.26304 1.26416 1.27731
1.26536 1.26734 1.26083
1.26824 1.26516 1.26189
1.25937 1.2867 1.27358
1.26205 1.26711 1.27715
1.27216 1.27188 1.26475
1.27517 1.27218 1.26665
1.29054 1.28597 1.2774
1.28029 1.28441 1.30048
1.28341 1.28705 1.30255
1.2838 1.28337 1.30456
1.2665 1.2876 1.2763
1.26818 1.28786 1.27853
1.2667 1.26698 1.28126
1.27273 1.27793 1.26331
1.2735 1.27344 1.28679
1.27124 1.28586 1.28917
1.27639 1.27822 1.29214
1.28092 1.29454 1.29502
1.28139 1.28345 1.29703
1.27947 1.28326 1.29874
1.28388 1.30431 1.30085
1.29735 1.29162 1.3086
1.29443 1.29231 1.31075
1.27709 1.29217 1.28879
1.28146 1.29011 1.29103
1.2811 1.28005 1.29358
1.27911 1.2835 1.29603
1.28175 1.28268 1.29895
1.27296 1.27018 1.27851
1.26734 1.27402 1.27998
1.26713 1.27626 1.2825
1.27392 1.27635 1.26311
1.26158 1.27048 1.26507
1.27737 1.27798 1.2759
1.26922 1.28473 1.27983
1.26791 1.28263 1.28307
1.27177 1.28377 1.28505
1.2715 1.28574 1.28668
1.27323 1.28376 1.28922
1.27583 1.27531 1.29282
1.27852 1.27795 1.26982
1.28732 1.29054 1.28356
1.28764 1.27097 1.28589
1.27531 1.28184 1.28923
1.27732 1.27941 1.2926
1.26549 1.27398 1.27548
1.26418 1.26536 1.27687
1.26538 1.26645 1.26088
1.27144 1.27118 1.2628
1.28857 1.28651 1.2785
1.2782 1.28215 1.29491
1.28117 1.28367 1.29898
1.28205 1.29447 1.30092
1.28009 1.28124 1.29411
1.28324 1.27915 1.29501
1.27837 1.28323 1.29716
1.27922 1.28523 1.28041
1.27248 1.27671 1.28149
1.27401 1.27839 1.28489
1.27491 1.28077 1.28829
1.27255 1.2854 1.28073
1.26745 1.2832 1.28209
1.27507 1.27315 1.28504
1.27309 1.29115 1.28943
1.28242 1.278 1.29496
1.26783 1.28501 1.27866
1.26629 1.28604 1.27939
1.26796 1.27215 1.28242
1.27504 1.28129 1.27062
1.26233 1.27558 1.27297
1.26672 1.28123 1.27597
1.26857 1.26936 1.28621
1.27231 1.27459 1.28865
1.27468 1.27691 1.29164
1.28031 1.28111 1.26914
1.27949 1.28068 1.27041
1.27281 1.28023 1.28817
1.27907 1.29417 1.29245
1.28655 1.29469 1.29891
1.28893 1.28703 1.30088
1.28887 1.29045 1.30323
1.27023 1.27914 1.28697
1.27068 1.27667 1.28842
1.2793 1.27884 1.26536
1.26043 1.28389 1.2675
1.27306 1.27735 1.29496
1.27983 1.29596 1.29901
1.28383 1.29381 1.30142
1.28683 1.28761 1.30352
1.26733 1.29233 1.28186
1.2701 1.28666 1.28303
1.27732 1.2794 1.26618
1.25974 1.26179 1.2685
1.26743 1.26665 1.26053
1.27013 1.26231 1.26283
1.25698 1.27286 1.26575
1.26496 1.28513 1.27924
1.27685 1.27396 1.26083
1.27424 1.27151 1.26183
1.2644 1.28156 1.27919
1.27127 1.27277 1.28753
