1.03303 1.03453 1.03373
1.03246 1.03481 1.03332
1.05264 1.05243 1.03665
1.0364 1.05434 1.04058
1.03378 1.03665 1.03442
1.03463 1.06114 1.04393
1.06233 1.06228 1.04964
1.0719 1.07988 1.07124
1.06588 1.07994 1.08835
1.07381 1.09546 1.09585
1.07992 1.07889 1.06681
1.07014 1.08914 1.09147
1.084 1.0942 1.09915
1.09242 1.08639 1.08154
1.09547 1.09338 1.09127
1.0807 1.08629 1.09716
1.09358 1.08904 1.07807
1.09815 1.09395 1.09777
1.09218 1.10324 1.10359
1.09402 1.09126 1.08603
1.08826 1.08477 1.09529
1.08485 1.08587 1.10111
1.09147 1.09226 1.08444
1.0859 1.09158 1.09815
1.08628 1.08848 1.10306
1.08882 1.09611 1.0862
1.08628 1.09415 1.10185
1.086 1.10155 1.10584
1.09106 1.09115 1.08287
1.08711 1.08783 1.09764
1.08605 1.10022 1.10233
1.09258 1.09318 1.08426
1.08426 1.09379 1.10033
1.08576 1.0979 1.1051
1.0938 1.09167 1.08167
1.10907 1.0957 1.09902
1.08641 1.08886 1.10462
1.09877 1.09846 1.08534
1.08958 1.09486 1.10737
1.09162 1.10099 1.11205
1.09995 1.09689 1.08751
1.08417 1.11091 1.1036
1.08704 1.0899 1.10927
1.09721 1.0968 1.08281
1.09056 1.09604 1.10543
1.09116 1.09877 1.11163
1.09643 1.10199 1.0886
1.08952 1.0934 1.11092
1.09348 1.09488 1.11652
1.10694 1.10321 1.08862
1.09136 1.11166 1.11522
1.09653 1.09885 1.12076
1.10564 1.09727 1.08867
1.08441 1.1109 1.10385
1.08676 1.08863 1.11019
1.09707 1.09957 1.08379
1.08622 1.11261 1.1104
1.0918 1.11348 1.11524
1.10008 1.10295 1.08467
1.09051 1.10315 1.11351
1.09712 1.10934 1.11886
1.10829 1.10705 1.09325
1.09598 1.10317 1.11674
1.1036 1.10215 1.12185
1.11058 1.09105 1.10023
1.09845 1.09097 1.08966
1.07518 1.09448 1.09221
1.08434 1.08298 1.07483
1.07506 1.09774 1.08996
1.07663 1.10398 1.09479
1.0818 1.08049 1.0737
1.09666 1.08985 1.08678
1.0735 1.10698 1.09319
1.08392 1.0885 1.0736
1.07822 1.1016 1.1
1.08528 1.09362 1.10474
1.09179 1.08878 1.07837
1.08118 1.10662 1.09662
1.08136 1.11127 1.10336
1.08951 1.08969 1.07737
1.10588 1.10832 1.0989
1.08494 1.11085 1.10424
1.09336 1.08833 1.08161
1.11042 1.11167 1.09649
1.08176 1.11229 1.10219
1.09621 1.09226 1.07981
1.08288 1.09044 1.1028
1.08615 1.09321 1.10882
1.09262 1.09144 1.08029
1.1108 1.11143 1.10061
1.09326 1.11668 1.10714
1.09975 1.10204 1.08848
1.09164 1.0911 1.11035
1.0933 1.10413 1.11562
1.09847 1.09985 1.08733
1.09016 1.09067 1.10751
1.08996 1.10155 1.11382
1.10206 1.10307 1.08384
1.09152 1.12153 1.11465
1.09441 1.10753 1.11951
1.10293 1.10122 1.08599
1.09428 1.1033 1.1116
1.09719 1.1183 1.11803
1.1065 1.10626 1.09428
1.09303 1.11184 1.11608
1.09733 1.10083 1.12186
1.10269 1.10755 1.08939
1.09651 1.10087 1.11974
1.10528 1.12097 1.12522
1.11051 1.11059 1.09802
1.09821 1.0971 1.11873
1.10459 1.11201 1.12449
1.10967 1.11211 1.10072
1.09943 1.10474 1.11837
1.10291 1.1119 1.1228
1.10605 1.10517 1.12786
1.11425 1.11134 1.10038
1.09609 1.11682 1.11908
1.10416 1.11047 1.12572
1.10885 1.12774 1.13049
1.11207 1.13016 1.13446
1.12072 1.12689 1.13856
1.12697 1.12701 1.14291
1.13346 1.1288 1.14674
1.13581 1.13496 1.15007
1.13956 1.13594 1.15339
1.1549 1.1549 1.15681
1.158 1.158 1.16001
1.16112 1.16112 1.16298
1.16411 1.16411 1.16595
1.16702 1.16702 1.16873
1.16723 1.16723 1.16883
1.16721 1.16721 1.16879
1.17013 1.17013 1.17195
1.17309 1.17309 1.17473
1.17572 1.17572 1.17739
1.1784 1.1784 1.17998
1.1811 1.1811 1.18263
1.18381 1.18381 1.18534
1.18646 1.18646 1.18788
1.18894 1.18894 1.19051
1.1917 1.1917 1.1932
1.1943 1.1943 1.19582
1.19684 1.19684 1.19838
1.19929 1.19929 1.20086
1.20179 1.20179 1.20314
1.20412 1.20412 1.20545
1.20641 1.20641 1.20777
1.20864 1.20864 1.20998
1.20879 1.20879 1.21008
1.20875 1.20875 1.21007
1.21064 1.21064 1.21195
1.21292 1.21292 1.21426
1.21505 1.21505 1.21639
1.2172 1.2172 1.2184
1.21918 1.21918 1.22049
1.22123 1.22123 1.2225
1.24564 1.24501 1.2244
1.27383 1.2652 1.25867
1.26626 1.29478 1.28671
1.26968 1.27738 1.26256
1.26738 1.27012 1.27703
1.27243 1.28297 1.2804
1.26523 1.28976 1.28493
1.26611 1.26825 1.2615
1.2768 1.26454 1.26419
1.26434 1.27248 1.28667
1.26968 1.29485 1.29026
1.27268 1.28427 1.29457
1.2665 1.29403 1.28265
1.26806 1.2931 1.28717
1.27733 1.27709 1.26463
1.27981 1.28031 1.26761
1.26006 1.28699 1.27206
1.26816 1.27269 1.25914
1.25526 1.27433 1.26187
1.25378 1.27356 1.26637
1.2586 1.26394 1.25274
1.26839 1.26727 1.25511
1.25701 1.28286 1.2769
1.26878 1.27057 1.25271
1.26632 1.26866 1.25639
1.27242 1.27357 1.26117
1.26212 1.28827 1.28322
1.2709 1.27148 1.25723
1.25171 1.26821 1.261
1.28297 1.27622 1.26613
1.26544 1.29443 1.28422
1.27119 1.27627 1.26227
1.27592 1.27915 1.2658
1.28072 1.28524 1.27078
1.276 1.29469 1.29609
1.26073 1.28404 1.27246
1.25861 1.28117 1.27658
1.27389 1.29669 1.28641
1.27626 1.29851 1.29103
1.27995 1.28906 1.27511
1.26308 1.2763 1.27864
1.26272 1.28602 1.28345
1.27054 1.30079 1.28999
1.26596 1.2773 1.26614
1.2825 1.28236 1.26953
1.28845 1.2855 1.27435
1.28049 1.29604 1.2986
1.28359 1.29214 1.30332
1.27062 1.28615 1.2897
1.27485 1.29635 1.29331
1.28499 1.30638 1.3002
1.29108 1.29368 1.28246
1.26944 1.2962 1.28585
1.28287 1.29026 1.30379
1.29031 1.29979 1.30787
1.26931 1.29369 1.2878
1.2699 1.28905 1.29084
1.27698 1.2945 1.29543
1.28113 1.29448 1.29719
1.2685 1.28993 1.27851
1.26537 1.29362 1.28113
1.2837 1.29789 1.30178
1.28485 1.29816 1.30641
1.2649 1.29036 1.27931
1.26521 1.2934 1.28205
1.28344 1.3044 1.3017
1.28523 1.2991 1.3066
1.26352 1.28461 1.27983
1.26207 1.28886 1.28264
1.28358 1.30038 1.2953
1.28162 1.29687 1.30066
1.26702 1.28649 1.27751
1.27644 1.29743 1.29106
1.27927 1.29612 1.29571
1.28585 1.2968 1.30041
1.28495 1.30053 1.30507
1.28356 1.31048 1.30065
1.29528 1.29341 1.27977
1.26978 1.29733 1.28342
1.27052 1.29979 1.28834
1.25493 1.27918 1.2673
1.29197 1.28763 1.28576
1.27405 1.29195 1.29054
1.27849 1.29492 1.29493
1.25603 1.27917 1.27529
1.26435 1.29624 1.28301
1.27112 1.29538 1.28823
1.27361 1.29802 1.29306
1.28331 1.30661 1.30255
1.28872 1.293 1.30633
1.26671 1.27569 1.28564
1.27126 1.28594 1.28923
1.27477 1.28945 1.29384
1.27247 1.2994 1.29087
1.28248 1.28234 1.26878
1.2588 1.28333 1.27151
1.28251 1.28158 1.27643
1.27887 1.29297 1.28818
1.28137 1.2887 1.29873
1.2805 1.296 1.30265
1.286 1.29527 1.30745
1.28528 1.28567 1.2922
1.28064 1.28092 1.283
1.26907 1.28963 1.28333
1.27994 1.28241 1.26762
1.27304 1.28341 1.28692
1.26389 1.28315 1.27142
1.27933 1.26827 1.26311
1.26751 1.28399 1.28777
1.27371 1.2736 1.26102
1.26371 1.26799 1.27887
1.27432 1.27251 1.26178
1.26673 1.29254 1.28331
1.27407 1.27477 1.26397
1.2693 1.29093 1.28033
1.28208 1.2789 1.26891
1.27294 1.29034 1.2901
1.28158 1.28057 1.26947
1.27283 1.29546 1.28833
1.28031 1.27742 1.26951
1.26834 1.27921 1.28619
1.26283 1.28133 1.26453
1.26355 1.26719 1.26376
1.27821 1.2755 1.26649
1.26899 1.27322 1.28714
1.27175 1.295 1.2913
1.27576 1.28483 1.29534
1.26563 1.29136 1.28381
1.27051 1.27097 1.26253
1.27585 1.27833 1.26678
1.25875 1.27752 1.27165
1.25905 1.27967 1.27581
1.25282 1.26663 1.2557
1.25871 1.28662 1.27655
1.28305 1.28666 1.29638
1.26836 1.27767 1.28369
1.27009 1.27553 1.2772
1.26557 1.27435 1.27926
1.27543 1.28248 1.27428
1.27589 1.28144 1.28981
1.26674 1.28461 1.28053
1.27652 1.27577 1.28878
1.28556 1.28085 1.27108
1.27569 1.28562 1.28688
1.27772 1.29067 1.28815
1.28344 1.27723 1.29394
1.27111 1.27436 1.2709
1.2782 1.27585 1.27655
1.26557 1.27424 1.27696
1.26469 1.27441 1.27423
1.26686 1.28454 1.27787
1.27839 1.28379 1.2912
1.26913 1.28032 1.28179
1.26563 1.27482 1.27927
1.26513 1.28725 1.27546
1.2815 1.2895 1.29647
1.27721 1.2841 1.28855
1.27294 1.27537 1.28206
1.26243 1.27712 1.27227
1.26969 1.26995 1.28082
1.27968 1.27967 1.2653
1.27955 1.27851 1.28854
1.26243 1.27327 1.27399
1.28663 1.26803 1.27439
1.27418 1.27858 1.26484
1.28 1.2682 1.28702
1.27653 1.26473 1.25939
1.27629 1.27641 1.26707
1.27103 1.28353 1.28087
1.27241 1.2772 1.28671
1.26614 1.27627 1.27399
1.28085 1.268 1.27842
1.27753 1.26557 1.26489
1.27549 1.2694 1.26652
1.28534 1.28511 1.27391
1.28006 1.28633 1.29507
1.28595 1.28223 1.28379
1.26882 1.28834 1.28303
1.28255 1.27995 1.29301
1.28359 1.27225 1.27525
1.27953 1.28228 1.27131
1.27476 1.2747 1.29134
1.27973 1.27941 1.26659
1.27087 1.28623 1.28737
1.27815 1.28366 1.28901
1.29098 1.29042 1.28335
1.28553 1.28564 1.29582
1.26603 1.27874 1.2832
1.28482 1.28271 1.2786
1.26951 1.27066 1.2875
1.25873 1.27592 1.26431
1.27443 1.29552 1.28469
1.28653 1.28912 1.30359
1.2677 1.29139 1.28496
1.27863 1.29372 1.29598
1.27527 1.283 1.29673
1.26689 1.2741 1.27598
1.27815 1.27674 1.27572
1.28908 1.27918 1.27857
1.28247 1.27441 1.28243
1.28436 1.28343 1.27207
1.27474 1.27562 1.29233
1.28383 1.28465 1.26889
1.2747 1.29653 1.29501
1.29221 1.28759 1.30014
1.27056 1.27038 1.28222
1.27708 1.27777 1.26365
1.27399 1.27961 1.28787
1.26528 1.26628 1.2771
1.26908 1.26815 1.26115
1.28095 1.28367 1.27249
1.2759 1.2755 1.29135
1.28195 1.27793 1.26803
1.27016 1.27525 1.28415
1.27612 1.28431 1.27209
1.27515 1.27569 1.29238
1.28227 1.28206 1.26789
1.27267 1.27409 1.28872
1.28134 1.26528 1.26883
1.27011 1.27165 1.26464
1.26392 1.28339 1.27638
1.2726 1.2748 1.29007
1.28086 1.28171 1.26909
1.27188 1.27878 1.28919
1.26313 1.26746 1.27621
1.26846 1.27023 1.263
1.28599 1.28147 1.27568
1.27302 1.27952 1.28715
1.2658 1.28426 1.27757
1.272 1.28454 1.29056
1.27836 1.27851 1.28347
1.27743 1.2763 1.27681
1.26196 1.26382 1.2776
1.27209 1.26411 1.25741
1.28393 1.28222 1.26972
1.27605 1.27904 1.29196
1.26479 1.27399 1.2734
1.26746 1.26983 1.2758
1.28268 1.278 1.26896
1.26765 1.27661 1.28635
1.26286 1.27462 1.27421
1.27809 1.28311 1.27664
1.28061 1.28062 1.28819
1.28095 1.27587 1.27701
1.27336 1.27459 1.27564
1.26658 1.27933 1.27349
1.275 1.27733 1.28324
1.27016 1.27667 1.27441
1.27644 1.27543 1.2762
1.28195 1.28291 1.27525
1.27417 1.28141 1.28945
1.27642 1.28594 1.27809
1.27546 1.28064 1.28991
1.27278 1.27225 1.27699
1.27686 1.27482 1.26854
1.27328 1.27601 1.28032
1.26403 1.28145 1.27483
1.27171 1.27762 1.28661
1.27606 1.28266 1.27378
1.27218 1.27798 1.28766
1.27736 1.27744 1.27432
1.27263 1.27627 1.28059
1.28308 1.28058 1.27504
1.27273 1.28194 1.28515
1.28764 1.28894 1.2817
1.2809 1.27656 1.29356
1.28196 1.27844 1.2706
1.27078 1.27686 1.28258
1.27699 1.28144 1.27589
1.28121 1.27509 1.28732
1.28246 1.279 1.2707
1.26934 1.27465 1.28454
1.27485 1.27389 1.27203
1.27573 1.28738 1.27696
1.28352 1.27817 1.29529
1.26014 1.28295 1.27067
1.27535 1.27491 1.29166
1.27346 1.27803 1.26888
1.27007 1.28874 1.28552
1.28242 1.28772 1.29369
1.27074 1.28711 1.28722
1.28076 1.28631 1.28849
1.26979 1.27012 1.28806
1.28045 1.2789 1.26418
1.2751 1.27536 1.28919
1.27926 1.28141 1.27087
1.27018 1.27695 1.28939
1.2619 1.28258 1.2729
1.27153 1.27228 1.29106
1.27459 1.28113 1.26475
1.27282 1.27526 1.29098
1.27981 1.27869 1.26897
1.26984 1.27301 1.28596
1.2797 1.28341 1.26912
1.27581 1.28371 1.29316
1.26697 1.27827 1.28111
1.28274 1.27626 1.27918
1.26712 1.28152 1.27619
1.27215 1.29602 1.28634
1.29084 1.29563 1.30511
1.27344 1.2768 1.29317
1.28317 1.28099 1.26922
1.26884 1.28694 1.28984
1.27899 1.28878 1.28989
1.2744 1.27886 1.28991
1.26264 1.27598 1.27369
1.28015 1.27912 1.28064
1.26697 1.2671 1.28108
1.27277 1.27054 1.26183
1.28467 1.28823 1.27712
1.27965 1.27587 1.2978
1.28043 1.2714 1.26821
1.26454 1.2679 1.27431
1.27918 1.28009 1.26842
1.27255 1.28939 1.28934
1.27166 1.28714 1.29352
1.28807 1.28714 1.28739
1.26946 1.2694 1.28919
1.27644 1.25654 1.26159
1.26586 1.26529 1.25533
1.26271 1.27445 1.27263
1.26478 1.27027 1.27901
1.28081 1.27658 1.26697
1.27331 1.26949 1.28462
1.28001 1.25982 1.2653
1.26166 1.26957 1.25764
1.26282 1.28112 1.27782
1.26741 1.28643 1.28746
1.29104 1.28425 1.28972
1.2701 1.26989 1.28424
1.27696 1.27522 1.26544
1.29013 1.28011 1.28279
1.27151 1.26726 1.28301
1.26887 1.2661 1.26116
1.27931 1.27767 1.26915
1.26675 1.28775 1.28435
1.28265 1.28361 1.29339
1.27165 1.29352 1.28119
1.28541 1.28749 1.2998
1.26812 1.28786 1.28437
1.29291 1.28209 1.29081
1.28522 1.28544 1.28146
1.28498 1.28599 1.29112
1.27064 1.27063 1.28692
