0.519205 0.519212 0.519193
0.513848 0.5138 0.51376
0.51833 0.518146 0.518217
0.426042 0.42593 0.426016
0.475297 0.475394 0.475329
0.409596 0.409505 0.409428
0.979788 0.979667 0.979789
0.67266 0.672656 0.672739
0.636966 0.636991 0.637154
0.598011 0.597868 0.598127
0.540611 0.540518 0.540669
0.505935 0.506111 0.506055
0.467708 0.467827 0.467714
0.42971 0.429758 0.429686
0.540554 0.540434 0.540459
0.494651 0.495011 0.494708
0.434044 0.434056 0.434015
0.399835 0.399797 0.399791
0.367857 0.367802 0.367751
0.34445 0.34452 0.344453
0.78393 0.783929 0.784038
0.659117 0.659116 0.659219
0.720321 0.720362 0.72039
0.688214 0.688405 0.688256
0.611276 0.611295 0.611332
0.70548 0.705474 0.705602
0.637809 0.637938 0.637852
0.57683 0.576738 0.576846
0.540562 0.540493 0.54056
0.497278 0.497198 0.497255
0.515343 0.515348 0.51537
0.483327 0.483312 0.483297
0.517723 0.517804 0.517751
0.542503 0.542524 0.542561
0.733715 0.733681 0.733661
0.65666 0.656676 0.656677
0.621279 0.621321 0.621274
0.608519 0.608604 0.60856
0.570784 0.570813 0.57083
0.474253 0.474222 0.474293
0.359499 0.359492 0.359495
0.3481 0.348283 0.348153
0.332684 0.332806 0.332768
0.400574 0.400406 0.400559
0.398686 0.398765 0.398794
0.518032 0.518139 0.518099
0.483711 0.483769 0.483747
0.388824 0.388727 0.388821
0.325605 0.325498 0.325549
0.342104 0.342082 0.34219
0.263234 0.263227 0.263101
0.221746 0.221616 0.221509
0.218093 0.21799 0.217757
0.211205 0.210899 0.210956
0.318198 0.318156 0.318087
0.297027 0.297076 0.296738
0.271936 0.271872 0.271812
0.263389 0.263391 0.263321
0.246144 0.24608 0.246053
0.242585 0.242445 0.242404
0.237917 0.237677 0.237701
0.22764 0.22759 0.227604
0.226328 0.226305 0.226318
0.198476 0.198359 0.198365
0.174485 0.174313 0.17435
0.160229 0.160174 0.160298
0.174397 0.174303 0.174458
0.234121 0.234099 0.2343
0.223433 0.223532 0.223515
0.214446 0.214305 0.21441
0.209257 0.209234 0.209281
0.206886 0.207007 0.207044
0.194528 0.194545 0.194658
0.192138 0.192195 0.192261
0.177017 0.177056 0.177164
0.147358 0.147459 0.14766
0.148622 0.148637 0.148702
0.124499 0.124772 0.12481
0.110922 0.111239 0.111355
0.127541 0.127492 0.127552
0.15193 0.15205 0.152153
0.178419 0.178538 0.178549
0.162509 0.162504 0.16263
0.180685 0.180634 0.180704
0.176779 0.176944 0.176939
0.188851 0.189003 0.188847
0.206743 0.20695 0.206804
0.189035 0.18916 0.189219
0.225479 0.225451 0.225477
0.162877 0.16299 0.163133
0.162413 0.162895 0.163333
0.151951 0.151935 0.152022
0.155463 0.155539 0.155647
0.154123 0.154109 0.154025
0.160997 0.161275 0.160933
0.163736 0.164091 0.163743
0.227667 0.22773 0.227554
0.263202 0.263315 0.263151
0.267187 0.267213 0.267217
0.231202 0.231194 0.231194
0.171893 0.171921 0.171893
0.131838 0.131639 0.131824
0.126476 0.12674 0.12738
0.121825 0.12146 0.121686
0.131939 0.1319 0.132372
0.115935 0.115883 0.115983
0.119133 0.119197 0.119101
0.117989 0.118135 0.117982
0.155649 0.155576 0.155641
0.181957 0.181867 0.181941
0.197487 0.197429 0.197431
0.262539 0.262522 0.262533
0.202782 0.202801 0.202824
0.13271 0.13257 0.132749
0.131527 0.131484 0.132014
0.119174 0.119129 0.119237
0.111611 0.111787 0.111756
0.123017 0.123099 0.123041
0.144732 0.144914 0.144765
0.189645 0.189679 0.18967
0.204928 0.204922 0.204734
0.184031 0.183982 0.183985
0.129651 0.129711 0.129991
0.130317 0.130829 0.131331
0.114947 0.115245 0.115776
0.117399 0.117417 0.118013
0.103515 0.10359 0.104063
0.108274 0.108329 0.108436
0.11535 0.11538 0.115607
0.153815 0.15375 0.1536
0.189174 0.189155 0.189054
0.201851 0.201894 0.201795
0.191707 0.191713 0.191743
0.110493 0.11088 0.111417
0.116102 0.116931 0.117431
0.0970147 0.0976631 0.0984749
0.108919 0.108921 0.110155
0.0955986 0.0955986 0.0960517
0.0983354 0.0983354 0.0986387
0.0931695 0.0936501 0.0930194
0.093798 0.0939409 0.0939662
0.101441 0.101545 0.100885
0.107557 0.107557 0.107223
0.114014 0.114014 0.11365
0.127001 0.127001 0.126537
0.13869 0.138764 0.138309
0.157835 0.157784 0.157729
0.13466 0.134737 0.134466
0.135362 0.134927 0.135131
0.117402 0.117402 0.117573
0.11114 0.11114 0.111085
0.108459 0.108459 0.10836
0.112568 0.112568 0.112483
0.104989 0.104989 0.105063
0.106868 0.106868 0.106909
0.105885 0.105885 0.105933
0.0920456 0.0920456 0.0921674
0.0809143 0.08096 0.0813683
0.0924721 0.0924721 0.0926831
0.0926412 0.0926412 0.0928449
0.0828013 0.0826993 0.0830453
0.0827797 0.0827797 0.0830331
0.0824548 0.0824548 0.0827102
0.0833079 0.0833079 0.0835916
0.0834152 0.0834152 0.083689
0.0832388 0.0832388 0.0835339
0.0786717 0.0786717 0.0790089
0.0830999 0.0830999 0.0833651
0.0857712 0.0857712 0.086019
0.0871653 0.0871653 0.0873888
0.0856111 0.0856111 0.0858364
0.0864875 0.0864875 0.0867143
0.089272 0.089272 0.0894922
0.0819774 0.0819774 0.082157
0.0776202 0.0776202 0.077719
0.0769334 0.0767054 0.0768008
0.0771669 0.0771778 0.0770528
0.0741443 0.0742046 0.0739649
0.0731051 0.0731051 0.0729159
0.0728212 0.0728212 0.0726778
0.0765754 0.0765754 0.0764802
0.0816392 0.0816392 0.0815057
0.0801796 0.0801796 0.080104
0.0797858 0.0797858 0.0796426
0.076826 0.076826 0.0766735
0.0765314 0.0765314 0.0763904
0.0756074 0.0756074 0.0754658
0.0770136 0.0770136 0.0768412
0.076373 0.076373 0.0762118
0.0796148 0.0796148 0.0794025
0.0797028 0.0797028 0.0795267
0.0797953 0.0797953 0.0796605
0.0830113 0.0830113 0.082904
0.0826974 0.0826974 0.0825663
0.0822269 0.0822269 0.0821107
0.0817051 0.0817051 0.0815819
0.0845046 0.0845046 0.0843938
0.0845249 0.0845249 0.0844582
0.0801584 0.0801584 0.0801649
