1.03525 1.03525 1.03474
1.03527 1.03527 1.03475
1.03532 1.03532 1.03481
1.03511 1.03511 1.03476
1.03612 1.03612 1.03566
1.03501 1.03501 1.03447
1.03521 1.03521 1.03474
1.03618 1.03618 1.03575
1.03574 1.03574 1.03533
1.03613 1.03613 1.03577
1.0363 1.0363 1.0359
1.03561 1.03561 1.03524
1.03591 1.03591 1.03552
1.03622 1.03622 1.0359
1.03573 1.03573 1.03537
1.03607 1.03607 1.03821
1.03651 1.03651 1.03769
1.03609 1.03609 1.03719
1.03972 1.03972 1.04378
1.03942 1.03942 1.04325
1.03904 1.03904 1.04298
1.04502 1.04502 1.04877
1.04474 1.04474 1.04847
1.0446 1.0446 1.04831
1.05025 1.05025 1.05386
1.04993 1.04993 1.05353
1.04982 1.04982 1.05343
1.05533 1.05533 1.05895
1.05511 1.05511 1.05871
1.05498 1.05498 1.05861
1.06043 1.06043 1.06371
1.06031 1.06031 1.06382
1.06024 1.06024 1.06355
1.06515 1.06515 1.06845
1.06505 1.06505 1.0683
1.06498 1.06498 1.06828
1.06988 1.06988 1.07321
1.06995 1.06995 1.0732
1.07012 1.07012 1.07332
1.07588 1.07588 1.07903
1.07694 1.07694 1.07992
1.0769 1.0769 1.07983
1.08185 1.08185 1.08485
1.08285 1.08285 1.08566
1.08355 1.08355 1.08623
1.08831 1.08831 1.09098
1.08918 1.08918 1.09184
1.08977 1.08977 1.09236
1.0944 1.0944 1.0968
1.09779 1.09779 1.1001
1.09969 1.09969 1.10208
1.1046 1.1046 1.10712
1.10581 1.10581 1.10818
1.10613 1.10613 1.10845
1.11087 1.11087 1.11337
1.11167 1.11167 1.1141
1.11178 1.11178 1.11432
1.11654 1.11654 1.11927
1.11792 1.11792 1.12055
1.11885 1.11885 1.12138
1.12345 1.12345 1.12621
1.12451 1.12451 1.12714
1.12442 1.12442 1.12726
1.12936 1.12936 1.13204
1.13015 1.13015 1.13285
1.13009 1.13009 1.13277
1.13472 1.13472 1.13768
1.13519 1.13519 1.13808
1.13542 1.13542 1.13807
1.13985 1.13985 1.14281
1.14052 1.14052 1.1432
1.14025 1.14025 1.143
1.14501 1.14501 1.14796
1.14558 1.14558 1.14828
1.1455 1.1455 1.1481
1.15008 1.15008 1.15255
1.15053 1.15053 1.1529
1.1508 1.1508 1.15302
1.15439 1.15439 1.15643
1.15512 1.15512 1.15722
1.15507 1.15507 1.1569
1.15877 1.15877 1.16091
1.15909 1.15909 1.16102
1.15935 1.15935 1.1612
1.16255 1.16255 1.16459
1.16353 1.16353 1.16528
1.16323 1.16323 1.16514
1.16666 1.16666 1.16831
1.16723 1.16723 1.16869
1.16731 1.16731 1.16872
1.17012 1.17012 1.1713
1.17053 1.17053 1.17164
1.17078 1.17078 1.1717
1.17297 1.17297 1.17411
1.17344 1.17344 1.1745
1.17363 1.17363 1.17459
1.17586 1.17586 1.17692
1.17629 1.17629 1.17734
1.17647 1.17647 1.17745
1.17867 1.17867 1.17981
1.17913 1.17913 1.18013
1.17925 1.17925 1.18018
1.1814 1.1814 1.1825
1.18186 1.18186 1.18282
1.18195 1.18195 1.18283
1.18401 1.18401 1.18532
1.18449 1.18449 1.18564
1.18459 1.18459 1.18556
1.1867 1.1867 1.18799
1.18713 1.18713 1.18826
1.18712 1.18712 1.18817
1.18918 1.18918 1.19041
1.18962 1.18962 1.19077
1.18979 1.18979 1.19074
1.19165 1.19165 1.19295
1.19407 1.19407 1.19544
1.19435 1.19435 1.19564
1.19445 1.19445 1.19556
1.19646 1.19646 1.19785
1.19886 1.19886 1.20023
1.20125 1.20125 1.20252
1.2036 1.2036 1.20487
1.20591 1.20591 1.20721
1.20819 1.20819 1.20946
1.21043 1.21043 1.2118
1.21295 1.21295 1.21424
1.21509 1.21509 1.21636
1.21728 1.21728 1.21857
1.21937 1.21937 1.22052
1.22137 1.22137 1.22273
1.22342 1.22342 1.22465
1.2236 1.2236 1.22477
1.22371 1.22371 1.22489
1.22576 1.22576 1.227
1.22795 1.22795 1.22913
1.22996 1.22996 1.2311
1.23191 1.23191 1.23309
1.23362 1.23362 1.23486
1.23542 1.23542 1.23665
1.23717 1.23717 1.23819
1.23867 1.23867 1.23972
1.24014 1.24014 1.24123
1.24245 1.24245 1.24349
1.24555 1.24555 1.24669
1.24753 1.24753 1.24857
1.2494 1.2494 1.25043
1.25152 1.25152 1.25269
1.25329 1.25329 1.25436
1.25514 1.25514 1.25604
1.25547 1.25547 1.25636
1.2554 1.2554 1.25628
1.25694 1.25694 1.25788
1.25864 1.25864 1.25957
1.25987 1.25987 1.26081
1.26148 1.26148 1.26238
1.26179 1.26179 1.26265
1.2631 1.2631 1.26408
1.26444 1.26444 1.26747
1.26938 1.26938 1.27215
1.27388 1.27388 1.27702
1.2774 1.27922 1.2812
1.2743 1.2912 1.2852
1.27199 1.28117 1.28951
1.2753 1.28341 1.29363
1.27682 1.28957 1.29796
1.27909 1.29006 1.30198
1.28506 1.29658 1.30605
1.29024 1.29641 1.31023
1.29471 1.29426 1.3143
1.27191 1.28087 1.28901
1.25698 1.28028 1.26833
1.25842 1.28439 1.27151
1.26842 1.26367 1.25757
1.27191 1.26274 1.26043
1.25357 1.26787 1.26457
1.2576 1.25927 1.25396
1.24854 1.26512 1.25788
1.25125 1.26632 1.26255
1.25227 1.2641 1.25136
1.26216 1.26929 1.25578
1.25787 1.26971 1.27119
1.25643 1.25913 1.2538
1.25967 1.26831 1.26171
1.24872 1.26782 1.2622
1.26371 1.25828 1.24817
1.26087 1.27744 1.27536
1.262 1.2675 1.25689
1.2604 1.27514 1.26678
1.25984 1.27071 1.25906
1.27329 1.26756 1.26314
1.26766 1.27746 1.2803
1.26992 1.27802 1.27916
1.27296 1.27229 1.26908
1.27716 1.28227 1.27545
1.27465 1.28735 1.28271
1.28333 1.28105 1.27243
1.27402 1.29611 1.29043
1.28235 1.2778 1.26999
1.27243 1.29346 1.28829
1.27759 1.27562 1.26737
1.27385 1.29163 1.28162
1.28234 1.27555 1.27406
1.27879 1.27829 1.28516
1.27285 1.27518 1.27848
1.27544 1.27319 1.2732
1.28311 1.2791 1.2759
1.27568 1.29391 1.28721
1.2797 1.28106 1.2745
1.27221 1.27806 1.28157
1.27776 1.28071 1.27265
1.28528 1.28324 1.28066
1.2794 1.27914 1.28883
1.27109 1.27878 1.27976
1.28383 1.2809 1.26984
1.27526 1.28212 1.28957
1.28057 1.28335 1.27173
1.27243 1.28094 1.28857
1.28263 1.27287 1.26845
1.27386 1.28097 1.2892
1.27749 1.2774 1.27011
1.28556 1.27592 1.28175
1.27558 1.28669 1.28889
1.27379 1.27574 1.27318
1.26622 1.26998 1.27799
1.26548 1.27018 1.26278
1.27706 1.27019 1.27166
1.26585 1.27824 1.28108
1.26778 1.27147 1.26248
1.28433 1.28419 1.27362
1.27881 1.28456 1.2924
1.27345 1.28378 1.27591
1.27251 1.28642 1.27637
1.27801 1.28668 1.27291
1.26969 1.28446 1.28458
1.26576 1.27841 1.26553
1.277 1.28172 1.26755
1.27135 1.29405 1.2855
1.27629 1.27791 1.26712
1.26911 1.29544 1.28622
1.27992 1.28031 1.26547
1.29632 1.28316 1.28967
1.28623 1.28805 1.30297
1.29082 1.27229 1.28204
1.28061 1.28705 1.29597
1.28761 1.2873 1.27799
1.27678 1.28907 1.29533
1.28604 1.28545 1.27117
1.27898 1.28293 1.29517
1.28518 1.28777 1.27491
1.28239 1.28529 1.29632
1.28969 1.29004 1.28017
1.28313 1.27975 1.29809
1.28663 1.29083 1.27959
1.27843 1.27571 1.29331
1.28898 1.2901 1.27578
1.28024 1.2814 1.29991
1.26757 1.29066 1.27486
1.27405 1.28334 1.26668
1.27549 1.28978 1.28107
1.2798 1.27304 1.27606
1.26911 1.28814 1.2838
1.28096 1.27086 1.26644
1.27452 1.27574 1.29032
1.27587 1.28082 1.26962
1.29327 1.28454 1.28161
1.28361 1.28926 1.30237
1.28727 1.28905 1.27832
1.2824 1.2936 1.2929
1.29207 1.29205 1.28164
1.28376 1.28936 1.29962
1.29208 1.2908 1.27998
1.28328 1.28628 1.30246
1.28847 1.29065 1.27841
1.28238 1.28258 1.29639
1.28577 1.2885 1.28029
1.27796 1.28718 1.29157
1.27983 1.27607 1.27721
1.28935 1.28974 1.28368
1.27426 1.28151 1.29685
1.28408 1.283 1.26883
1.27645 1.29337 1.2953
1.28849 1.27829 1.27171
1.27526 1.27761 1.2996
1.2878 1.28415 1.26987
1.27759 1.2812 1.29936
1.28499 1.28572 1.27163
1.27584 1.28137 1.29507
1.28653 1.28441 1.27165
1.27676 1.27632 1.29815
1.2864 1.2844 1.27094
1.28023 1.29701 1.29614
1.26499 1.28047 1.27725
1.27404 1.27342 1.26224
1.26736 1.28146 1.28495
1.27463 1.27504 1.26142
1.2677 1.28707 1.28421
1.27558 1.27387 1.26387
1.2769 1.28462 1.2852
1.2818 1.29146 1.27595
1.26719 1.27136 1.28883
1.27587 1.27608 1.26108
1.2684 1.28685 1.28735
1.26845 1.27479 1.26358
1.26245 1.28263 1.27528
1.27123 1.27016 1.26001
1.28127 1.28774 1.28115
1.28157 1.28421 1.2846
1.26634 1.26568 1.28478
1.27245 1.27575 1.25908
1.26777 1.28264 1.28205
1.26968 1.2702 1.26393
1.28692 1.27981 1.27515
1.27868 1.29811 1.29741
1.26354 1.28167 1.27348
1.26801 1.27105 1.2602
1.2688 1.28179 1.27933
1.2743 1.2817 1.26673
1.2631 1.28273 1.28131
1.26625 1.26536 1.25736
1.28381 1.2811 1.27343
1.27192 1.27904 1.29275
1.2757 1.28062 1.26677
1.26932 1.27697 1.28376
1.27816 1.27937 1.26626
1.27253 1.28749 1.28739
1.27895 1.28014 1.2661
1.27346 1.27904 1.28684
1.27551 1.27662 1.26843
1.28739 1.28773 1.28213
1.28711 1.27873 1.29254
1.28101 1.27596 1.28828
1.27814 1.27147 1.27805
1.28866 1.29157 1.28013
1.28465 1.2865 1.29452
1.27567 1.27752 1.28333
1.28065 1.28458 1.27434
1.27482 1.2956 1.28728
1.27927 1.28262 1.2732
1.28151 1.28583 1.28456
1.28366 1.28725 1.28546
1.27498 1.27362 1.28568
1.2756 1.2872 1.27514
1.2837 1.27911 1.2792
1.27224 1.28937 1.29063
1.28 1.27651 1.26657
1.2801 1.2805 1.28868
1.27509 1.2822 1.27752
1.26931 1.28471 1.27733
1.27752 1.27304 1.26691
1.27102 1.28453 1.28624
1.27604 1.27764 1.26435
1.2701 1.28238 1.28247
1.28053 1.28082 1.26731
1.27336 1.29433 1.29314
1.26635 1.27788 1.26815
1.2786 1.26963 1.26779
1.26948 1.28128 1.28783
1.27192 1.27472 1.27926
1.2721 1.27369 1.26744
1.28237 1.28363 1.2772
1.27793 1.27625 1.28588
1.27563 1.27951 1.2777
1.27775 1.28051 1.27704
1.27625 1.28136 1.27932
1.2765 1.27556 1.27755
1.28633 1.28665 1.27927
1.28064 1.28207 1.29352
1.28066 1.27368 1.27609
1.2778 1.27933 1.2847
1.28327 1.27443 1.27517
1.28218 1.28206 1.29012
1.28131 1.28422 1.27888
1.28154 1.28078 1.28503
1.2857 1.27866 1.28006
1.2808 1.28986 1.29058
1.27741 1.26962 1.27643
1.28249 1.27831 1.28043
1.28059 1.28822 1.28349
1.27879 1.28739 1.28149
1.2766 1.28092 1.27817
1.28028 1.28618 1.27902
1.27831 1.27899 1.28356
1.28344 1.27888 1.27868
1.27855 1.27933 1.28752
1.28039 1.2799 1.27695
1.27404 1.2768 1.28295
1.27669 1.27793 1.27238
1.27836 1.2766 1.27981
1.282 1.2757 1.278
1.27473 1.29053 1.28665
1.28062 1.28136 1.2695
1.27657 1.28151 1.28642
1.27602 1.27151 1.27305
1.27707 1.2789 1.27975
1.27982 1.28377 1.27756
1.27494 1.29019 1.2822
1.27711 1.27834 1.27424
1.2704 1.27961 1.27842
1.26723 1.28218 1.27049
1.26996 1.27267 1.26623
1.27952 1.28291 1.27732
1.2839 1.29168 1.28408
1.27671 1.28217 1.28806
1.2773 1.28275 1.27409
1.27653 1.28443 1.29063
1.27438 1.28174 1.28237
1.27585 1.27391 1.27144
1.2762 1.28731 1.28145
1.27879 1.27665 1.2743
1.27886 1.28159 1.28583
1.28053 1.27728 1.27647
1.27425 1.27634 1.27825
1.28135 1.27864 1.27767
1.27873 1.28768 1.27849
1.27723 1.27952 1.29281
1.28229 1.28218 1.27674
1.27743 1.27767 1.28588
1.27326 1.2778 1.27484
1.27654 1.28202 1.28095
1.29853 1.28529 1.28644
1.27307 1.27828 1.28831
1.2771 1.28353 1.27433
1.2722 1.28082 1.29125
1.27839 1.2682 1.27785
1.28483 1.28396 1.26567
1.27553 1.28275 1.2955
1.28746 1.2835 1.28034
1.26913 1.29302 1.28878
1.28086 1.30193 1.2997
1.30095 1.30477 1.30779
1.28595 1.3025 1.30833
1.30366 1.2962 1.30262
1.28199 1.28982 1.29637
1.27229 1.28207 1.29233
1.28014 1.28293 1.28007
1.27958 1.28084 1.28684
1.27134 1.28895 1.28117
1.28729 1.3027 1.29951
1.29222 1.29207 1.30606
1.27867 1.28366 1.28953
1.2661 1.28221 1.28309
1.28534 1.298 1.28362
1.29359 1.29227 1.30725
1.29517 1.29767 1.28864
1.28709 1.29863 1.30705
1.28247 1.29993 1.2983
1.28341 1.29518 1.30427
1.28453 1.29921 1.2943
1.28563 1.3078 1.30638
1.29705 1.29636 1.31242
1.30407 1.30444 1.29162
1.29877 1.32139 1.3139
1.30581 1.33515 1.33018
1.31898 1.34242 1.33879
1.3274 1.32571 1.31298
1.3224 1.33961 1.33579
1.30075 1.32706 1.32021
1.33437 1.3364 1.33372
1.32516 1.34213 1.34318
1.3318 1.33367 1.32084
1.32194 1.34985 1.3449
1.34395 1.34445 1.3557
1.32035 1.35089 1.3433
1.341 1.34879 1.36119
1.33191 1.32719 1.34697
1.33433 1.33276 1.32246
1.32516 1.35821 1.34626
1.35082 1.35751 1.36927
1.33858 1.337 1.3547
1.34716 1.3478 1.33455
1.33728 1.3482 1.35949
1.33635 1.33665 1.34926
1.33809 1.34186 1.33514
1.32928 1.33645 1.35004
1.34034 1.34525 1.33437
1.3333 1.33536 1.34807
1.34016 1.34534 1.33134
1.33657 1.33423 1.3493
1.34194 1.33383 1.33194
1.34878 1.35064 1.34233
1.34962 1.3453 1.3633
1.3526 1.35325 1.34211
1.34783 1.34926 1.36478
1.3274 1.3363 1.34897
1.34046 1.3373 1.32149
1.32844 1.33878 1.34902
1.34304 1.34882 1.3366
1.33468 1.33922 1.34919
1.33991 1.34556 1.33161
1.33893 1.34298 1.35334
1.34724 1.33355 1.33473
1.3393 1.34642 1.35509
1.35231 1.35661 1.34656
1.34347 1.34795 1.35847
1.34106 1.3572 1.34853
1.34919 1.35365 1.36682
1.32787 1.35621 1.34645
1.33434 1.33442 1.32041
1.34979 1.35098 1.34349
1.34114 1.34571 1.35787
1.32628 1.34497 1.34349
