0.00242179 0.00348612 0.00326095
0.00283258 0.00305509 0.00288106
0.0035053 0.00341414 0.00318679
0.00332511 0.00369492 0.0032763
0.00264375 0.00247606 0.0019077
0.00162144 0.00274542 0.00168023
0.00136098 0.00236235 0.00149574
0.00223153 0.00299533 0.00193391
0.00169233 0.00236179 0.00221122
0.00168498 0.00236548 0.00193432
0.0020553 0.00229741 0.00214908
0.00149536 0.00162216 0.00147676
0.00137379 0.00157411 0.00118546
0.00154133 0.00152354 0.00128316
0.00141197 0.00166877 0.00130704
0.00133438 0.00167479 0.00114431
0.00143351 0.00165911 0.00124705
0.0015419 0.00169945 0.0011711
0.00156806 0.00170557 0.0012131
0.00141597 0.00181325 0.00124155
0.00152298 0.00148539 0.00104642
0.00149786 0.00139594 0.00110358
0.00174043 0.00156373 0.00110235
0.00201312 0.00175921 0.00149861
0.00204131 0.00182152 0.00184718
0.00189176 0.00167116 0.00158046
0.00197972 0.00154685 0.0014316
0.00236855 0.00177498 0.00147929
0.00222207 0.00257577 0.00260972
0.00194966 0.00294666 0.00259675
0.00198779 0.00246781 0.00238551
0.00220417 0.00154319 0.00117486
0.00243003 0.00167579 0.00142545
0.00218234 0.00164229 0.00141146
0.00142644 0.00214333 0.00159503
0.00164712 0.00234763 0.00218921
0.00182905 0.00252743 0.00220028
0.00144056 0.00158214 0.00166437
0.00176716 0.00181251 0.0018219
0.00239312 0.00200735 0.00192037
0.00163323 0.00172989 0.00171035
0.00225283 0.00168499 0.0016602
0.00305994 0.0022955 0.00216292
0.00152805 0.00120179 0.000997006
0.00169811 0.00147744 0.00118669
0.00221996 0.00215983 0.00185739
0.0021192 0.0026349 0.0023858
0.00208067 0.00257586 0.00220204
0.00187713 0.00236219 0.00200205
0.0023685 0.00236159 0.00217091
0.0015635 0.00172324 0.00134641
0.00141403 0.00214499 0.00151906
0.00188429 0.00198222 0.00171103
0.00175108 0.0019356 0.00165146
0.00214942 0.00250027 0.00206682
0.00209207 0.00265235 0.00240294
0.00180298 0.00226056 0.00253058
0.00157275 0.00248901 0.00237818
0.00193606 0.0023666 0.00203996
0.00160189 0.00232927 0.00202281
0.00181686 0.0025517 0.00231522
0.00190066 0.00246313 0.00218756
0.00170837 0.00235749 0.00164173
0.00160924 0.00261443 0.00199376
0.00221895 0.00283704 0.00235365
0.00157617 0.0021591 0.00143333
0.00185074 0.00185503 0.00124702
0.00192234 0.00238595 0.00194917
0.00206845 0.00233836 0.00140001
0.00154179 0.00224101 0.00148165
0.00252156 0.00244702 0.0023714
0.00176714 0.00220457 0.00176795
0.00169425 0.00213577 0.00181146
0.00170478 0.00218052 0.00204503
0.00179382 0.00234666 0.00224157
0.00258607 0.00196822 0.00207343
0.00251651 0.00179251 0.00183185
0.00259209 0.00171047 0.00164
0.00251859 0.00219979 0.00204859
0.00239162 0.00228522 0.0022317
0.00185231 0.00204438 0.0019979
0.00157436 0.00245538 0.00212404
0.00177941 0.00204138 0.00192185
0.0014532 0.00200955 0.00180919
0.00170477 0.00228707 0.00196865
0.00199686 0.00204167 0.00190235
0.00151133 0.00211865 0.00164998
0.00152648 0.00246457 0.00207215
0.00206138 0.00223813 0.00196994
0.0016132 0.002158 0.00207669
0.00162684 0.00267831 0.0023926
0.00204228 0.00254454 0.0021995
0.0021033 0.00243003 0.00228723
0.00150917 0.00281825 0.00260653
0.00218492 0.00238848 0.0022125
0.00161397 0.00253026 0.00223392
0.00149681 0.00252978 0.00236056
0.00212169 0.00229094 0.00230265
0.00172673 0.00216009 0.0019006
0.00142595 0.00248646 0.00201015
0.00167962 0.00225043 0.00199678
0.00150783 0.00239206 0.00174597
0.00151485 0.00249569 0.0019624
0.00190587 0.00269729 0.0022018
0.00235841 0.00228849 0.00182389
0.0016879 0.00219573 0.00164563
0.00153865 0.00260556 0.00179921
0.00204604 0.00281432 0.00269989
0.00198001 0.00234847 0.00267999
0.00204088 0.0024924 0.00243312
0.00180928 0.00221932 0.002319
0.0022552 0.00285078 0.00258842
0.00238841 0.00247705 0.00232097
0.0018552 0.00243281 0.00245068
0.00202236 0.00247688 0.00245107
0.00193664 0.00197783 0.0019332
0.00171227 0.0017082 0.00170737
0.00234641 0.00204823 0.00190302
0.00237751 0.00220151 0.00203322
0.00203875 0.00328897 0.0029681
0.00223462 0.00387216 0.00336865
0.0023794 0.00349379 0.00331816
0.00216225 0.00367565 0.00346669
0.00259644 0.00425343 0.00408695
0.00278892 0.00473264 0.00436892
0.00281218 0.00505002 0.00479465
0.00295929 0.00514941 0.005051
0.00335925 0.00513869 0.00536575
0.00297257 0.00494667 0.00521371
0.00340945 0.00547463 0.00511268
0.00352652 0.00583932 0.00552344
0.00361708 0.00571598 0.00532661
0.00364338 0.00570974 0.00531771
0.00388241 0.00566404 0.00534328
0.00372227 0.00518336 0.00533906
0.00442614 0.00435021 0.00568121
0.0039938 0.00611011 0.00565038
0.00452416 0.00529148 0.00584735
0.00409556 0.00413736 0.00535169
0.00410653 0.00586384 0.00544779
0.00426201 0.005175 0.00554765
0.0036485 0.00573926 0.00546482
0.00348572 0.00453679 0.00545326
0.00263739 0.00424291 0.00420523
0.00290885 0.00381093 0.00395783
0.00300901 0.00456407 0.00433615
0.00375976 0.00478019 0.00515369
0.0034874 0.00461986 0.00486568
0.00377336 0.00501362 0.00459972
0.00341109 0.00434058 0.00434109
0.00361222 0.00472388 0.00462067
0.00389898 0.00487695 0.00485804
0.0037467 0.00437866 0.00506007
0.00340048 0.00453495 0.00471777
0.00417423 0.00432276 0.00538086
0.00420033 0.00545501 0.00493349
0.00402103 0.00472116 0.0053792
0.00327014 0.00418828 0.00458352
0.00531886 0.00494651 0.00489224
0.00443591 0.0044505 0.0053384
0.00366511 0.00422897 0.00495825
0.00493017 0.00507491 0.00488683
0.00405281 0.00481135 0.00491161
0.00485577 0.00502224 0.00427627
0.00362121 0.00391639 0.00437256
0.00427214 0.00463891 0.00417959
0.00418529 0.00418529 0.00426526
0.00405138 0.00405138 0.00409504
0.00388727 0.00388727 0.00396533
0.00409932 0.00409932 0.00415231
0.00372532 0.0041869 0.0043821
0.00366763 0.0037034 0.00423677
0.00414681 0.00436853 0.00400844
0.00415253 0.0049585 0.00438202
0.00339948 0.0046929 0.00454634
0.00323408 0.00346966 0.00395993
0.00420911 0.00484245 0.00352445
0.00475611 0.00500332 0.00414417
0.00294686 0.00349762 0.00422999
0.00453528 0.00517145 0.00384672
0.00482881 0.00530685 0.00430095
0.00325755 0.00371594 0.00436583
0.00441593 0.0047603 0.00398222
0.0045027 0.00476672 0.00387327
0.00345547 0.00349507 0.00439848
0.00342892 0.00342892 0.00368195
0.00405563 0.00405563 0.00425952
0.00389873 0.00310707 0.00411719
0.00426456 0.0047023 0.00378356
0.00462485 0.00499223 0.00405716
0.00345793 0.00312528 0.00419288
0.00407898 0.00474487 0.00368292
0.00379968 0.0038935 0.00436599
0.00344359 0.00355599 0.00415097
0.00380417 0.00380417 0.00393616
0.00472498 0.00506422 0.00395453
0.00387016 0.00387016 0.00401775
0.00378872 0.00378872 0.00392259
0.0038035 0.0038035 0.00395548
0.00390614 0.00390614 0.00406755
0.00389328 0.00389328 0.00402541
0.00394144 0.00394144 0.00408944
0.00396691 0.00396691 0.00411163
0.00386503 0.00386503 0.00401911
0.00395755 0.00395755 0.00413202
0.00401308 0.00401308 0.00414746
0.00396221 0.00396221 0.00413522
0.00400908 0.00400908 0.00416833
0.00402378 0.00402378 0.00417951
0.00392985 0.00392985 0.00409651
0.00397761 0.00397761 0.00413973
0.00405311 0.00394675 0.00412071
0.00393693 0.00393693 0.00407896
0.00396455 0.00396455 0.00410814
0.00373263 0.00401073 0.00419176
0.0039287 0.0039287 0.00408845
0.00395479 0.00396406 0.00411822
0.00375176 0.00375176 0.00380818
0.00386216 0.00386216 0.0039288
0.00384033 0.00384033 0.00392044
0.00380677 0.00380677 0.00388053
0.00392073 0.00392073 0.00402847
0.00380574 0.00380574 0.00391202
0.00382058 0.00382058 0.00394823
0.00389355 0.00389355 0.00406281
0.00381086 0.00381086 0.00397096
0.00380696 0.00380696 0.00393899
0.00390229 0.00390229 0.00409549
0.00385318 0.00385318 0.00399848
0.00386454 0.00386454 0.00402462
0.00389372 0.00389372 0.00403341
0.00381017 0.00381017 0.00395497
0.00382561 0.00382561 0.0039607
0.00388536 0.00388536 0.00405061
0.00382403 0.00382403 0.00397985
0.00385181 0.00385181 0.00400449
0.00384345 0.00384345 0.00400514
0.00342966 0.00388924 0.00402961
0.00383013 0.00351648 0.00396608
0.003596 0.003596 0.00377716
0.00332088 0.00320622 0.00398858
0.00342865 0.00433911 0.00377053
0.00310766 0.00329148 0.00398411
0.00300069 0.00299908 0.00375975
0.00391534 0.00437539 0.00377852
0.00317812 0.00336453 0.00378666
0.00357741 0.00395379 0.00371708
0.00287995 0.00333547 0.00375714
0.00284502 0.00415836 0.00364187
0.00314943 0.00448139 0.00360008
0.00284106 0.00430603 0.00365299
0.00391784 0.00412363 0.00372383
0.00395974 0.00395561 0.00360547
0.00348814 0.00298715 0.00371807
0.00280295 0.00292649 0.00378582
0.00341551 0.00341551 0.003686
0.00431553 0.0044687 0.00379847
0.00274246 0.00311765 0.00392
0.00351976 0.00351976 0.00376614
0.00357381 0.00357381 0.00377474
0.00350604 0.00350604 0.0037247
0.00357702 0.00357702 0.00380298
0.00353196 0.00353196 0.0037533
0.00356711 0.00356711 0.00379798
0.00364488 0.00364488 0.00388423
0.00360566 0.00360566 0.00383573
0.0036138 0.0036138 0.00385502
0.00362766 0.00362766 0.00385183
0.00361891 0.00361891 0.00384129
0.00361618 0.00361618 0.00384182
0.00363123 0.00363123 0.00385203
0.00367434 0.00367434 0.00389819
0.00367111 0.00367111 0.00387453
0.00374677 0.00374677 0.00395837
0.00374816 0.00297357 0.00394894
0.00377049 0.00377049 0.00397619
0.00375674 0.00375674 0.00396411
0.00374295 0.00374295 0.00394805
0.00371185 0.00371185 0.00392267
0.00378172 0.00378172 0.00399786
0.00375502 0.00375502 0.00395565
0.00380294 0.00380294 0.00400815
0.00378234 0.00378234 0.00398041
0.00379298 0.00295394 0.00399573
0.00362766 0.00362766 0.00387269
0.00359632 0.00359632 0.00385271
0.00348934 0.00348934 0.00374851
0.00355126 0.00355126 0.00380836
0.00349586 0.00349586 0.00375565
0.0036555 0.0036555 0.00391449
0.0036259 0.0036259 0.00387005
0.00362203 0.00362203 0.00386524
0.00365115 0.00365115 0.00389321
0.0036366 0.0036366 0.00386157
0.00368913 0.00368913 0.0039139
0.00364797 0.00364797 0.00387745
0.00362097 0.00362097 0.00383594
0.00369772 0.00369772 0.00391648
0.00366232 0.00366232 0.0038767
0.00369117 0.00369117 0.00390533
0.00368493 0.00368493 0.00390362
0.0037439 0.0037439 0.00394512
0.00370924 0.00370924 0.00390113
0.00373866 0.00373866 0.00393118
0.00380838 0.00380838 0.00404197
0.00377197 0.00377197 0.00397594
0.00378101 0.00378101 0.00398922
0.00379057 0.00379057 0.00398212
0.0037291 0.0037291 0.00392321
0.00375515 0.00375515 0.00395965
0.00370963 0.00370963 0.00390418
0.00371752 0.00371752 0.00392559
0.00371809 0.00371809 0.0039227
0.00375425 0.00375425 0.00395115
0.00373415 0.00373415 0.0039344
0.00366956 0.00366956 0.00388543
0.00375386 0.00375386 0.00396246
0.00374795 0.00374795 0.00394525
0.00373193 0.00373193 0.00393385
0.003766 0.003766 0.00396542
0.00373607 0.00373607 0.00393495
0.00381766 0.00381766 0.00399613
0.00378281 0.00378281 0.00397544
0.00380642 0.00380642 0.0039971
0.00385915 0.00385915 0.00405119
0.00379164 0.00379164 0.00398229
0.00381671 0.00381671 0.00401055
0.0038093 0.0038093 0.00399989
0.00385721 0.00385721 0.00404176
0.00379251 0.00379251 0.0039798
0.00389566 0.00389566 0.00407797
0.00384748 0.00384748 0.00403197
0.00388984 0.00388984 0.00406396
0.00372363 0.00372363 0.00390004
0.00381129 0.00381129 0.00396813
0.00376666 0.00376666 0.00393678
0.00375968 0.00375968 0.00391737
0.00375162 0.00375162 0.00391811
0.00370056 0.00370056 0.00384271
0.00372727 0.00372727 0.00387939
0.00372381 0.00372381 0.00385825
0.00369739 0.00369739 0.00386551
0.00361924 0.00361924 0.00379718
0.00362598 0.00362598 0.00380421
0.00358691 0.00358691 0.00378541
0.00354928 0.00354928 0.00374857
0.00357128 0.00357128 0.00377621
0.00357632 0.00357632 0.00379439
0.00353055 0.00353055 0.00372893
0.00354659 0.00354659 0.00374837
0.00353599 0.00353599 0.00373864
