-nan -nan -nan
-nan -nan nan
-nan -nan -nan
0.209785617907 -nan -nan
0.226188280608 0.00747986103999 -nan
0.238761831593 0.00838181914682 0.0164212665401
0.142363148425 0.00910917257268 0.0180130689618
0.147250382882 11.1904633924 0.0193416651455
0.151432471259 11.4570520823 5.31029601734
0.109745647113 11.6895296457 5.41839826896
0.11202986644 8.91061666783 5.51407683264
0.114075868376 9.04853942246 4.1903636197
0.0887313540266 9.17329877368 4.24837768171
0.0900409969572 7.43186617833 4.30128848768
0.0912438143146 7.51552869506 3.47531120697
0.0747577454627 7.59283022102 3.51119053189
0.0756006786208 6.38833285442 3.54451550694
0.0763871956606 6.44421247055 2.97809904643
0.0648496598061 6.49656374133 3.00239898646
0.0654352274118 5.60860957909 3.02524682049
0.0659875846888 5.64829028266 2.61230289069
0.111178950915 5.68582964271 2.62988594829
0.111910427206 5.52425344379 2.6465640716
0.11260592408 5.55532401935 2.9829246093
1.65024476566 5.58493116465 2.99882161886
1.65899598285 5.03989146654 3.01400037722
1.66736729363 5.06376148325 2.70950580634
1.50833947189 5.0866343428 2.72185201282
1.51528143133 4.63160268553 2.73370122082
1.52195375379 4.65073855103 2.48563320554
1.38917909895 4.66915637704 2.4955236069
1.3948309182 4.28842143328 2.50505507861
1.40028415537 4.30414041886 2.29852362403
1.29049022224 4.31932414361 2.30665202559
1.29514783573 3.99191479532 2.31451192844
1.29965607353 4.00501166523 2.18187343801
1.85888624492 4.01770038001 2.18862912369
1.86461435295 3.8241598441 2.19518006575
1.87017351066 3.83520982218 2.14810043009
1.7519641543 3.84594238846 2.15392368272
1.75682814989 3.72249106251 2.15958391852
1.7615593626 3.73200765823 2.02553529647
1.66268976937 3.7412707549 2.03054953263
1.66699403298 3.52381911458 2.03543336312
1.67118894448 3.53204555917 1.91707712355
1.57341623853 3.54006773309 1.92144860407
1.57716510528 3.34590455763 1.92571393783
1.58082491422 3.35311949753 1.81951792661
1.4959762042 3.36016667331 1.82335304784
1.49926210755 3.18540510886 1.82710084538
1.50247471512 3.19178226719 1.731781053
1.42408787185 3.1980200136 1.73517922017
1.42699724375 3.38092903104 1.73850455299
1.42984545481 3.38702755695 1.90302283911
1.36858208754 3.39300029479 1.90639131164
1.37116742055 3.26298296449 1.90969159115
1.37370136551 3.26840894821 1.86678340396
1.30907231702 3.27372900555 1.86980795362
1.31139249965 3.13325107404 1.8727744933
1.31366894898 3.13814135967 1.79285034936
1.25376063309 3.14294103037 1.7955764719
1.2558596952 3.01385923857 1.79825292271
1.25792113838 3.01830080504 1.72475417746
1.20254614866 3.02266405557 1.72723164653
1.20445673987 2.90327732582 1.72966612569
1.20633469648 2.9073329412 1.66279106247
1.15517679846 2.91132035026 1.66504132515
1.15692075434 2.80018845215 1.66725431779
1.15863625776 2.80390468413 1.60621078978
1.28193461962 2.80756117951 1.60826204831
1.28370448136 2.85551889852 1.61028081275
1.28544670806 2.85902592974 1.59390052319
1.24174526854 2.8624789745 1.59579416069
1.24336586882 2.76933066652 1.59765905387
1.24496220724 2.7725465592 1.54931164042
1.21885579938 2.77571495952 1.55104778999
1.2203495989 2.68897084135 1.55275864296
1.2218219203 2.69193026292 1.5022580317
1.17892680677 2.69484768779 1.50386250554
1.18031175228 2.60833819343 1.50544450344
1.18167754354 2.61108652989 1.45783246224
1.1414679257 2.61379733282 1.45932233208
1.14275451798 2.53248619028 1.46079210719
1.1440239697 2.53504265015 1.41616270498
1.10704157511 2.5375654637 1.41755548726
1.10823742883 2.46065528997 1.41893015786
1.10941791544 2.46304379361 1.37642556845
1.07481109616 2.46540196264 1.37772821403
1.07592515788 2.51901319955 1.37901450668
1.07702539373 2.52130857645 1.53037190742
1.04431768703 2.52357578854 1.53173686758
1.04535816362 2.45482285872 1.53308526632
1.04638615523 2.45696816366 1.51455800402
1.01502624219 2.45908800765 1.51583689149
1.01600093492 2.41333983267 1.51710076485
1.01696430714 2.41534625431 1.47672968882
0.987427981066 2.41732961904 1.4779311755
0.988342638825 2.35456651403 1.47911899981
0.989247003597 2.35645258057 1.44074146558
0.96133227112 2.35831764024 1.44187256368
0.962192124262 2.2981338892 1.44299119164
0.963042593009 2.29991224442 1.4063367404
0.937322201044 2.30167138399 1.40740727922
0.93813125894 2.24414671315 1.40846636462
0.938931745442 2.24582731934 1.37331691182
0.913608572968 2.24749029288 1.37433038179
0.914372042641 2.36806144234 1.37533332047
0.915127654138 2.36974290215 1.34414456991
0.891590268496 2.37140721788 1.34510033651
0.892311298238 2.31944744746 1.34604644893
0.893025112105 2.32103554925 1.31645461773
0.870757121338 2.32260790311 1.31735740052
0.871439022998 2.27939235838 1.31825131228
0.872114284283 2.28089298891 1.31431555673
0.872783028415 2.2316619705 1.31517550255
0.851173492597 2.23309917472 1.31602722204
0.851813473423 2.2345227508 1.28754764163
0.852447438353 2.18677481628 1.2883635512
0.853075495205 2.14043496645 1.28917185711
0.853697748963 2.09560507905 1.28997269447
0.854314301881 2.05237433049 1.29076619487
0.85492525357 2.04250733895 1.29155248653
0.855530701095 2.01761276122 1.29233169435
0.856130739052 1.98329156183 1.29310394009
0.856725459659 1.95898063699 1.29386934242
0.857314952827 1.94598724434 1.29462801707
0.857899306239 1.91577777701 1.29538007688
0.858478605424 1.88348339439 1.29612563192
0.859052933823 1.85493223637 1.29686478959
0.859622372857 1.8275541617 1.29759765467
0.839559131703 1.828523328 1.29832432944
0.840105221298 1.82948437144 1.26984976258
0.840646769139 1.79932474736 1.27055031591
0.841183847362 1.77488344969 1.27124508728
0.841716526424 1.75150641803 1.27193416784
0.842244875153 1.7239533533 1.27261764663
0.842768960796 1.71344327653 1.27329561064
0.84328884907 1.68801602331 1.27396814487
0.843804604203 1.66312959525 1.27463533242
0.844316288984 1.64522259275 1.27529725451
0.844823964802 1.63011483259 1.27595399055
0.845327691685 1.6123511564 1.2766056182
0.845827528346 1.59379459309 1.2772522134
0.846323532212 1.5828151616 1.27789385045
0.846815759471 1.5653966892 1.27853060204
0.847304265098 1.5498182164 1.27916253927
0.847789102896 1.53029686381 1.27978973175
0.848270325524 1.51049309419 1.28041224761
0.829450349438 1.51115252181 1.28103015351
0.829912941594 1.5118070994 1.25476861305
0.830372154425 1.49615460756 1.25536338085
0.830828035154 1.4809038006 1.25595383294
0.831280630033 1.46538309085 1.25654002923
0.831729984371 1.44789264578 1.2571220284
0.832176142561 1.43080077088 1.25769988796
0.832619148103 1.41441287605 1.25827366423
0.833059043624 1.39752899288 1.25884341244
0.83349587091 1.38692731237 1.25940918671
0.833929670917 1.37144884698 1.25997104007
0.834360483802 1.3558369748 1.26052902454
0.834788348936 1.34666920258 1.26108319112
0.835213304931 1.33109208919 1.2616335898
0.835635389654 1.32130442343 1.26218026965
0.836054640248 1.31237059765 1.26272327876
0.836471093149 1.297648449 1.26326266433
0.836884784108 1.28842045851 1.26379847265
0.837295748201 1.2753158445 1.26433074917
0.837704019851 1.26242670603 1.26485953847
0.820319318503 1.26289395623 1.26538488429
0.820712625163 1.26335818195 1.23894057879
0.821103401169 1.25075509863 1.23944841383
0.821491677713 1.23767518463 1.23995300069
0.821877485421 1.2381221966 1.21468370216
0.82226085437 1.22687374858 1.21517162284
0.822641814095 1.21682364609 1.21565647725
0.823020393608 1.20425120021 1.21613830233
0.823396621406 1.2046745429 1.19230735897
0.823770525485 1.19291470366 1.19277319834
0.824142133351 1.18316547522 1.1932361769
0.824511472029 1.18357734982 1.17432249688
0.824878568081 1.17718443175 1.17476957552
0.825243447606 1.16787293902 1.17521395471
0.825606136262 1.16826898768 1.15511907324
0.825966659266 1.16029686025 1.15554864376
0.82632504141 1.14904792461 1.15597566341
0.826681307068 1.14942989327 1.13458564031
0.827035480207 1.13904696261 1.13499951394
0.827387584392 1.12778660927 1.13541096987
0.827737642801 1.12815621159 1.11470176832
0.828085678229 1.12068877938 1.1151008729
0.80810879161 1.121050469 1.11549768336
0.808446671412 1.11327048807 1.115892225
0.808782629536 1.1136245349 1.09580073195
0.809116686944 1.10295547708 1.09618376075
0.809448864266 1.09393861334 1.09656463385
0.809779181799 1.09428130164 1.07810846261
0.810107659519 1.08491046276 1.07847788298
0.810434317087 1.07568517367 1.07884525633
0.810759173854 1.0760165252 1.06010515671
0.811082248868 1.0669611006 1.06046219648
0.811403560881 1.05804434862 1.0608172879
0.811723128353 1.05836490445 1.04244323469
0.812040969464 1.04960694506 1.04278876491
0.812357102109 1.04097645048 1.04313243783
0.812671543914 1.0412867218 1.02561097683
0.812984312237 1.03281395828 1.02594528353
0.813295424173 1.02446171669 1.02627781978
0.813604896559 1.02476218071 1.00935707894
0.813912745982 1.01642722771 1.00968067112
0.814218988781 1.00833626325 1.01000257451
0.814523641053 1.0086274135 0.993454983767
0.814826718657 1.00068099281 0.993768484932
0.81512823722 0.992844406346 0.994080373437
0.81542821214 0.993126619847 0.978150371569
0.815726658592 0.985427107788 0.978454164758
0.797673965938 0.985704296307 0.978756417318
0.797962886514 0.977818578443 0.979057144253
0.798250355569 0.978090971038 0.964004774934
0.798536387106 0.970645707766 0.964297629269
0.798820994932 0.963274568612 0.964589025932
0.799104192656 0.96353884682 0.949493491941
0.799385993699 0.956298907317 0.949777642178
0.799666411292 0.949147045647 0.950060397431
0.799945458479 0.949403565408 0.935580563588
0.800223148128 0.942373913814 0.935856285685
0.800499492924 0.93538311159 0.936130672459
0.800774505381 0.93563221727 0.922005325848
0.80104819784 0.928775866326 0.922273023701
0.801320582474 0.922067489454 0.922539442373
0.80159167129 0.922309480597 0.908587123467
0.801861476132 0.915643914176 0.908847283073
0.802130008688 0.90906291647 0.909106215875
0.802397280485 0.909298104637 0.895726375437
0.802663302898 0.902768489436 0.89597919337
0.802928087151 0.896401820372 0.896230834601
0.803191644321 0.890141995934 0.896481309656
0.803453985334 0.890368013483 0.883450950292
0.803715120979 0.884164377332 0.88369560974
0.803975061899 0.878452095153 0.883939149843
0.804233818601 0.878671883494 0.871382318929
0.804491401455 0.872802743398 0.871620227019
0.804747820698 0.866905837531 0.871857060377
0.805003086434 0.867119671804 0.859625623117
0.805257208639 0.861069023382 0.859857060144
0.787695423774 0.861279558123 0.860087464692
0.787941878185 0.855352046885 0.860316845615
0.788187242175 0.855559346679 0.848434377322
0.78843152502 0.849777242397 0.848658599415
0.78867473588 0.846980427652 0.848881837555
0.788916883799 0.847182209255 0.837382536104
0.789157977711 0.843218856472 0.837600795093
0.789398026439 0.837994932358 0.837818107892
0.789637038695 0.832208066595 0.838034482387
0.789875023086 0.832402429759 0.830734809614
0.790111988114 0.825862993798 0.830946198169
0.790347942175 0.826054951638 0.819903409313
0.790582893565 0.822914314349 0.820110255417
0.790816850479 0.816416322961 0.820316226006
0.791049821013 0.816603916434 0.814428275606
0.791281813168 0.811282089583 0.814629690135
0.791512834845 0.811466961314 0.803899998522
0.791742893856 0.806359530999 0.804097288248
0.791971997916 0.801291512681 0.804293759046
0.792200154651 0.801471809056 0.795088699879
0.792427371597 0.796432074786 0.795280891044
0.792653656201 0.791519235041 0.79547229359
0.792879015825 0.791695125888 0.785445525477
0.775953135711 0.791870300475 0.785633025981
0.776171959937 0.786939136389 0.785819765833
0.776389899778 0.782232522685 0.786005750971
0.776606962113 0.782403463653 0.779544584765
0.776823153739 0.777653094314 0.779726590401
0.777038481379 0.777821639633 0.771384727209
0.777252951676 0.77310750047 0.771562898802
0.761175186852 0.773273702526 0.771740363613
0.761383537461 0.76866721604 0.771917127038
0.761591067636 0.768831115507 0.763846939104
0.761797783595 0.764247790032 0.764020024657
0.762003691487 0.759672101178 0.764192433606
0.762208797392 0.759832171307 0.758852945028
0.746237896691 0.759991620235 0.75902183163
0.746437389265 0.755623417798 0.759190065178
0.746636113207 0.755780691473 0.750237028711
0.746834074218 0.750048126601 0.750402055022
0.747031277936 0.750204350191 0.743454819756
0.747227729938 0.745938191741 0.743616505889
0.732386374205 0.746092308383 0.743777577877
0.732577443199 0.741810302277 0.743938040211
0.732767791542 0.741962361106 0.736770026917
0.732957424469 0.737688499292 0.736927297581
0.733146347155 0.733421023362 0.737083979212
0.733334564722 0.733569654434 0.730109793115
0.733522082237 0.729387966922 0.730263393139
0.718961642322 0.729534652449 0.73041642384
0.719144175904 0.729680796154 0.725886104609
0.719326037565 0.725552921209 0.726036197837
0.719507232067 0.725697166638 0.717856706239
0.719687764124 0.7217098829 0.718004149746
0.719867638399 0.717666660018 0.718151056032
0.70584745355 0.717807718511 0.718297428867
0.706022637327 0.717948266516 0.710518644933
0.706197189248 0.713957445571 0.710662392192
0.706371113704 0.710004217188 0.710805622718
0.706544415038 0.710141706574 0.706908380857
0.70671709755 0.706244962983 0.70704897309
0.706889165497 0.706380716809 0.699567607923
0.692877577215 0.706515989093 0.699705734157
0.693045363112 0.702809600982 0.699843372051
0.693212557758 0.698784167021 0.699980524929
0.693379165165 0.698916557048 0.692990633256
0.693545189307 0.695216621123 0.693125342377
0.693710634118 0.69149463815 0.693259581438
0.680922343082 0.691624217399 0.6933933536
0.681083597926 0.691753347412 0.686304793933
0.681244295523 0.688066213002 0.686436252605
0.681404439581 0.684381962943 0.686567258455
0.681564033775 0.684508393219 0.679525235778
0.681723081742 0.680911119224 0.679654019292
0.669382133378 0.68103601458 0.679782363435
0.669537227199 0.677482682626 0.679910271095
0.669691795234 0.677606069968 0.672939349947
0.669845840915 0.674060992948 0.673065127217
0.669999367645 0.670577971934 0.673190480767
0.670152378793 0.670698830691 0.666556257707
0.670304877694 0.66723072325 0.666679502225
0.658380455907 0.667350147534 0.666802335434
0.658529235315 0.663925270449 0.666924759978
0.658677521267 0.664043284686 0.66140091972
0.658825316919 0.660639903028 0.661521216028
0.658972625395 0.66075653293 0.655461484377
0.65911944979 0.657406729723 0.65557975337
0.647602499519 0.65752199761 0.655697634899
0.64774580553 0.654335803609 0.65581513141
0.647888644905 0.654449723206 0.649405106892
0.648031020574 0.651204687743 0.649520715324
0.648172935439 0.647985832126 0.649635949584
0.648314392373 0.648097497052 0.643204792431
0.637236027272 0.648208802741 0.643318223876
0.637374147517 0.644942696416 0.643431291492
0.637511826068 0.641748952041 0.64354399753
0.637649065646 0.641858088473 0.638505481342
0.637785868952 0.638756311686 0.638616304992
0.637922238657 0.635557609495 0.638726777384
0.638058177412 0.635664636635 0.632956566838
0.627168283441 0.635771326546 0.633065270347
0.627301090888 0.632663981815 0.633173632351
0.627433482324 0.632769478822 0.627359313929
0.627565460262 0.629764970441 0.627465977779
0.627697027191 0.626724096584 0.627572309453
0.617340226127 0.626827581197 0.627678310947
0.617468792496 0.6269307454 0.624099110374
