89.7348636751
90.1490762855
89.9118982321
89.900014848
90.0011177766
90.0725023691
89.7494104053
85.6893828336
84.279426
84.5689380654
82.6136309696
82.5137778153
82.5923142016
82.4617774783
82.4596832003
82.5433520312
82.5593105703
82.5592550358
82.5713963436
82.5772651634
82.586117126
82.5760189697
82.5459974239
82.5713204158
82.550668773
80.3365063242
79.4123392952
77.5936402325
76.3430760289
75.507794112
75.4007984789
75.3859975637
75.3918304975
75.3584783992
75.3869474874
75.3920708542
75.44695359
75.5086575183
74.8759799595
74.6306099422
72.1202624592
71.3111519179
71.1926535378
70.6776348632
70.4503181854
70.7141770165
70.0998933404
69.2553611284
69.2488610529
68.8654574179
68.8994300602
68.899480817
68.9119749154
68.9604317857
68.9596458756
68.9540718638
68.9917622404
68.9836128833
66.7694825542
65.651450497
65.6358549745
64.621102179
64.1344162743
64.1317102879
63.9070695384
63.1109199337
63.4909917397
62.2985415761
62.2457568432
62.2892804799
62.2392086743
62.2025173918
62.2324597671
62.2575238954
60.6560041553
60.0548735922
59.3386923328
58.7952434292
58.3315384772
58.3330734571
57.9964704142
57.5285033472
57.429693569
57.1672685021
57.231853199
56.7339349126
56.7398099333
56.7405801838
56.445063247
56.0751657204
55.3765731349
53.2111836213
52.3593686148
52.0097731848
52.0431565176
51.7794290902
51.7872557931
51.283928382
51.1803171543
51.2665631885
50.8438327845
50.6464211951
50.5119271152
50.0119852446
50.0964754573
49.7445917728
49.310554007
49.4369833228
49.4826677544
49.5387252769
49.5946558923
49.6061676317
49.6267051888
47.9723192887
48.0524747171
48.7642002577
47.808455634
47.3887107223
46.9144478072
45.518743069
45.1345765571
44.6524945889
44.2249176514
44.0020948468
44.0915927032
43.9046270683
43.9891512774
43.1922972289
42.2677055504
42.2176259707
42.2798427036
42.1893971524
41.7743112106
41.1276563234
40.7154355306
39.905672583
39.4861342862
39.1642893594
38.6167509142
38.7146454356
38.7687190604
38.8738098415
38.4302688527
38.4140417652
38.1385425946
37.8585742752
37.4396078099
37.1986222913
37.4774879864
37.3611646156
36.6718556088
36.6799180305
35.8453990006
35.8517675357
35.7235890523
35.0795954288
34.8771342997
34.2247939768
33.7814536523
33.7442747414
33.6289316908
33.6679380052
33.5815526837
33.0717864025
33.1345804478
33.0941755003
33.0890653518
32.8346486963
33.1663133602
32.6490729672
32.4643131302
32.181595672
32.2968036726
32.1690120601
32.3673666866
32.188956691
32.1542473097
31.8434035577
31.6881377283
31.5801327
31.6517669059
31.1000609602
30.5163934552
30.3491516024
30.2382825619
29.8698649522
30.0578574464
29.8735744927
29.0855415889
29.6109836648
29.8543223667
29.4151999565
28.9434246345
29.1080573997
29.0359196327
29.1140346609
29.1165481047
29.1147162221
29.0783521112
29.0643927175
29.0654546951
29.0169693589
29.0040118258
29.005172755
28.9665813756
28.9507477837
28.951646375
28.91333672
28.9590956553
28.8577625589
28.792700762
28.7637329981
28.6507323429
28.635102436
28.6789194951
28.715890805
28.6664670161
28.652855644
28.7752224472
28.8334170864
28.8411610344
28.8429834324
28.8579316561
28.7883787289
28.8440842971
28.8438026081
28.8758271428
28.869939344
28.8644589402
28.8228148577
28.8763809391
28.9289818984
28.9010701651
28.7299773127
28.6967987481
28.7609024551
28.8303260369
28.6940257272
28.6426095585
28.7322691609
28.8185202875
28.7768708469
28.7862186253
28.943935726
28.8176415778
28.7677867993
28.8285926257
28.7974012086
28.8205246046
28.8323966824
28.8046506236
28.7758070492
28.8332946469
28.7807774391
28.7458923407
28.3771200653
28.2145779796
28.2109290353
27.9531962145
28.2883106043
28.2398701498
28.233892099
28.2436555872
27.9125332913
27.929349179
27.9625835667
27.6107905475
27.6293047599
27.6305487563
27.4830041062
28.3637460876
27.9598546316
27.9620788197
27.582551047
27.4887220397
27.5219253637
28.0026129275
28.3068485586
27.5767949948
27.6000596964
27.5305199886
27.5680640615
27.5728998111
27.3966485141
27.401238219
27.9081882594
28.0214425578
27.837738526
27.8395111863
27.6212885904
27.6341442521
27.6349897259
27.6571845312
27.6650176943
27.5199036826
27.5215566306
27.5297114228
27.4031904164
27.4138186396
27.4374664285
27.4596741697
27.4612863479
27.4703640625
27.119196735
27.1414038911
27.1874474073
27.1957512492
27.1976004929
26.8419596341
26.8700598135
26.8698360804
26.8849196673
26.8836982879
26.8901702656
26.8925542942
26.8430452851
26.858048745
26.878925391
26.898990623
26.8959218898
26.8811359419
26.8769527863
26.873910437
26.8656345725
26.8568047567
26.8442195128
26.8240770236
26.8135276769
26.8198681542
26.6432844935
26.6400120625
26.645267362
26.5978707141
26.5864806245
26.6087345372
26.5359682355
26.5773119122
26.5377739772
26.4999519727
26.4839169678
26.456443393
26.4535233355
26.4573325553
26.4570486331
26.3104253309
26.2451158671
26.2479924108
26.2165298235
26.2088170732
26.2621155607
26.2440348761
