60.3121833324
60.3121833324
60.3121833324
60.3121833324
60.3121833324
60.3121833324
60.3121833324
60.3121833324
60.3121833324
60.3121833324
60.3121833324
60.3121833324
60.3121833324
60.3121833324
60.3121833324
60.3121833324
60.3121833324
60.3121833324
60.3121833324
60.3121833324
60.3121833324
60.3121833324
59.9264531374
58.900722599
58.1356122971
57.4647717968
56.999648118
56.999648118
56.8979401827
56.8979401827
56.8316660643
56.8316660643
56.8316660643
56.8979401827
56.8979401827
56.8979401827
56.8979401827
56.8979401827
56.8979401827
56.8979401827
57.0505020142
57.0505020142
57.0505020142
57.1476162672
57.1476162672
57.1476162672
57.1476162672
57.3001780987
57.3664523602
57.5144209623
57.5144209623
57.3155982018
56.9607084036
56.3915756971
56.1887039229
56.1887039229
55.9698678493
55.9035937309
55.6418859363
55.6418859363
55.6418859363
55.6418859363
55.6418859363
55.7081600547
55.7081600547
55.5522098303
55.7710457802
55.755625701
55.755625701
55.755625701
55.7047716618
55.6808254361
55.6384975433
55.5636974216
54.8579671741
54.9242412925
54.7442275286
53.8985105887
54.000218524
53.8985105887
53.4846676111
53.4846676111
53.4846676111
53.1373332903
53.0710591719
53.0710591719
53.0710591719
53.0710591719
53.0710591719
53.0710591719
52.8327534556
52.8327534556
52.8327534556
52.8327534556
52.8327534556
52.8327534556
52.8990275741
53.0985108033
53.0985108033
53.0985108033
52.1624563858
51.9441644296
51.588186793
51.054371275
50.6407623231
50.6247981712
50.6247981712
50.5785376146
50.5785376146
50.5510859922
50.5156521752
50.5236341313
50.5156521752
50.5156521752
50.5156521752
50.5156521752
50.5236341313
50.5236341313
50.5156521752
50.5156521752
50.5156521752
50.5156521752
50.1990412399
50.1172298476
49.4665195748
49.1472224563
47.9768632919
47.8751553565
47.6607961163
47.5487987027
47.5487987027
47.5487987027
47.5487987027
47.484178032
47.484178032
47.484178032
47.484178032
47.4682138801
47.4682138801
47.3785375685
47.3785375685
46.7309008807
46.2109550923
46.1292606086
45.6282643005
45.6282643005
45.6244092539
45.4519382983
45.4744451091
45.4412203491
44.6698121667
44.3860023648
44.1156303331
44.0996662691
42.7757129058
42.0133305535
42.0796048149
42.0304928407
41.9182446316
41.8928176507
41.8928176507
