1.07218 1.07292 1.07262
1.06949 1.06747 1.0674
1.07029 1.06833 1.06837
1.067 1.06794 1.06791
1.06728 1.06908 1.06865
1.07049 1.06804 1.06755
1.06733 1.06698 1.0677
1.0711 1.06953 1.06925
1.07079 1.06857 1.06887
1.07014 1.0689 1.06905
1.07084 1.07269 1.07286
1.07236 1.06917 1.0697
1.06972 1.06949 1.06908
1.0714 1.07096 1.07027
1.07527 1.07248 1.07241
1.07226 1.07198 1.07217
1.07616 1.07411 1.07467
1.07303 1.07012 1.07061
1.07286 1.06972 1.07004
1.07811 1.0777 1.07741
1.07333 1.07532 1.07495
1.0733 1.07435 1.07465
1.078 1.07579 1.07587
1.07379 1.0735 1.07341
1.07283 1.07301 1.07307
1.07617 1.07438 1.07434
1.07276 1.07186 1.07225
1.07451 1.07094 1.07101
1.07467 1.07508 1.07518
1.0756 1.07525 1.07489
1.07647 1.0752 1.07529
1.08031 1.07963 1.07936
1.07536 1.07702 1.07658
1.07401 1.07605 1.07573
1.07651 1.07361 1.07428
1.07514 1.07369 1.0745
1.07521 1.07484 1.07515
1.07314 1.07495 1.0742
1.07846 1.07636 1.07677
1.07583 1.07622 1.07667
1.07426 1.07539 1.07413
1.08211 1.08164 1.08136
1.07632 1.07593 1.0804
1.07766 1.07557 1.07561
1.08543 1.07587 1.07634
1.07656 1.07516 1.07535
1.07713 1.07551 1.07551
1.076 1.07719 1.07727
1.07623 1.07666 1.07656
1.07798 1.07592 1.07573
1.07682 1.07711 1.07745
1.07871 1.0775 1.07734
1.08174 1.07955 1.07929
1.07926 1.07842 1.07825
1.07859 1.07696 1.07625
1.08397 1.08113 1.08121
1.0819 1.08166 1.08157
1.08486 1.08248 1.08242
1.09002 1.08844 1.0881
1.08878 1.08749 1.08736
1.08807 1.08703 1.0868
1.09091 1.08984 1.09015
1.0898 1.08949 1.08942
1.08719 1.08846 1.08848
1.08478 1.08723 1.08674
1.08331 1.08486 1.08565
1.08174 1.08395 1.08363
1.08853 1.09156 1.09363
1.08435 1.09013 1.08985
1.10627 1.09279 1.09371
1.10524 1.11689 1.12007
1.12844 1.11829 1.11642
1.10805 1.11723 1.11839
1.10265 1.10044 1.09984
1.10802 1.1032 1.10332
1.09854 1.10096 1.10551
1.0887 1.09155 1.09215
1.09718 1.0952 1.0931
1.10037 1.09937 1.09749
1.11677 1.11142 1.10918
1.11363 1.11646 1.1183
1.11599 1.12404 1.12419
1.10603 1.11163 1.11183
1.12086 1.11894 1.11799
1.1247 1.11978 1.12334
1.13678 1.13184 1.13361
1.12809 1.13158 1.13221
1.13528 1.13881 1.13785
1.13953 1.13316 1.13421
1.13544 1.13779 1.13637
1.13796 1.14136 1.14158
1.13901 1.13303 1.13347
1.14352 1.13804 1.13784
1.14446 1.14421 1.14434
1.1561 1.15164 1.153
1.1556 1.1534 1.15369
1.16194 1.1593 1.15995
1.18463 1.18092 1.18316
1.1854 1.18756 1.187
1.189 1.19161 1.19032
1.17202 1.17526 1.17451
1.18475 1.18145 1.18201
1.18824 1.1892 1.19011
1.17678 1.1772 1.17605
1.17959 1.1755 1.1758
1.18143 1.18393 1.18273
1.17183 1.16876 1.17001
1.17532 1.17479 1.1746
1.18287 1.18368 1.18165
1.17215 1.16883 1.16797
1.17813 1.17595 1.17644
1.18468 1.18568 1.18448
1.16738 1.16649 1.16583
1.17837 1.17547 1.17726
1.18113 1.18239 1.1814
1.18836 1.18862 1.18888
1.18441 1.18441 1.1842
1.18062 1.18192 1.18097
1.18949 1.18883 1.18808
1.19302 1.19422 1.1937
1.20158 1.20066 1.20171
1.20978 1.20583 1.20579
1.21606 1.21256 1.21509
1.22045 1.22024 1.22143
1.22642 1.22514 1.22673
1.23099 1.23113 1.23222
1.2343 1.23816 1.23789
1.24396 1.2445 1.2453
1.25227 1.25143 1.25109
1.25815 1.25754 1.25825
1.26422 1.26446 1.26614
1.25783 1.25786 1.2578
1.25748 1.25593 1.2564
1.26304 1.26311 1.26452
1.2714 1.27223 1.27298
1.27894 1.27883 1.28064
1.28485 1.28527 1.28547
1.27561 1.2782 1.27736
1.28345 1.28494 1.28553
1.29003 1.29067 1.29204
1.30023 1.29975 1.3015
1.30327 1.30408 1.30382
1.30786 1.30925 1.31112
1.31069 1.31266 1.31318
1.3163 1.31855 1.31749
1.32687 1.32723 1.30964
1.3251 1.32649 1.31063
1.3303 1.33132 1.31362
1.33524 1.31165 1.30974
1.33142 1.31813 1.31954
1.33029 1.31739 1.31738
1.32428 1.33242 1.30214
1.32764 1.32157 1.30677
1.34928 1.32729 1.31153
1.34649 1.31672 1.32175
1.31799 1.31802 1.31578
1.32269 1.32791 1.32413
1.32983 1.32383 1.32835
1.32677 1.32676 1.32665
1.3292 1.33127 1.333
1.33077 1.33361 1.33798
