1.07974 1.08349 1.08549
1.08153 1.0762 1.07634
1.06918 1.06581 1.06696
1.06631 1.06828 1.062
1.06982 1.06662 1.06604
1.0722 1.07039 1.07203
1.07923 1.07343 1.07491
1.07913 1.07525 1.0794
1.08702 1.07809 1.07803
1.07877 1.07545 1.07564
1.07558 1.0745 1.07083
1.06584 1.08389 1.08003
1.08699 1.07624 1.07743
1.07037 1.09596 1.08907
1.11376 1.09681 1.09527
1.07551 1.08402 1.08792
1.07751 1.06999 1.07007
1.07541 1.07875 1.07198
1.08278 1.07748 1.06992
1.08581 1.08568 1.08093
1.08444 1.07692 1.07168
1.0694 1.07185 1.06831
1.07473 1.0708 1.07265
1.06995 1.06893 1.07003
1.06992 1.0597 1.06715
1.06147 1.06793 1.07731
1.08708 1.05531 1.06165
1.05525 1.06469 1.06194
1.05488 1.05437 1.05407
1.05396 1.0551 1.05583
1.05482 1.05711 1.0583
1.05949 1.05284 1.05272
1.05064 1.06194 1.05987
1.05014 1.06967 1.06876
1.05804 1.05843 1.05397
1.07528 1.0716 1.07589
1.07666 1.07226 1.0718
1.0685 1.07343 1.07145
1.06623 1.07692 1.07512
1.06288 1.07182 1.07045
1.05381 1.06486 1.06363
1.06537 1.07586 1.07214
1.05841 1.07602 1.07109
1.05135 1.06309 1.05657
1.0787 1.0864 1.08285
1.07164 1.09146 1.08914
1.05606 1.07808 1.07889
1.07924 1.09519 1.09444
1.09169 1.09964 1.09794
1.07654 1.09538 1.09226
1.08297 1.08803 1.0844
1.08366 1.07606 1.07298
1.08603 1.10365 1.09791
1.12722 1.10626 1.11079
1.10129 1.11457 1.1141
1.07505 1.09891 1.09279
1.11037 1.10564 1.09995
1.11855 1.10788 1.10532
1.12297 1.13192 1.12673
1.14653 1.13949 1.136
1.15033 1.14325 1.13816
1.14045 1.15033 1.15611
1.156 1.14612 1.14818
1.16763 1.152 1.14925
1.16191 1.17816 1.17364
1.15747 1.18076 1.179
1.15864 1.17979 1.1769
1.12851 1.15035 1.14779
1.1263 1.15033 1.14794
1.16254 1.15176 1.14759
1.1822 1.16214 1.1626
1.17728 1.157 1.15499
1.13247 1.15543 1.15081
1.11262 1.13279 1.12237
1.14966 1.13824 1.13436
1.141 1.13008 1.13136
1.15586 1.1423 1.14226
1.15209 1.14488 1.13893
1.1227 1.14585 1.1353
1.13333 1.12713 1.11418
1.15076 1.12242 1.12877
1.12043 1.13582 1.1317
1.10101 1.12764 1.12059
1.1125 1.14103 1.13258
1.13883 1.15715 1.15741
1.0974 1.15277 1.12587
1.11902 1.14604 1.14339
1.13232 1.1406 1.13881
1.16544 1.16236 1.15769
1.17962 1.16738 1.16566
1.18132 1.18243 1.17959
1.20001 1.19368 1.18991
1.17742 1.20221 1.19871
1.18725 1.20618 1.20361
1.18507 1.18974 1.18291
1.17747 1.20527 1.19721
1.1848 1.21495 1.20505
1.19594 1.18026 1.18071
1.19616 1.19081 1.18449
1.16921 1.19693 1.19324
1.18402 1.17114 1.16607
1.16018 1.18764 1.17974
1.17077 1.19186 1.18761
1.17702 1.17473 1.16589
1.1781 1.18891 1.18417
1.17916 1.18833 1.19043
1.16095 1.1801 1.17801
1.1635 1.18537 1.18071
1.19263 1.18205 1.18243
1.21177 1.20575 1.19888
1.22444 1.20825 1.20622
1.22329 1.20584 1.20623
1.20727 1.22516 1.22613
1.2111 1.22553 1.21928
1.22845 1.21328 1.21698
1.23189 1.22685 1.21609
1.24872 1.24049 1.23835
1.25491 1.23395 1.24073
1.22965 1.23846 1.24198
1.21658 1.24101 1.23831
1.23565 1.24247 1.23609
1.24395 1.23482 1.23706
1.24416 1.24209 1.24024
1.23484 1.2466 1.2464
1.23638 1.26095 1.25485
1.257 1.25172 1.26196
1.24887 1.26834 1.26595
1.27359 1.28052 1.26906
1.25875 1.27913 1.27285
1.25776 1.29419 1.28129
1.26965 1.29699 1.29266
1.24676 1.27503 1.26649
1.27151 1.28706 1.28227
1.27328 1.28828 1.29124
1.28752 1.30968 1.30164
1.28472 1.30731 1.30958
1.31714 1.31911 1.31623
1.30394 1.33396 1.32844
1.32489 1.36064 1.35221
1.33811 1.3487 1.3654
1.32177 1.35278 1.35245
1.33944 1.34662 1.36249
1.35013 1.35531 1.37148
1.35841 1.36402 1.38179
1.34117 1.35059 1.36893
1.35097 1.36388 1.38072
1.34352 1.35002 1.36688
1.35206 1.35741 1.37753
1.35858 1.36848 1.38546
1.33508 1.34178 1.35904
1.34153 1.34616 1.36342
1.32445 1.33054 1.34861
1.33644 1.33992 1.35857
1.32583 1.3562 1.34777
1.34357 1.34651 1.36492
1.35844 1.36284 1.38261
1.34678 1.34935 1.36589
1.35508 1.35992 1.3756
1.34259 1.34577 1.36322
1.35516 1.35623 1.37407
1.3412 1.3365 1.35761
1.34433 1.34443 1.36717
1.34967 1.35428 1.37719
1.32664 1.33191 1.3515
1.33333 1.3382 1.35773
1.34907 1.34932 1.36578
1.32272 1.36513 1.34955
1.33154 1.33297 1.35368
1.31116 1.3173 1.33063
1.28083 1.31883 1.30799
1.29719 1.32445 1.31431
1.33558 1.32806 1.32347
1.32442 1.34436 1.33863
1.35057 1.35509 1.34649
1.34965 1.33921 1.35434
1.34503 1.349 1.33561
1.34955 1.35279 1.33919
1.3526 1.35645 1.36571
1.35519 1.35628 1.37042
1.36309 1.36589 1.37527
1.35337 1.35025 1.36356
1.35014 1.35567 1.36619
1.36456 1.36373 1.35322
1.34613 1.34551 1.35698
1.34723 1.36052 1.34308
1.35844 1.35243 1.34562
1.34749 1.34658 1.35923
1.36074 1.34959 1.3623
1.35539 1.36237 1.3446
1.36141 1.36036 1.34704
1.35913 1.36024 1.34994
1.35329 1.35103 1.36646
1.36612 1.36118 1.34592
1.35161 1.36192 1.34826
1.35663 1.35858 1.37135
1.35968 1.35913 1.37432
1.35818 1.36317 1.37713
1.3431 1.34082 1.35763
1.34389 1.34241 1.35941
1.34153 1.34796 1.33532
1.34768 1.34411 1.33707
1.35273 1.36444 1.35256
1.34242 1.34129 1.3566
1.34327 1.34662 1.35913
1.35971 1.34294 1.34189
1.34609 1.35668 1.34444
1.35197 1.35539 1.36644
1.35504 1.3595 1.37065
1.36181 1.35981 1.37442
1.34042 1.34394 1.35351
1.35353 1.35353 1.35532
1.35333 1.35333 1.35491
1.3476 1.34478 1.35805
1.34864 1.35424 1.3396
1.34708 1.35943 1.34155
1.35787 1.35696 1.34426
1.359 1.3588 1.3687
1.35542 1.35542 1.35742
1.35739 1.35739 1.35937
1.35746 1.35746 1.35954
1.36092 1.36092 1.36276
1.35552 1.35364 1.36588
1.35812 1.36283 1.34815
1.36576 1.36015 1.34905
1.35853 1.35735 1.3687
1.36124 1.36163 1.3728
1.36359 1.36351 1.37576
1.34521 1.35542 1.35718
1.34617 1.35668 1.3581
1.34687 1.34709 1.35771
1.35892 1.35892 1.36049
1.35982 1.35982 1.36119
1.36263 1.36263 1.36353
1.365 1.365 1.36575
1.36539 1.36539 1.36637
1.36744 1.36744 1.36883
1.36803 1.36803 1.36919
1.37026 1.37026 1.37163
1.36336 1.36471 1.3742
1.35918 1.35918 1.36017
1.35909 1.35909 1.36006
1.35989 1.35989 1.35989
1.36147 1.36147 1.36264
1.36421 1.36421 1.3652
1.3647 1.3647 1.36579
1.36485 1.36485 1.36587
1.36687 1.36687 1.36773
1.36958 1.36958 1.37047
1.37036 1.37036 1.37137
1.37238 1.37238 1.37339
1.37275 1.37275 1.37381
1.36518 1.36525 1.37545
1.36036 1.36036 1.36157
1.36169 1.36169 1.36272
1.36452 1.36452 1.36547
1.36575 1.36575 1.36643
1.36732 1.36732 1.36814
1.36962 1.36962 1.37032
1.37003 1.37003 1.37086
1.36342 1.37154 1.37224
1.36441 1.37372 1.3745
1.37423 1.36526 1.37479
1.36831 1.37555 1.37624
1.37585 1.37585 1.37664
1.37728 1.37728 1.37798
1.37917 1.37058 1.37961
1.36481 1.36481 1.36547
1.3649 1.3649 1.36561
1.3648 1.3648 1.36558
1.36627 1.36627 1.36684
1.3684 1.3684 1.36921
1.36874 1.36874 1.36964
1.36999 1.36999 1.37107
1.37044 1.37044 1.3715
1.37203 1.37203 1.37262
1.37323 1.37323 1.37385
1.37373 1.37373 1.37446
1.37537 1.37537 1.37611
1.37593 1.37593 1.37664
1.37601 1.37601 1.37664
1.37695 1.37695 1.37777
1.3788 1.3788 1.37956
1.37944 1.37944 1.38023
1.38102 1.38102 1.38167
1.38127 1.38127 1.38195
1.38198 1.38198 1.38283
1.38392 1.38392 1.38477
1.38505 1.38505 1.38585
1.38784 1.38784 1.38897
1.39056 1.39056 1.39179
1.39147 1.39147 1.39263
1.39336 1.39336 1.39398
1.39363 1.39363 1.39471
1.3961 1.3961 1.39717
1.39839 1.39839 1.39946
1.39902 1.39902 1.40013
1.40104 1.40104 1.40123
1.4024 1.4024 1.40307
1.40264 1.40264 1.40341
1.40423 1.40423 1.40515
1.40636 1.40636 1.40718
1.40643 1.40643 1.40769
1.40903 1.40903 1.40949
1.41041 1.41041 1.41132
1.41219 1.41219 1.41126
1.41252 1.41252 1.4133
1.41271 1.41271 1.41332
1.41464 1.41464 1.41528
1.41738 1.41738 1.41756
1.41991 1.41991 1.42051
1.42265 1.42265 1.42296
1.4263 1.4263 1.42672
1.4294 1.4294 1.43036
1.43045 1.43045 1.4314
1.43401 1.43401 1.4341
1.43424 1.43424 1.43394
1.43451 1.43451 1.43435
1.43628 1.43628 1.4373
1.43915 1.43915 1.43887
1.44082 1.44082 1.4411
1.44299 1.44299 1.44267
1.44417 1.44417 1.44442
1.44607 1.44607 1.4462
1.44839 1.44839 1.44871
1.45024 1.45024 1.44994
1.45174 1.45174 1.45197
1.45451 1.45451 1.45472
1.45669 1.45669 1.45665
1.45913 1.45913 1.46018
1.4603 1.4603 1.46099
1.46294 1.46294 1.46327
1.46548 1.46548 1.46537
1.46808 1.46808 1.4681
1.46954 1.46954 1.46941
1.47055 1.47055 1.47038
1.47237 1.47237 1.47256
1.47352 1.47352 1.47377
1.47351 1.47351 1.47445
1.47517 1.47517 1.47552
1.47622 1.47622 1.47661
1.4779 1.4779 1.47823
1.47856 1.47856 1.47912
1.48 1.48 1.48039
1.48269 1.48269 1.48303
1.48348 1.48348 1.48416
1.4848 1.4848 1.48563
1.48693 1.48693 1.48781
1.48804 1.48804 1.48859
1.48963 1.48963 1.49056
1.49192 1.49192 1.49299
1.49283 1.49283 1.49394
