-0.00258093248905 -nan -nan
-0.00258093248905 -0.003698091755 -nan
-0.00258093248905 -0.003698091755 0.356631350944
-0.00882417421961 -0.003698091755 0.356631350944
-0.00882417421961 -0.00894968545167 0.356631350944
-0.00882417421961 -0.00894968545167 0.305732142659
0.00879226002681 -0.00894968545167 0.305732142659
0.00879226002681 0.00537186577359 0.305732142659
0.00879226002681 0.00537186577359 0.363248254996
0.0702724068687 0.00537186577359 0.363248254996
0.0702724068687 0.124719947558 0.363248254996
0.0702724068687 0.124719947558 0.400947410864
0.127970474166 0.124719947558 0.400947410864
0.127970474166 0.103176111841 0.400947410864
0.127970474166 0.103176111841 0.325280161235
0.1079380359 0.103176111841 0.325280161235
0.1079380359 0.0870967894776 0.325280161235
0.1079380359 0.0870967894776 0.26814159729
0.0938176062838 0.0870967894776 0.26814159729
0.0938176062838 0.0760277626437 0.26814159729
0.0938176062838 0.0760277626437 0.222331684497
0.0823242267629 0.0760277626437 0.222331684497
0.0823242267629 0.0689008035581 0.222331684497
0.0823242267629 0.0689008035581 0.190173168912
0.0740435374509 0.0689008035581 0.190173168912
0.0740435374509 0.0634830465085 0.190173168912
0.0740435374509 0.0634830465085 0.163545924543
0.0686642063279 0.0634830465085 0.163545924543
0.0686642063279 0.0576819497702 0.163545924543
0.0686642063279 0.0576819497702 0.140256775346
0.0597378141331 0.0576819497702 0.140256775346
0.0597378141331 0.0510087837331 0.140256775346
0.0597378141331 0.0510087837331 0.127016002738
0.0568223887764 0.0510087837331 0.127016002738
0.0568223887764 0.0464603373541 0.127016002738
0.0568223887764 0.0464603373541 0.114047221912
0.0529553525031 0.0464603373541 0.114047221912
0.0529553525031 0.0431302187454 0.114047221912
0.0529553525031 0.0431302187454 0.113144810038
0.0483972848363 0.0431302187454 0.113144810038
0.0483972848363 0.0409258402413 0.113144810038
0.0483972848363 0.0409258402413 0.121118705511
0.0455017851702 0.0409258402413 0.121118705511
0.0455017851702 0.0382644529597 0.121118705511
0.0455017851702 0.0382644529597 0.125387240495
0.0429930676558 0.0382644529597 0.125387240495
0.0429930676558 0.0360137655884 0.125387240495
0.0429930676558 0.0360137655884 0.126054452977
0.0407183503647 0.0360137655884 0.126054452977
0.0407183503647 0.0337157673827 0.126054452977
0.0407183503647 0.0337157673827 0.122132458403
0.038766937122 0.0337157673827 0.122132458403
0.038766937122 0.0317821460363 0.122132458403
0.038766937122 0.0317821460363 0.126375525808
0.0364758718858 0.0317821460363 0.126375525808
0.0364758718858 0.0312147692292 0.126375525808
0.0364758718858 0.0312147692292 0.119859356873
0.0353675594788 0.0312147692292 0.119859356873
0.0353675594788 0.0295185378594 0.119859356873
0.0353675594788 0.0295185378594 0.117143788306
0.0344361419186 0.0295185378594 0.117143788306
0.0344361419186 0.0280568900782 0.117143788306
0.0344361419186 0.0280568900782 0.114813812052
0.0331367437226 0.0280568900782 0.114813812052
0.0331367437226 0.0266757861804 0.114813812052
0.0331367437226 0.0266757861804 0.115840066616
0.0317679121055 0.0266757861804 0.115840066616
0.0317679121055 0.0253296765332 0.115840066616
0.0317679121055 0.0253296765332 0.11165066423
0.0307219153438 0.0253296765332 0.11165066423
0.0307219153438 0.0242691177321 0.11165066423
0.0307219153438 0.0242691177321 0.128377143819
0.0291764099819 0.0242691177321 0.128377143819
0.0291764099819 0.0221057348166 0.128377143819
0.0291764099819 0.0221057348166 0.124070650323
0.0287690216511 0.0221057348166 0.124070650323
0.0287690216511 0.0209432071529 0.124070650323
0.0287690216511 0.0209432071529 0.12070236731
0.0284928509691 0.0209432071529 0.12070236731
0.0284928509691 0.0201753998054 0.12070236731
0.0284928509691 0.0201753998054 0.117970173132
0.02881601897 0.0201753998054 0.117970173132
0.02881601897 0.0195203433955 0.117970173132
0.02881601897 0.0195203433955 0.117748364943
0.0279569531783 0.0195203433955 0.117748364943
0.0279569531783 0.0178161854118 0.117748364943
0.0279569531783 0.0178161854118 0.114745205635
0.0284315578199 0.0178161854118 0.114745205635
0.0284315578199 0.0172902111237 0.114745205635
0.0284315578199 0.0172902111237 0.109262154326
0.0300104531055 0.0172902111237 0.109262154326
0.0300104531055 0.0168366587372 0.109262154326
0.0300104531055 0.0168366587372 0.105774072601
0.0284912992574 0.0168366587372 0.105774072601
0.0284912992574 0.0160861697421 0.105774072601
0.0284912992574 0.0160861697421 0.101607014123
0.0280215507881 0.0160861697421 0.101607014123
0.0280215507881 0.0154349637053 0.101607014123
0.0280215507881 0.0154349637053 0.0990810882644
0.0272168816686 0.0154349637053 0.0990810882644
0.0272168816686 0.0149830725897 0.0990810882644
0.0272168816686 0.0149830725897 0.0972858485826
0.0259548838774 0.0149830725897 0.0972858485826
0.0259548838774 0.0142660471029 0.0972858485826
0.0259548838774 0.0142660471029 0.0947188242712
0.0246363461811 0.0142660471029 0.0947188242712
0.0246363461811 0.0137686648999 0.0947188242712
0.0246363461811 0.0137686648999 0.0918960624179
0.0239082151602 0.0137686648999 0.0918960624179
0.0239082151602 0.0132259998891 0.0918960624179
0.0239082151602 0.0132259998891 0.0891559558859
0.0229593121117 0.0132259998891 0.0891559558859
0.0229593121117 0.0127526377849 0.0891559558859
0.0229593121117 0.0127526377849 0.0863075977637
0.0229593121117 0.0127526377849 0.0840483259616
0.0222355518032 0.0127526377849 0.0840483259616
0.0222355518032 0.0122347306921 0.0840483259616
0.0222355518032 0.0122347306921 0.0811824676812
0.0222355518032 0.0122347306921 0.0792330650781
0.0222355518032 0.0122347306921 0.0768668556289
0.0222355518032 0.0122347306921 0.0748646539145
0.0222355518032 0.0122347306921 0.0726954909739
0.0222355518032 0.0122347306921 0.0700683111381
0.0222355518032 0.0122347306921 0.0677339422719
0.0222355518032 0.0122347306921 0.0677550861699
0.0222355518032 0.0122347306921 0.0679044417244
0.0222355518032 0.0122347306921 0.0692329768552
0.0222355518032 0.0122347306921 0.0690290614093
0.0222355518032 0.0122347306921 0.068672220167
0.0222355518032 0.0122347306921 0.0703652145362
0.0222881311872 0.0122347306921 0.0703652145362
0.0222881311872 0.0119699080189 0.0703652145362
0.0222881311872 0.0119699080189 0.0688594077983
0.0222881311872 0.0119699080189 0.0685460332217
0.0222881311872 0.0119699080189 0.0681734328925
0.0222881311872 0.0119699080189 0.0679926071743
0.0222881311872 0.0119699080189 0.0672553121273
0.0222881311872 0.0119699080189 0.0675541061472
0.0222881311872 0.0119699080189 0.0669699789022
0.0222881311872 0.0119699080189 0.0665659315185
0.0222881311872 0.0119699080189 0.0756529332084
0.0222881311872 0.0119699080189 0.0758162719814
0.0222881311872 0.0119699080189 0.0762404996542
0.0222881311872 0.0119699080189 0.0766601100504
0.0222881311872 0.0119699080189 0.0765688185599
0.0222881311872 0.0119699080189 0.0757173774557
0.0222881311872 0.0119699080189 0.0755066758207
0.0222881311872 0.0119699080189 0.0761467210388
0.0219283987145 0.0119699080189 0.0761467210388
0.0219283987145 0.0119094340495 0.0761467210388
0.0219283987145 0.0119094340495 0.0750015725188
0.0219283987145 0.0119094340495 0.0743613847817
0.0219283987145 0.0119094340495 0.0755193591377
0.0219283987145 0.0119094340495 0.0760871663412
0.0219283987145 0.0119094340495 0.0748739750321
0.0219283987145 0.0119094340495 0.0740383458394
0.0219283987145 0.0119094340495 0.0727420326787
0.0219283987145 0.0119094340495 0.0718207545403
0.0219283987145 0.0119094340495 0.0712266533478
0.0219283987145 0.0119094340495 0.0700792815663
0.0219283987145 0.0119094340495 0.068936957997
0.0219283987145 0.0119094340495 0.0674733246694
0.0219283987145 0.0119094340495 0.0663960635412
0.0219283987145 0.0119094340495 0.0654075984706
0.0219283987145 0.0119094340495 0.0643476380062
0.0219283987145 0.0119094340495 0.063667325232
0.0219283987145 0.0119094340495 0.0623611958888
0.0219283987145 0.0119094340495 0.0614614416202
0.0212640575918 0.0119094340495 0.0614614416202
0.0212640575918 0.0115638647941 0.0614614416202
0.0212640575918 0.0115638647941 0.0605485564334
0.0212640575918 0.0115638647941 0.0597646345228
0.0212640575918 0.0115638647941 0.059226710138
0.0212640575918 0.0115638647941 0.0603068461581
0.0212640575918 0.0115638647941 0.0596244326977
0.0212640575918 0.0115638647941 0.0585401261434
0.0212640575918 0.0115638647941 0.0581861403498
0.0212640575918 0.0115638647941 0.0568903793608
0.0212640575918 0.0115638647941 0.0563197728527
0.0212640575918 0.0115638647941 0.0559680376274
0.0212640575918 0.0115638647941 0.0561718746896
0.0212640575918 0.0115638647941 0.0562930751853
0.0212640575918 0.0115638647941 0.0548814429577
0.0212640575918 0.0115638647941 0.0554792064299
0.0212640575918 0.0115638647941 0.0554907048705
0.0212640575918 0.0115638647941 0.0549006151685
0.0212640575918 0.0115638647941 0.0554640928586
0.0212640575918 0.0115638647941 0.0551633799802
0.0212640575918 0.0115638647941 0.0545985273391
0.0212640575918 0.0115638647941 0.0547236929148
0.0220161636591 0.0115638647941 0.0547236929148
0.0220161636591 0.0115839932115 0.0547236929148
0.0220161636591 0.0115839932115 0.0542319502526
0.0220161636591 0.0115839932115 0.053334810616
0.0220161636591 0.0115839932115 0.0528819195937
0.0220161636591 0.0115839932115 0.0528974622014
0.0220161636591 0.0115839932115 0.0529585063706
0.0220161636591 0.0115839932115 0.0523095624747
0.0220161636591 0.0115839932115 0.0521060374273
0.0220161636591 0.0115839932115 0.0518815363073
0.0220161636591 0.0115839932115 0.051716876963
0.0220161636591 0.0115839932115 0.0515323100623
0.0220161636591 0.0115839932115 0.0516235777007
0.0220161636591 0.0115839932115 0.0518352560861
0.0220161636591 0.0115839932115 0.0514888089058
0.0220161636591 0.0115839932115 0.0513170026974
0.0220161636591 0.0115839932115 0.0508380231197
0.0220161636591 0.0115839932115 0.0503976543832
0.0220161636591 0.0115839932115 0.0501434015952
0.0220161636591 0.0115839932115 0.0501181401521
0.0220161636591 0.0115839932115 0.0496449848777
0.0220161636591 0.0115839932115 0.0492737780821
0.0220161636591 0.0115839932115 0.0485160811426
0.0220161636591 0.0115839932115 0.0474721659312
0.0220161636591 0.0115839932115 0.0494228507907
0.0214890586098 0.0115839932115 0.0494228507907
0.0214890586098 0.0109472009926 0.0494228507907
0.0214890586098 0.0109472009926 0.0487953512861
0.0214890586098 0.0109472009926 0.0484706993469
0.0214890586098 0.0109472009926 0.0481388890328
0.0214890586098 0.0109472009926 0.0476969862051
0.0214890586098 0.0109472009926 0.0472550883341
0.0214890586098 0.0109472009926 0.0469647039512
0.0214890586098 0.0109472009926 0.0464330764124
0.0214890586098 0.0109472009926 0.0459020494281
0.0214890586098 0.0109472009926 0.0456292207627
0.0214890586098 0.0109472009926 0.0455450153275
0.0214890586098 0.0109472009926 0.0450270251154
0.0214890586098 0.0109472009926 0.0447452435252
0.0214890586098 0.0109472009926 0.0443229460733
0.0214890586098 0.0109472009926 0.043817267851
0.0214890586098 0.0109472009926 0.0434919814712
0.0214890586098 0.0109472009926 0.0429042983361
0.0214890586098 0.0109472009926 0.0423073590101
0.0214890586098 0.0109472009926 0.0418836814014
0.0214890586098 0.0109472009926 0.0415541894168
0.0214890586098 0.0109472009926 0.0411678174304
0.0214890586098 0.0109472009926 0.040603669597
0.0214890586098 0.0109472009926 0.0403244180902
0.0214890586098 0.0109472009926 0.0399117037977
0.0214890586098 0.0109472009926 0.039440474611
0.0214890586098 0.0109472009926 0.0412257806007
0.0214890586098 0.0109472009926 0.0420432380919
0.0214890586098 0.0109472009926 0.0429732733358
0.0164924236672 0.0109472009926 0.0429732733358
0.0164924236672 0.0115627020483 0.0429732733358
0.0164924236672 0.0115627020483 0.0444217846346
0.0164924236672 0.0115627020483 0.0458978791518
0.0164924236672 0.0115627020483 0.0496368267703
0.0164924236672 0.0115627020483 0.0495893592261
0.0164924236672 0.0115627020483 0.0506324081729
0.0164924236672 0.0115627020483 0.050699612054
0.0164924236672 0.0115627020483 0.0506503367855
0.0164924236672 0.0115627020483 0.0493410356079
0.0164924236672 0.0115627020483 0.0494450787084
0.0164924236672 0.0115627020483 0.0508750358489
0.0164924236672 0.0115627020483 0.0508022022743
0.0164924236672 0.0115627020483 0.0507750552023
0.0164924236672 0.0115627020483 0.0506457598241
0.0164924236672 0.0115627020483 0.0518622959862
0.0164924236672 0.0115627020483 0.052370195292
0.0164924236672 0.0115627020483 0.0525342993953
0.0164924236672 0.0115627020483 0.0524284652721
0.0164924236672 0.0115627020483 0.0524825699668
0.0164924236672 0.0115627020483 0.0526209846963
0.0164924236672 0.0115627020483 0.0524118999764
0.0164924236672 0.0115627020483 0.0529484071858
0.0164924236672 0.0115627020483 0.0529974845454
0.0164924236672 0.0115627020483 0.0532523633339
0.0164924236672 0.0115627020483 0.0536798818296
0.0164924236672 0.0115627020483 0.0553862703871
0.0164924236672 0.0115627020483 0.0556711202326
0.0164924236672 0.0115627020483 0.0543778887031
0.0164924236672 0.0115627020483 0.0555513977717
0.0164924236672 0.0115627020483 0.0554865601837
0.0164924236672 0.0115627020483 0.0557624001863
0.0164924236672 0.0115627020483 0.0559533234071
0.0158906009549 0.0115627020483 0.0559533234071
0.0158906009549 0.011481724233 0.0559533234071
0.0158906009549 0.011481724233 0.0557766113685
0.0158906009549 0.011481724233 0.0554837501449
0.0158906009549 0.011481724233 0.0564807873689
0.0158906009549 0.011481724233 0.056226720729
0.0158906009549 0.011481724233 0.0560571479599
0.0158906009549 0.011481724233 0.0559980151807
0.0158906009549 0.011481724233 0.0559459477508
0.0158906009549 0.011481724233 0.0555910047846
0.0158906009549 0.011481724233 0.0547624839412
0.0158906009549 0.011481724233 0.0543799092397
0.0158906009549 0.011481724233 0.0539139576749
0.0158906009549 0.011481724233 0.0534286143377
0.0158906009549 0.011481724233 0.0527051810428
0.0158906009549 0.011481724233 0.0522965918498
0.0158906009549 0.011481724233 0.051841338844
0.0158906009549 0.011481724233 0.0513406540241
0.0158906009549 0.011481724233 0.0505648511926
0.0158906009549 0.011481724233 0.0502943085144
0.0158906009549 0.011481724233 0.0496755922265
0.0158906009549 0.011481724233 0.049367931846
0.0158906009549 0.011481724233 0.0491197752195
0.0158906009549 0.011481724233 0.0486446103377
0.0158906009549 0.011481724233 0.048518807144
0.0158906009549 0.011481724233 0.0482583306354
0.0158906009549 0.011481724233 0.048008505811
0.0158906009549 0.011481724233 0.047986404489
0.0158906009549 0.011481724233 0.0477355058602
0.0158906009549 0.011481724233 0.0477653995683
0.0158906009549 0.011481724233 0.0485795544852
0.0158906009549 0.011481724233 0.0496602766422
0.0158906009549 0.011481724233 0.0501070161858
0.0158906009549 0.011481724233 0.0504315743384
0.0158906009549 0.011481724233 0.0504091547686
0.0158906009549 0.011481724233 0.0508214001385
0.0158906009549 0.011481724233 0.0510190177507
0.0156157798554 0.011481724233 0.0510190177507
0.0156157798554 0.0115638244463 0.0510190177507
0.0156157798554 0.0115638244463 0.0515110574554
0.0156157798554 0.0115638244463 0.0518956102163
0.0156157798554 0.0115638244463 0.0517651367865
0.0156157798554 0.0115638244463 0.0524437073102
0.0156157798554 0.0115638244463 0.0522177459271
0.0156157798554 0.0115638244463 0.0521334869327
0.0156157798554 0.0115638244463 0.0520197206323
0.0156157798554 0.0115638244463 0.0519633939675
0.0156157798554 0.0115638244463 0.0522555625723
0.0156157798554 0.0115638244463 0.0522454502481
0.0156157798554 0.0115638244463 0.0521484057621
0.0156157798554 0.0115638244463 0.0527960282292
0.0156157798554 0.0115638244463 0.0530904105041
0.0156157798554 0.0115638244463 0.0528617038331
0.0156157798554 0.0115638244463 0.0529043190894
0.0156157798554 0.0115638244463 0.0531896954358
0.0156157798554 0.0115638244463 0.0529561181474
0.0156157798554 0.0115638244463 0.0532219752034
0.0156157798554 0.0115638244463 0.0528406830606
0.0156157798554 0.0115638244463 0.0526109708477
0.0156157798554 0.0115638244463 0.0527122403949
0.0156157798554 0.0115638244463 0.052674348449
0.0156157798554 0.0115638244463 0.0521828259332
0.0156157798554 0.0115638244463 0.05211568794
0.0156157798554 0.0115638244463 0.0518242213215
0.0156157798554 0.0115638244463 0.0518075065414
0.0156157798554 0.0115638244463 0.0514787197859
0.0156157798554 0.0115638244463 0.0511814887348
0.0156157798554 0.0115638244463 0.0510051277789
0.0156157798554 0.0115638244463 0.0507087517235
0.0156157798554 0.0115638244463 0.0513373901656
0.0156157798554 0.0115638244463 0.0505999643337
0.0156157798554 0.0115638244463 0.0505308978763
0.0156157798554 0.0115638244463 0.0505755456839
0.0156157798554 0.0115638244463 0.050330182473
0.0149353776457 0.0115638244463 0.050330182473
0.0149353776457 0.0115638244463 0.0503845452339
0.0149353776457 0.0115638244463 0.0507923801921
0.0149353776457 0.0115638244463 0.0510402924383
0.0149353776457 0.0115638244463 0.0509440678098
0.0149353776457 0.0110538550115 0.0509440678098
0.0149353776457 0.0110538550115 0.050845705022
0.0149353776457 0.0110538550115 0.0506372152197
0.0149353776457 0.0110538550115 0.0503668940757
0.0149353776457 0.0110538550115 0.0505641519931
0.0149353776457 0.0110538550115 0.0509784097911
0.0149353776457 0.0110538550115 0.0513440365865
0.0149353776457 0.0110538550115 0.0513553317012
0.0149353776457 0.0110538550115 0.051148513337
0.0149353776457 0.0110538550115 0.0511162581056
0.0149353776457 0.0110538550115 0.0511103680762
0.0149353776457 0.0110538550115 0.0510088071685
0.0170705810139 0.0110538550115 0.0510088071685
0.0167840571895 0.0110538550115 0.0510088071685
0.0165307612666 0.0110538550115 0.0510088071685
0.0165307612666 0.0110538550115 0.0509894147744
0.0165307612666 0.0110538550115 0.0508560951775
0.0165307612666 0.0110538550115 0.0507131575413
0.0165307612666 0.0110538550115 0.0505939414771
0.0165307612666 0.0110538550115 0.0504493004966
0.0165307612666 0.0110538550115 0.0502566296304
0.0166188556352 0.0110538550115 0.0502566296304
0.0166188556352 0.0110538550115 0.0503784412188
0.0166188556352 0.0110538550115 0.0513728314237
0.0166188556352 0.0110538550115 0.0514193369435
0.0166188556352 0.0110538550115 0.0513930748274
0.0166188556352 0.0110538550115 0.0516746093671
0.0166188556352 0.0110538550115 0.0516749435729
0.0166188556352 0.0110538550115 0.0515505274986
0.0166188556352 0.0110538550115 0.0520409768335
0.0166188556352 0.0110538550115 0.0516409690454
0.0166188556352 0.0110538550115 0.0515429193595
0.0166188556352 0.0110538550115 0.0516260399972
0.0166188556352 0.0110538550115 0.0516455391258
0.0166188556352 0.0110538550115 0.0514461768158
0.0166188556352 0.0110538550115 0.0513820216141
0.0166188556352 0.0110538550115 0.0510506420805
0.0166188556352 0.0110538550115 0.0510204561122
0.0159838064553 0.0110538550115 0.0510204561122
0.0159838064553 0.0110538550115 0.0508010968729
0.0159838064553 0.0110538550115 0.0508568847098
0.0159838064553 0.0110538550115 0.0507237603035
0.0159838064553 0.0110538550115 0.0504776229903
0.0159838064553 0.0110538550115 0.05023617811
0.0159838064553 0.0110538550115 0.0500655394604
0.0159838064553 0.01017021825 0.0500655394604
0.0159838064553 0.01017021825 0.0499146783991
0.0153157320198 0.01017021825 0.0499146783991
0.0153157320198 0.01017021825 0.0496688518829
0.0153157320198 0.01017021825 0.0494529305499
0.0153157320198 0.01017021825 0.0492509755069
0.0153157320198 0.01017021825 0.0495979111738
0.0153157320198 0.01017021825 0.0492834278958
0.0153157320198 0.01017021825 0.0491179727595
0.0153157320198 0.01017021825 0.0491910845829
0.0153157320198 0.01017021825 0.048763412048
0.0153157320198 0.00896435309927 0.048763412048
0.0146511134793 0.00896435309927 0.048763412048
0.0146511134793 0.00896435309927 0.0485471502357
0.0146511134793 0.00896435309927 0.0485312233199
0.0146511134793 0.00896435309927 0.0483074002491
0.0146511134793 0.00896435309927 0.0481229887279
0.0146511134793 0.00896435309927 0.0479858279497
0.0146511134793 0.00896435309927 0.0475597375253
0.0141209583982 0.00896435309927 0.0475597375253
0.0141209583982 0.00836975576581 0.0475597375253
0.0141209583982 0.00836975576581 0.047490982964
0.0141209583982 0.00836975576581 0.0472999687678
0.0141209583982 0.00836975576581 0.0471287782638
0.0141209583982 0.00836975576581 0.04695074135
0.0141209583982 0.00836975576581 0.0468465760001
0.0141209583982 0.00836975576581 0.0466262248023
0.0135714644679 0.00836975576581 0.0466262248023
0.0135714644679 0.00836975576581 0.0464854968259
0.0135714644679 0.008175256349 0.0464854968259
0.0135714644679 0.008175256349 0.0462745789566
0.0135714644679 0.008175256349 0.0461553085802
0.0135714644679 0.008175256349 0.0459867069805
0.0135714644679 0.008175256349 0.0459176943577
0.0135714644679 0.008175256349 0.0458353117403
0.0135714644679 0.008175256349 0.0460297696497
0.0135714644679 0.008175256349 0.0460981917788
0.0133666750262 0.008175256349 0.0460981917788
0.0133666750262 0.008175256349 0.0459971954119
0.0133666750262 0.008175256349 0.0458683843864
0.0133666750262 0.00803493036994 0.0458683843864
0.0133666750262 0.00803493036994 0.0458940796161
0.0133666750262 0.00803493036994 0.0460361767688
0.0133666750262 0.00803493036994 0.0459063053771
0.0133666750262 0.00803493036994 0.0458656738412
0.0133666750262 0.00803493036994 0.0458565855493
0.0133666750262 0.00803493036994 0.0458842797641
0.0133666750262 0.00803493036994 0.0458589734784
0.0132308566535 0.00803493036994 0.0458589734784
0.0132308566535 0.00803493036994 0.0456758937765
0.0132308566535 0.00803493036994 0.0456461039562
0.0132308566535 0.00803493036994 0.0458272814951
0.0132308566535 0.00803493036994 0.0457199499901
0.0132308566535 0.00778590854187 0.0457199499901
0.0132308566535 0.00778590854187 0.0456118693373
0.0132308566535 0.00778590854187 0.0456839620971
0.0132308566535 0.00778590854187 0.0454746588426
0.0132308566535 0.00778590854187 0.0454357360137
0.0131542104673 0.00778590854187 0.0454357360137
0.0131542104673 0.00778590854187 0.0454873080109
0.0131542104673 0.00778590854187 0.0454157203041
0.0131542104673 0.00778590854187 0.0453314798313
0.0131542104673 0.00778590854187 0.0452137729031
0.0131542104673 0.00778590854187 0.0450572074788
0.0131542104673 0.0076471526759 0.0450572074788
0.0131542104673 0.0076471526759 0.0449633451704
0.0131542104673 0.0076471526759 0.0448757096971
0.0131769998215 0.0076471526759 0.0448757096971
0.0131769998215 0.0076471526759 0.0448095382649
0.0131769998215 0.0076471526759 0.0446796415742
0.0131769998215 0.0076471526759 0.0446014677555
0.0131769998215 0.0076471526759 0.0444565971158
0.0131769998215 0.0076471526759 0.044276695562
0.0131769998215 0.00750284706636 0.044276695562
0.0127562775031 0.00750284706636 0.044276695562
0.0127562775031 0.00750284706636 0.0441942797606
0.0127562775031 0.00750284706636 0.044120301571
0.0127562775031 0.00750284706636 0.044025101506
0.0127562775031 0.00750284706636 0.0438496378805
0.0127562775031 0.00750284706636 0.0437748489038
0.0127562775031 0.00750284706636 0.0436760565131
0.0127562775031 0.00750284706636 0.0436328959431
0.0127562775031 0.00732378565172 0.0436328959431
0.0119484015335 0.00732378565172 0.0436328959431
0.0119484015335 0.00732378565172 0.0435539099235
0.0119484015335 0.00732378565172 0.0434075105436
0.0119484015335 0.00732378565172 0.0432853894041
0.0119484015335 0.00732378565172 0.0431113432201
0.0119484015335 0.00732378565172 0.0430068104067
0.0119484015335 0.00732378565172 0.0428468102346
0.0119484015335 0.00732378565172 0.0428471159508
0.0119484015335 0.0066858185978 0.0428471159508
0.0117352265437 0.0066858185978 0.0428471159508
0.0117352265437 0.0066858185978 0.0427440798773
0.0117352265437 0.0066858185978 0.0426927086888
0.0117352265437 0.0066858185978 0.0425440007009
0.0117352265437 0.0066858185978 0.0424750512539
0.0117352265437 0.0066858185978 0.0423257140162
0.0117352265437 0.0066858185978 0.0421548351073
0.0117352265437 0.0066858185978 0.0419938260753
0.011459855814 0.0066858185978 0.0419938260753
0.011459855814 0.0066858185978 0.0418569914815
0.011459855814 0.00638497041879 0.0418569914815
0.011459855814 0.00638497041879 0.0417237396172
0.011459855814 0.00638497041879 0.0415261441108
0.011459855814 0.00638497041879 0.0414133120424
0.011459855814 0.00638497041879 0.0413185845955
0.0110719473763 0.00638497041879 0.0413185845955
0.0110719473763 0.00638497041879 0.0411781275454
0.0110719473763 0.00638497041879 0.0411530261239
0.0110719473763 0.00638497041879 0.041038030615
0.0110719473763 0.00617966721384 0.041038030615
0.0110719473763 0.00617966721384 0.0409035320459
0.0110719473763 0.00617966721384 0.0408165843601
0.0110719473763 0.00617966721384 0.0406010088545
0.0110719473763 0.00617966721384 0.040513450195
0.010593757612 0.00617966721384 0.040513450195
0.010593757612 0.00617966721384 0.040801071611
0.010593757612 0.00617966721384 0.0404040456351
0.010593757612 0.00617966721384 0.0402983958692
0.010593757612 0.00617966721384 0.0401972447483
0.010593757612 0.00491953875094 0.0401972447483
0.010593757612 0.00491953875094 0.0401169391802
0.010593757612 0.00491953875094 0.0400029207837
0.010593757612 0.00491953875094 0.0400932849286
0.010593757612 0.00491953875094 0.0400088350248
0.010593757612 0.00491953875094 0.0398301728546
0.0105597027797 0.00491953875094 0.0398301728546
0.0105597027797 0.00491953875094 0.0397089651893
0.0105597027797 0.00491953875094 0.0395471039133
0.0105597027797 0.00491953875094 0.0394581490706
0.0105597027797 0.00515368829214 0.0394581490706
0.0105597027797 0.00515368829214 0.0393833848773
0.0105597027797 0.00515368829214 0.0392629817037
0.0106995958246 0.00515368829214 0.0392629817037
0.0106995958246 0.00515368829214 0.0393590972627
0.0106995958246 0.00515368829214 0.039292117638
0.0106995958246 0.00515368829214 0.0393004948418
0.0106995958246 0.00515368829214 0.039193418954
0.0106995958246 0.00515368829214 0.0391021640396
