1.11909 1.04531 1.05653
1.06461 1.09406 1.06534
1.07933 1.11371 1.08503
1.07664 1.07484 1.06719
1.07728 1.0779 1.0777
1.06392 1.08106 1.08029
1.07042 1.07463 1.08017
1.08552 1.17185 1.06602
1.08073 1.13018 1.07236
1.08365 1.13549 1.0956
1.10006 1.09724 1.09538
1.10735 1.09824 1.09423
1.08863 1.0748 1.07543
1.10264 1.07923 1.08447
1.07285 1.0719 1.06502
1.06101 1.07424 1.08195
1.05903 1.06764 1.04768
1.05243 1.04532 1.06626
1.05401 1.05471 1.05227
1.06103 1.05421 1.04566
1.09227 1.03832 1.04475
1.05445 1.04821 1.04202
1.10569 1.04777 1.06115
1.0647 1.08988 1.03657
1.03894 1.06928 1.03779
1.08605 1.04333 1.08317
1.04202 1.03647 1.0383
1.06702 1.06151 1.05225
1.03696 1.02866 1.02877
1.03179 1.03063 1.03136
1.03047 1.02996 1.03012
1.02841 1.02785 1.02782
1.05357 1.08966 1.09176
1.02795 1.02752 1.03897
1.0326 1.02643 1.03099
1.02896 1.02612 1.02778
1.02673 1.0283 1.02617
1.04445 1.05227 1.03438
1.02978 1.02494 1.02503
1.03285 1.04478 1.02887
1.04096 1.02857 1.02294
1.02633 1.03429 1.07899
1.03515 1.02637 1.02745
1.04402 1.04019 1.03699
1.03079 1.03738 1.03785
1.02724 1.03249 1.03737
1.03831 1.03374 1.03746
1.0387 1.03861 1.03899
1.02515 1.03755 1.03858
1.03164 1.03519 1.03518
1.03964 1.04014 1.03949
1.03662 1.03791 1.03668
1.03786 1.03694 1.03672
1.03875 1.03757 1.03758
1.04265 1.04021 1.04108
1.04075 1.04227 1.03883
1.04209 1.04305 1.04337
1.04204 1.04099 1.0404
1.04447 1.04142 1.0433
1.04259 1.03916 1.04215
1.03936 1.04177 1.04086
1.03769 1.04059 1.04046
1.04124 1.04121 1.04212
1.03833 1.03848 1.03814
1.04101 1.04207 1.04112
1.0468 1.04426 1.0458
1.04489 1.0432 1.04521
1.04255 1.04411 1.0341
1.03292 1.03428 1.04227
1.03991 1.04083 1.04104
1.02982 1.03496 1.03693
1.03093 1.03814 1.03595
1.08278 1.03073 1.0304
1.03266 1.03589 1.03778
1.03946 1.07139 1.03959
1.03739 1.03776 1.03828
1.04841 1.05446 1.03737
1.05694 1.0366 1.03526
1.03594 1.03539 1.04402
1.04333 1.03865 1.04011
1.03587 1.03579 1.06005
1.03878 1.05132 1.04612
1.04925 1.08206 1.05572
1.04095 1.04098 1.05425
1.06219 1.03735 1.06587
1.04049 1.06027 1.05972
1.05488 1.04418 1.06418
1.05298 1.04835 1.04904
1.06588 1.05033 1.06151
1.05152 1.04503 1.04372
1.05269 1.0376 1.03604
1.04035 1.04368 1.04154
1.07312 1.0719 1.0681
1.05722 1.05484 1.06356
1.05206 1.05156 1.04673
1.04957 1.0779 1.07017
1.04389 1.04403 1.04297
1.04165 1.04183 1.03994
1.03494 1.03861 1.03234
1.04347 1.03354 1.03787
1.04841 1.0493 1.04311
1.10743 1.02136 1.09211
1.02877 1.0289 1.03179
1.03928 1.04569 1.06777
1.06633 1.06553 1.02872
1.0768 1.06661 1.03734
1.03534 1.02704 1.03367
1.02783 1.02881 1.05695
1.04483 1.07626 1.0725
1.10856 1.11826 1.05029
1.05765 1.05729 1.04862
1.03866 1.08006 1.03215
1.03894 1.03864 1.05099
1.07469 1.07983 1.08012
1.04896 1.05723 1.03899
1.04608 1.04079 1.06298
1.03137 1.03437 1.03584
1.05765 1.06821 1.05197
1.0734 1.06046 1.0567
1.08009 1.0752 1.04619
1.12669 1.10246 1.03093
1.05056 1.05098 1.05353
1.05635 1.05637 1.0543
1.03391 1.03311 1.07624
1.0498 1.05188 1.04988
1.04682 1.02492 1.03236
1.04703 1.03696 1.0283
1.05282 1.05267 1.03833
1.054 1.05221 1.04282
1.05744 1.0472 1.04405
1.04514 1.02968 1.04459
1.08076 1.08627 1.02837
1.04855 1.03829 1.03444
1.08046 1.06766 1.05658
1.0411 1.03304 1.03486
1.065 1.06482 1.03388
1.0899 1.0578 1.04582
1.0455 1.05786 1.03378
1.03604 1.20053 1.05734
1.08179 1.08866 1.0377
1.04105 1.03307 1.01807
1.0535 1.0609 1.0526
1.08767 1.04241 1.03538
1.0443 1.0545 1.05024
1.0376 1.03547 1.03244
1.05099 1.05208 1.0715
1.03146 1.03129 1.04177
1.03057 1.02815 1.03757
1.05198 1.03929 1.02341
1.06218 1.04785 1.03078
1.05874 1.06397 1.02396
1.05393 1.05039 1.08854
1.04914 1.04859 1.03616
1.05762 1.05723 1.05633
1.05106 1.04653 1.02169
1.02879 1.02756 1.02213
1.0439 1.03981 1.09789
1.06442 1.05025 1.04426
1.04152 1.0531 1.02787
1.07143 1.05319 1.04743
1.03882 1.04398 1.04083
1.0514 1.06532 1.03264
1.10996 1.04479 1.05499
1.04764 1.04524 1.03393
1.03724 1.04888 1.05302
1.05629 1.05864 1.0556
1.08141 1.07625 1.0885
1.0748 1.0631 1.06167
1.04397 1.04382 1.04139
1.0549 1.03429 1.03106
1.03589 1.02676 1.0464
1.05698 1.04239 1.04439
1.16798 1.02518 1.04417
1.03489 1.03472 1.06763
1.06132 1.03727 1.03842
1.04605 1.03712 1.03824
1.03869 1.04949 1.02546
1.0502 1.04192 1.05577
1.06052 1.04521 1.04777
1.04233 1.03135 1.04137
1.02929 1.03147 1.04181
1.03302 1.0327 1.02786
1.0395 1.04041 1.03046
1.0828 1.04711 1.03428
1.03294 1.03423 1.03549
1.02582 1.03119 1.03875
1.04156 1.03877 1.04791
1.0987 1.03323 1.04675
1.07037 1.04803 1.03579
1.05494 1.05678 1.03528
1.06449 1.05595 1.03496
1.07807 1.05009 1.07273
1.04595 1.04244 1.06756
1.0584 1.04329 1.0676
1.0995 1.04584 1.10886
1.07786 1.06524 1.03566
1.0645 1.03853 1.05066
1.03379 1.03684 1.03393
1.05606 1.03871 1.0351
1.04873 1.04651 1.03423
1.03904 1.03518 1.0308
1.09962 1.04277 1.04778
1.04343 1.0376 1.02882
1.07152 1.07481 1.07667
1.03862 1.04501 1.04599
1.09736 1.05979 1.06009
1.06522 1.05364 1.04388
1.04195 1.03983 1.04425
1.07873 1.05258 1.06368
1.06563 1.03908 1.03904
1.05246 1.05043 1.04357
1.05306 1.04553 1.03669
1.03437 1.04164 1.03238
1.06343 1.03958 1.03708
1.03562 1.03999 1.03734
1.04325 1.03958 1.02927
1.06504 1.06899 1.03756
1.08057 1.03547 1.04681
1.06032 1.04015 1.07425
1.07116 1.03813 1.03373
1.08515 1.04907 1.04525
1.05634 1.03748 1.05273
1.09888 1.03103 1.04894
1.06203 1.0329 1.0364
1.04115 1.03466 1.04461
1.10535 1.03642 1.04807
1.06855 1.04896 1.04651
1.06898 1.04621 1.03034
1.04851 1.03073 1.0334
1.03543 1.03757 1.02853
1.07563 1.04297 1.03663
1.10194 1.04584 1.04401
1.06171 1.05111 1.04721
1.04707 1.04566 1.05129
1.06096 1.04961 1.04132
1.06997 1.10081 1.05826
1.06596 1.06253 1.07061
1.11626 1.09431 1.05364
1.1088 1.06882 1.07436
1.07665 1.04681 1.0762
1.1009 1.0647 1.05643
1.06325 1.06329 1.10068
1.10188 1.09017 1.09026
1.08322 1.06586 1.0839
1.07616 1.12354 1.0797
1.27515 1.10763 1.08459
1.07303 1.06498 1.07012
1.08039 1.07825 1.07308
1.10783 1.0779 1.0947
1.2137 1.10931 1.10109
1.0927 1.0811 1.07462
1.22677 1.08465 1.07645
1.12799 1.07537 1.09789
1.10368 1.09305 1.16046
1.10637 1.05796 1.08022
1.12432 1.07443 1.05538
1.12444 1.09334 1.12341
1.15055 1.17534 1.07763
1.18156 1.11907 1.10945
1.174 1.06351 1.06699
1.10599 1.05508 1.06674
1.1363 1.11271 1.08626
1.2728 1.07359 1.05792
1.20091 1.06463 1.07871
1.07842 1.0442 1.06176
1.19108 1.06226 1.057
1.24419 1.10231 1.08417
1.10133 1.10133 1.08122
1.25065 1.18776 1.10608
1.05481 1.10313 1.0616
1.09729 1.05826 1.07452
1.09584 1.07679 1.08836
1.05891 1.0575 1.08946
1.06853 1.06544 1.06902
1.05865 1.10173 1.09039
1.05685 1.06773 1.10483
1.05644 1.11979 1.06253
1.24978 1.06455 1.08121
1.06347 1.06255 1.08872
1.24416 1.0674 1.06916
1.1157 1.06845 1.09155
1.14923 1.07332 1.15685
1.21575 1.34375 1.13716
1.18757 1.0509 1.0529
1.15748 1.05951 1.1036
1.28617 1.10867 1.08051
1.24161 1.05397 1.06303
1.08703 1.06894 1.07603
1.04156 1.09072 1.07522
1.05626 1.09213 1.11588
1.05879 1.06918 1.06672
1.16812 1.07606 1.14294
1.07159 1.07644 1.06594
1.10652 1.06839 1.09199
1.08134 1.07355 1.08441
1.16119 1.08069 1.08703
1.20141 1.18186 1.14837
1.12322 1.12322 1.12612
1.087 1.087 1.07375
1.07482 1.07183 1.07856
1.24305 1.06982 1.06982
1.09144 1.08507 1.07911
1.13684 1.1206 1.11568
1.09403 1.09055 1.10293
1.18549 1.07521 1.07577
1.13546 1.07443 1.07118
1.1988 1.06238 1.06988
1.05931 1.0594 1.09799
1.10312 1.08501 1.08061
1.06832 1.06969 1.06513
1.07401 1.1128 1.08053
1.19382 1.06187 1.05674
1.06569 1.06887 1.06031
1.22587 1.11081 1.05413
1.0813 1.06897 1.07209
1.26614 1.16453 1.1276
1.13133 1.08426 1.10436
1.07481 1.08209 1.09041
1.16003 1.07615 1.06214
1.0952 1.05503 1.08685
1.17413 1.05872 1.06242
1.06749 1.0582 1.08661
1.16625 1.06966 1.07331
1.08984 1.06707 1.06547
1.07174 1.07091 1.0639
1.06242 1.1171 1.06632
1.26867 1.06092 1.07656
1.08126 1.07733 1.06064
1.07692 1.07692 1.08061
1.27054 1.07497 1.08655
1.14272 1.14558 1.16259
1.13754 1.08126 1.0673
1.25583 1.05421 1.05599
1.06208 1.10332 1.08161
1.2368 1.10579 1.09682
1.18808 1.05822 1.06882
1.20543 1.10163 1.05849
1.22461 1.09913 1.07334
1.21666 1.1179 1.05033
1.10598 1.04592 1.06358
1.15514 1.0585 1.0511
1.19644 1.05955 1.04363
1.07651 1.12664 1.0718
1.21761 1.07246 1.07047
1.18022 1.09805 1.07332
1.17636 1.07728 1.08032
1.23663 1.16693 1.06806
1.14158 1.07325 1.08857
1.14671 1.05941 1.05987
1.15752 1.09677 1.06933
1.16992 1.05448 1.05203
1.17186 1.08754 1.07671
1.08146 1.0599 1.0976
1.16289 1.07697 1.06375
1.14343 1.06984 1.0829
1.1684 1.0542 1.0762
1.06202 1.06432 1.05236
1.13532 1.04623 1.06019
1.06744 1.07064 1.07179
1.07538 1.07137 1.07223
1.05578 1.05732 1.05456
1.05525 1.048 1.04569
1.1293 1.09556 1.10624
1.11669 1.11852 1.08426
1.09316 1.10073 1.09318
1.14144 1.04209 1.0738
1.09636 1.08278 1.08195
1.14871 1.07232 1.06483
1.08379 1.0765 1.10371
1.17129 1.06438 1.05863
1.11327 1.05957 1.06565
1.06914 1.05469 1.06895
1.08774 1.05358 1.05072
1.17145 1.10834 1.06789
1.14726 1.07182 1.07398
1.11143 1.08906 1.02899
1.09556 1.03968 1.0575
1.04796 1.04755 1.04638
1.12953 1.08122 1.08912
1.12129 1.05867 1.04978
1.10673 1.05455 1.0541
1.07527 1.06665 1.06499
1.04775 1.04751 1.04913
1.05242 1.05371 1.07265
1.10137 1.09587 1.07182
1.06256 1.06096 1.06385
1.09348 1.05367 1.05871
1.06659 1.05666 1.07553
1.08908 1.09551 1.07115
1.08688 1.04325 1.0496
1.06465 1.0638 1.05145
1.13818 1.09098 1.1479
1.09012 1.14166 1.14479
1.14189 1.05631 1.07026
1.11316 1.09931 1.06588
1.16063 1.07891 1.08083
1.11502 1.10835 1.1135
1.15374 1.08097 1.06607
1.07793 1.07457 1.06106
1.06459 1.07428 1.09565
1.0754 1.06881 1.07754
1.10231 1.10141 1.07114
1.09794 1.09926 1.07791
1.13798 1.0721 1.10842
1.09341 1.06666 1.05578
1.07771 1.06188 1.0576
1.07516 1.07645 1.0652
1.17249 1.15032 1.13056
1.1076 1.08339 1.11417
1.09764 1.07783 1.07282
1.11259 1.08964 1.08185
1.14414 1.06328 1.1039
1.11327 1.07403 1.11348
1.12466 1.08664 1.09611
1.07415 1.05699 1.0786
1.06891 1.05999 1.05317
1.06354 1.06336 1.05354
1.06122 1.09542 1.07446
1.18295 1.05929 1.06345
1.14154 1.07983 1.06275
1.11378 1.09891 1.11537
1.14499 1.07032 1.12168
1.17215 1.0712 1.08085
1.16241 1.08606 1.07739
1.1053 1.07497 1.09235
1.07671 1.08421 1.08041
1.06725 1.08786 1.06675
1.0642 1.07072 1.07423
1.19573 1.09188 1.09024
1.15913 1.13555 1.07266
1.13845 1.05653 1.07682
1.14448 1.05826 1.07668
1.11694 1.07465 1.09736
1.08149 1.09323 1.07433
1.17901 1.08544 1.08309
1.1907 1.07863 1.07404
1.06392 1.15738 1.07549
1.27322 1.09997 1.13951
1.09957 1.0745 1.09949
1.12861 1.06615 1.05564
1.11906 1.05618 1.04434
1.08279 1.11668 1.11451
1.20485 1.04749 1.04614
1.10901 1.06865 1.05456
1.13762 1.10293 1.05617
1.11592 1.08186 1.10451
1.08533 1.08175 1.08923
1.06431 1.07747 1.04783
1.1705 1.06005 1.04295
1.15891 1.08909 1.05532
1.13136 1.06339 1.04987
1.06889 1.05572 1.043
1.05527 1.07554 1.05296
1.06934 1.06456 1.05624
1.06554 1.04669 1.05899
1.10113 1.04634 1.09299
1.10751 1.05179 1.0726
1.11924 1.10185 1.05034
1.10461 1.04517 1.04357
1.10735 1.08007 1.10663
1.07202 1.08315 1.05868
1.08198 1.04697 1.04416
1.11884 1.08025 1.04592
1.05379 1.03867 1.04683
1.12735 1.08388 1.04929
1.05417 1.04901 1.0415
1.13731 1.08615 1.05829
1.14118 1.11167 1.07739
1.06522 1.07176 1.06173
1.11527 1.05233 1.06393
1.13491 1.07615 1.09572
1.11209 1.08913 1.14751
1.05427 1.06468 1.05792
1.13532 1.05431 1.0646
1.09274 1.09043 1.09373
1.05486 1.11486 1.09587
1.10872 1.19296 1.06906
1.07639 1.09278 1.05973
1.17908 1.07927 1.14329
1.14909 1.16047 1.07857
1.15042 1.05891 1.07969
1.16144 1.06581 1.05658
1.14867 1.0611 1.07841
1.15522 1.07474 1.0776
1.06408 1.06728 1.07095
1.14498 1.13448 1.05771
1.21369 1.08613 1.06934
1.11298 1.09107 1.08792
1.06158 1.07094 1.05858
1.06345 1.07938 1.05056
1.15714 1.05767 1.05782
1.16835 1.0706 1.07558
1.11354 1.09166 1.08862
1.19773 1.09071 1.14161
1.15999 1.16166 1.06979
1.13729 1.14108 1.0617
1.06836 1.0606 1.06272
1.15102 1.13078 1.0685
1.14682 1.15095 1.07512
1.14991 1.04848 1.05487
1.08605 1.10153 1.12842
1.1311 1.09916 1.10204
1.15509 1.15804 1.15875
1.17335 1.0752 1.07744
1.07863 1.06856 1.08255
1.06701 1.07921 1.06255
1.07206 1.06801 1.05425
1.06195 1.06235 1.06739
1.07693 1.07419 1.06025
1.1228 1.05572 1.06265
1.09894 1.0468 1.04698
1.07879 1.07503 1.04401
1.06093 1.06366 1.08186
1.14801 1.05214 1.05735
1.11968 1.11524 1.08541
1.04338 1.0668 1.05459
1.0963 1.1237 1.04505
1.0849 1.04556 1.04688
1.10265 1.05264 1.06587
1.05029 1.06323 1.0677
1.04651 1.04739 1.0408
1.16745 1.08724 1.03995
1.08106 1.06532 1.07165
1.05162 1.05102 1.05588
1.15538 1.0498 1.03957
1.12037 1.06009 1.05501
1.08677 1.07021 1.10295
1.12365 1.06121 1.06411
1.21059 1.17108 1.08174
1.11242 1.03584 1.04213
1.10789 1.05337 1.05859
1.14736 1.10677 1.05865
1.07109 1.08678 1.06934
1.09017 1.06876 1.06574
1.08093 1.09104 1.09004
1.09003 1.05988 1.06381
1.07076 1.05867 1.05581
1.07148 1.05775 1.05679
1.10332 1.07075 1.0641
1.09077 1.0754 1.10393
1.15962 1.06845 1.06951
1.10027 1.07232 1.07302
1.06707 1.06558 1.06523
1.17772 1.15626 1.06573
1.12404 1.06421 1.09701
1.21497 1.11966 1.13659
1.20069 1.06278 1.0674
1.10949 1.09506 1.07557
1.08561 1.11196 1.13878
1.12626 1.12626 1.07831
1.14918 1.11843 1.07451
1.22652 1.07818 1.10001
1.12174 1.10559 1.13576
1.16876 1.07346 1.06329
1.07456 1.0702 1.06942
1.05866 1.06708 1.05173
1.16797 1.10632 1.07924
1.17287 1.07471 1.06645
1.18324 1.09706 1.07267
1.17073 1.08476 1.08801
1.14105 1.0891 1.07432
1.10109 1.06799 1.06707
1.11009 1.10762 1.08339
1.16273 1.15554 1.20081
1.06473 1.07577 1.12641
1.0721 1.05385 1.06724
1.1081 1.06343 1.05235
1.05974 1.10684 1.06409
1.07635 1.07523 1.07775
1.08081 1.06475 1.06325
1.18014 1.08253 1.06232
1.13869 1.07742 1.07691
1.12356 1.07658 1.07222
1.07217 1.0933 1.05463
1.15267 1.11396 1.06337
1.1724 1.08617 1.07707
1.12596 1.062 1.06809
1.11426 1.05385 1.07135
1.07033 1.07286 1.06243
1.08054 1.07207 1.0653
1.05912 1.06901 1.0689
1.0577 1.03951 1.04282
1.0502 1.05516 1.04537
1.05848 1.03481 1.03531
1.08847 1.04938 1.06227
1.0666 1.0559 1.07193
1.07142 1.04531 1.04474
1.04204 1.04369 1.0475
1.0888 1.05036 1.04991
1.10792 1.06272 1.05762
1.05691 1.06124 1.059
1.02764 1.04649 1.04431
1.06282 1.04641 1.0418
1.0911 1.1201 1.09822
1.08903 1.13488 1.04321
1.06185 1.09029 1.0527
1.06957 1.05177 1.05362
1.0482 1.08967 1.05172
1.05065 1.03303 1.03181
1.04885 1.06764 1.04084
1.03207 1.09365 1.05038
