89.8279932123
90.1910191445
89.7659340344
89.7469658294
89.7120984012
89.7402000463
89.7773316297
89.7513414326
85.5760499688
87.2469094273
84.0795106472
82.5146170513
82.5220128246
82.5240218074
82.5295323518
82.5359336844
82.5461736593
82.5583591745
82.5082388157
82.5574926247
82.5399080717
82.5822744832
82.8843361675
82.8852583415
82.7618145404
80.6380875119
80.3943421737
79.7875902382
78.7613000895
76.3437694192
76.6833232244
75.5262225469
75.5369737349
75.5147109101
75.4693604228
75.4240463674
75.4547097017
75.5111507895
75.5320149062
75.5748312594
75.5887254051
75.5702402681
73.4974331236
72.6269174498
71.4982684157
71.1796427245
70.6357414075
70.4172260075
70.4896880092
69.7270715732
68.8794814151
68.8899441239
68.8764531804
68.8707844836
68.9373297912
68.9032191054
68.9327134749
68.9631945075
68.9300770001
68.9533480019
68.9667711333
68.9611113624
68.9547208617
68.9479327361
63.5955290059
62.3273565427
62.3470413351
62.2841543699
62.2199891505
62.2049436644
62.2083131912
62.1671753265
62.2256093732
62.1906203079
62.1794205923
62.1989139587
62.2886864048
62.302048614
62.2981690584
62.3033695694
60.8785292342
59.1843851495
57.8516902789
57.4245705315
57.2026095087
55.7658770927
55.6531149182
55.805959106
55.6613758516
55.6359235292
55.5960541413
55.5847452245
55.6739287622
55.6898241073
55.7493692294
55.8360981805
55.8487635171
55.0600173259
53.4543626306
54.456516577
53.3855878851
52.7701418453
52.3780385607
51.7928702295
49.9438131999
50.2461761784
49.1884489382
49.244773515
49.2954281194
49.2353399668
49.2648105343
49.3500706371
49.3779092649
49.4123547683
49.490816389
49.478535855
49.5412206383
49.5889714724
47.9344659686
47.2654750641
46.5883840575
45.6760135828
45.4952243797
44.2460867147
43.8093205331
43.7987386668
43.9174590967
44.0098133858
43.6544682575
43.6766542291
43.6633003045
43.466108595
42.6322462953
42.3682905063
41.581150194
41.404407697
40.724699634
40.5170121137
39.8389591533
39.4722978095
38.5866904982
38.6284319915
38.8714572538
38.9777254563
38.5759169464
38.5950457612
37.5461197963
37.3221118138
37.5343937347
37.326917493
36.4364908252
36.2388438357
35.6558422105
35.4241952197
34.7165913914
34.3750931347
33.3561749201
33.3215250723
33.4860703244
33.3677113327
33.3001850707
33.5883721144
33.1930717574
33.0796228613
32.0796898063
32.0072434804
32.1413727334
32.3055502179
32.0075294764
31.4536156635
31.2617591243
31.2304449936
31.0458334678
31.0085938724
30.9464948941
30.5696474429
30.5393467814
30.4308701271
30.2935379841
30.2947250964
30.1473439661
30.4783897551
29.6879405786
29.4143436602
29.8725609322
29.3056495837
29.3049220686
29.2962716494
29.2958582844
29.2412797904
29.2178166006
28.8844976396
28.8777476609
28.8763621992
28.8818515442
28.864078551
28.8789449876
28.8205825484
28.8270221244
28.7488402428
28.7482008398
28.7193781174
28.7186219513
28.7111584507
28.7099403212
28.7027046244
28.7012804053
28.7218468586
28.4318729922
28.4185301409
28.4172197879
28.4389115634
28.4161991533
28.4322224347
28.4073515176
28.0525796998
28.0479876499
28.0277342077
28.0923155028
28.0687525736
28.0681121799
28.0529684369
28.1364933138
28.1004637829
28.107700517
28.0978615025
28.2123373828
28.2920859576
27.6346504768
27.4591747062
27.941871483
27.8765857138
28.1722197835
28.1445749932
28.1542932502
28.1814611846
28.2480410828
28.2098998841
27.8649030961
27.8887364275
27.9551886122
27.9807776108
27.9692319584
27.9740364065
27.9799699252
27.8755395717
27.8922893257
27.6467635026
27.6617299003
27.6650062227
27.6608436727
27.5075296899
27.6701417143
27.5082227883
27.5093930115
27.536673243
27.5333986902
27.3746891394
27.3760965787
27.3609653547
27.3428525565
27.4046956631
26.7760585376
26.7802104279
26.7689137863
26.7884720745
26.698250043
26.709973101
26.7618396984
26.7674888581
26.7440553004
26.7486716661
26.7628166101
26.7607959857
26.7646496256
26.7570257776
26.7594274618
26.7605811749
26.6188791973
26.6018974454
26.6030949218
26.5840116807
26.6023097731
26.586310116
26.5305091742
26.5282228726
26.5209116862
26.5015432945
26.4925078065
26.4888847284
26.4900781768
26.5139493884
26.5157652065
26.3667510174
26.3452197828
26.3176574355
26.3032132483
26.2876316095
26.2822475855
26.2822280586
26.0858840165
26.0725654321
25.5524870867
25.4092662051
25.4185216141
25.3587245544
25.358141698
25.3538183377
25.2778274586
25.2852546355
24.8862375337
24.864152858
24.7798397877
24.7729340793
24.7750151652
24.7578309782
24.7622581194
24.7606690231
24.7406335752
24.707432829
24.4967495819
24.5087038946
24.5565370694
24.5271488007
24.6012939339
24.551429439
24.6009816019
24.6590033613
24.6554130633
24.7852825845
24.9261215724
24.9552965156
25.0105309789
25.1012422912
25.0858883713
25.1127260495
25.2377052103
25.291341848
25.3139096052
25.3229890732
25.350062176
25.3688445086
25.4088921645
25.4130741302
25.2196900253
25.2332878346
25.2875344331
25.3860928408
25.4329669348
25.4225817729
25.4469420619
