27.3146769956
25.3677469164
24.8719533783
25.9115539266
25.1854270304
24.1542667924
24.2596075434
22.7723408164
22.7395717253
22.7109734558
22.5565796569
22.564465862
22.5598527018
22.5597434992
22.5452305252
22.4956426764
22.5159992875
22.5299455568
22.5694251222
22.5770917419
22.6135677178
22.5682517271
22.5677846964
22.5762741105
22.5386177823
22.5723101844
22.5365579636
22.5919501695
22.6360947007
22.6254646285
22.6061453256
22.6805798352
22.4821660742
22.5124898833
22.5881417483
22.5088569005
22.5898748716
22.6901441247
22.5248821789
22.6040791697
22.1862416563
22.0240687417
22.6886815978
22.1143216727
21.9909042103
22.4647682498
21.9989350805
21.8263357321
22.4577371423
21.9453845489
21.6075318965
21.812543321
21.6308639977
21.4475884445
21.6367275581
21.4689635573
21.3930445019
21.4146300218
21.4369062435
21.2840113482
21.4484771738
21.3440538784
21.3014081401
21.2859606408
21.315369671
21.0018487189
21.1660968091
21.0580103532
20.8680623408
21.0297985579
20.8929052227
20.8024859267
20.9221766377
20.8033557673
20.7383533973
20.8011168272
20.8098365563
20.7158498247
20.818181814
20.7667646422
20.6255435648
20.7300143663
20.621769285
20.5504785577
20.5675951438
20.4324526869
20.3046081153
20.428309496
20.4681274595
20.4312960871
20.506999962
20.5442587036
20.5311862413
20.593303756
20.6277528627
20.5529028592
20.6592536731
20.5740594634
20.5135873723
20.6892090698
20.5608807752
20.5132671226
20.5484004122
20.5314638407
20.5303771715
20.632211711
20.5651490556
20.5215718192
20.5775322833
20.5748167291
20.4190572899
20.6457623936
20.4651701259
20.4656878374
20.4641629411
20.5557834376
20.4747516526
20.5659044015
20.5692784791
20.6219788513
20.4374264802
20.5928569552
20.5845413134
20.4896385692
20.5250060978
20.5479564023
20.5675749362
20.5378782037
20.5990174827
20.6480090989
20.6112277126
20.4924951037
20.6062565747
20.5790544229
20.6520360089
20.6522190296
20.6654815945
20.6360292995
20.5417103241
20.6012937254
20.6350915998
20.6197904887
20.6404405054
20.5894695139
20.6411117027
20.5980273929
20.6805262304
20.6603478138
20.6956385213
20.5757850622
20.6888987106
20.6330226663
20.5792278778
20.5215705957
20.4968434816
20.4748627877
20.4667679393
20.3646131713
20.4920146008
20.3447413608
20.3823935486
20.2971504446
20.363712478
20.4247562783
20.3732680739
20.395810391
20.4062197611
20.4260734521
20.4759303223
20.3887074937
20.3238800289
20.3619603408
20.4054421077
20.3648148607
20.4172679107
20.5001943397
20.4557406068
20.439969197
20.4612312173
20.4405966481
20.3852343026
20.355298084
20.4241221662
20.3392144834
20.2492248779
20.2377235909
20.2990670144
20.3112363611
20.336247806
20.4198737062
20.3622118577
20.3678163861
20.4038397563
20.4287228083
20.3779045134
20.3525459963
20.3774692699
20.4122473729
20.4760110323
20.3982532802
20.3423357099
20.4052755342
20.3959226049
20.3760914558
20.3693918344
20.3796074567
20.4179438124
20.3513556995
20.3220920706
20.3982808397
20.4279709932
20.3378043196
20.3062938592
20.3406401349
20.3204640265
20.4106363247
20.3922173976
20.3836971399
20.4689214423
20.4104746611
20.4056489989
20.3791884123
20.400287711
20.4343257271
20.3739502175
20.4088516667
20.3986848404
20.4356953595
20.4947167862
20.3797900115
20.3911898936
20.4215708269
20.4584764188
20.4590013189
20.3390640835
20.3409330392
20.4249765198
20.5256671098
20.3681031989
20.3606607819
20.3851581317
20.4361079837
20.4427858849
20.4479306329
20.3735020265
20.3891000744
20.478187281
20.3571089861
20.3846940294
20.3858404022
20.3894117512
20.3553569344
20.3454146763
20.2352627287
20.3155747854
20.3617047753
20.4012030855
20.3820103382
20.2019479432
20.303941937
20.3731312754
20.2825051202
20.3536299069
20.436993379
20.3952021053
20.362003177
20.1957608501
20.3269533505
20.3879940912
20.4049277586
20.3300926563
20.4331835864
20.3560407456
20.2859076685
20.2604344054
20.3304752481
20.2990500128
20.3055858542
20.3642993483
20.3446407036
20.3196537158
20.3027633475
20.3279530475
20.3766610424
20.362679542
20.3149087871
20.3699901402
20.3502456391
20.3898122377
20.2997024692
20.3483141047
20.4017710548
20.4659101023
20.4258561621
20.2966824305
20.3553536276
20.40267602
20.37897128
20.3042454372
20.2964848776
20.3907851191
20.404603484
20.3527735197
20.359463693
20.3415468227
20.3607674214
20.3524216417
20.3227781795
20.3793319287
20.4084377861
20.3609348327
20.2106567734
20.2823256505
20.314963901
20.2874877255
20.2448896145
20.2035537553
20.3120736117
20.4126333404
20.3027130349
20.3195807065
20.3815637876
20.3245084904
20.3645228215
20.3793282011
20.3798472368
20.3056057454
20.3164969216
20.3651842971
20.2963233959
20.3383964653
20.3784842045
20.3597798863
20.2989986297
20.2486185659
20.1740318219
20.0769303561
20.1779004795
20.1534392474
20.0688410479
20.1884936562
20.199193381
20.2032350665
20.1822540451
20.2807732082
20.2802956898
20.2744857278
20.2563061252
20.3127757007
20.2900574153
20.1690830639
20.1112356898
20.3261525639
20.356356507
20.3094867209
20.2414592775
20.4196683557
20.474672225
20.4626699822
20.4487266456
20.4203508104
20.2924331021
20.3522470543
20.441885069
20.394897817
20.3701450855
20.3529805868
20.4392481724
20.3979539368
20.328621243
20.381610022
20.3239461781
20.3507748061
20.4119689795
20.3226679575
20.3214004547
20.3781827679
20.3452738488
20.2951236498
20.2565362011
20.3372475271
20.3777229505
20.4150195781
20.3449708714
20.2089181993
20.3590768201
20.359202202
20.3598603076
20.3541358908
20.3197748298
20.3817236394
20.3041261041
20.1789153456
20.2844587664
20.3137202696
