0.00335814 0.00303563 0.00326095
0.00263846 0.00241319 0.00189941
0.0056247 0.00351269 0.00373444
0.00467914 0.00473222 0.00447971
0.00354852 0.004366 0.00401564
0.00186858 0.00254793 0.00194889
0.00321335 0.00224773 0.00125988
0.00167012 0.00267778 0.00183589
0.00326928 0.00243612 0.00201895
0.00290436 0.00206035 0.00173049
0.00281224 0.00270996 0.00240744
0.00165386 0.0021153 0.00192079
0.00315491 0.00175013 0.00162588
0.00259068 0.00180572 0.00182769
0.00258611 0.00203455 0.00177073
0.00212013 0.00177661 0.001611
0.00147199 0.00184897 0.00168023
0.00143768 0.00165786 0.00131637
0.00148133 0.00176431 0.00142254
0.00227734 0.00175292 0.0013649
0.0020246 0.00160553 0.00128789
0.00145774 0.001664 0.00121882
0.00137626 0.00164412 0.0012764
0.00153795 0.00165826 0.00113086
0.00207291 0.00176648 0.0015252
0.0025238 0.0017049 0.00148883
0.00234659 0.00158079 0.00156171
0.00180674 0.00156553 0.00134027
0.00178124 0.0016556 0.00135353
0.00163344 0.00158946 0.00128216
0.00211561 0.00175278 0.00132291
0.00218526 0.00202987 0.00180999
0.00148488 0.00259585 0.00229288
0.00179579 0.00246187 0.00236301
0.00285127 0.00149104 0.00128502
0.00168399 0.00148675 0.00126055
0.00211331 0.00241583 0.00182036
0.00173739 0.00160671 0.00123505
0.00238447 0.00257603 0.00187017
0.00280245 0.00230844 0.00180321
0.00373562 0.0016406 0.00149986
0.00211414 0.00200157 0.00145745
0.00248329 0.00304535 0.00282938
0.00251409 0.00229707 0.00226583
0.00198187 0.00202638 0.00175179
0.00221953 0.00217552 0.00191418
0.00183296 0.0018831 0.00147033
0.00228613 0.00201347 0.00188726
0.00271401 0.0020096 0.00189878
0.00186866 0.0018925 0.00170177
0.00336134 0.00177934 0.00175
0.00246833 0.00232852 0.00215997
0.00232914 0.00212825 0.00202034
0.00147751 0.00212882 0.00199102
0.0020348 0.00313298 0.00270344
0.00289085 0.00231441 0.0021926
0.00176504 0.00168812 0.00109395
0.00162705 0.00176637 0.00114645
0.00201179 0.00238564 0.00192771
0.00189894 0.00236067 0.00219473
0.00199164 0.00258915 0.00221102
0.00227167 0.00202194 0.00182131
0.00191438 0.001817 0.00153357
0.00173535 0.00235031 0.00182274
0.00234059 0.00201172 0.00182392
0.00173647 0.0018833 0.00153392
0.00178041 0.00210703 0.00202823
0.00274333 0.00197874 0.00183613
0.00212662 0.00186186 0.0017231
0.00164101 0.00223492 0.00181475
0.00170132 0.00222186 0.0019699
0.00189413 0.00208227 0.0019038
0.00198513 0.00212983 0.00180612
0.00174241 0.00231454 0.00201472
0.00213267 0.0020189 0.00163715
0.00207103 0.00194172 0.0015533
0.00220991 0.00210306 0.00169963
0.00248068 0.00208487 0.00139238
0.001844 0.00213161 0.00146764
0.00279856 0.00217026 0.00182246
0.00268511 0.00199881 0.00122563
0.00234256 0.00219049 0.00173221
0.00174272 0.00217711 0.00233225
0.00151825 0.00199089 0.00148875
0.00205457 0.00202997 0.00171857
0.0018165 0.00222484 0.00220999
0.001418 0.00194293 0.00188224
0.00210965 0.00187349 0.00182842
0.00277771 0.00182367 0.00188937
0.00260926 0.0015908 0.00155189
0.00218562 0.00192781 0.00182193
0.00192255 0.00230676 0.00214188
0.0021152 0.00284556 0.00272036
0.00185052 0.00285157 0.0024964
0.00133815 0.00215785 0.0018046
0.00183929 0.00241247 0.00202704
0.00205166 0.00239266 0.0021694
0.00143861 0.00303199 0.00247666
0.00214186 0.00337237 0.00298753
0.00195117 0.00335899 0.00288535
0.00180664 0.00289987 0.00237122
0.00233534 0.00316343 0.00276066
0.00167451 0.00348309 0.00318696
0.00211934 0.00320414 0.00298432
0.00269166 0.00328975 0.0032761
0.00214024 0.00348422 0.00358785
0.00219 0.00339408 0.00322356
0.00210497 0.0032157 0.00304011
0.00158919 0.00325576 0.00325392
0.00205553 0.00332795 0.00300095
0.00194477 0.0033025 0.00286405
0.00214935 0.00354226 0.00311512
0.00206435 0.00361028 0.00312153
0.00179827 0.00347614 0.00291326
0.00216142 0.00373826 0.00298163
0.00207924 0.00325195 0.00262972
0.00198106 0.00332712 0.00273689
0.00185606 0.00326853 0.00260437
0.00224521 0.00271374 0.00310193
0.00212955 0.00281332 0.00297484
0.0020391 0.00345677 0.00278697
0.00224256 0.00380438 0.00299995
0.00210693 0.00372884 0.00341698
0.00193518 0.00284625 0.00266896
0.00187832 0.00254338 0.00275243
0.00201268 0.0032532 0.00325071
0.00260825 0.00404883 0.00407159
0.00298875 0.00449349 0.00422869
0.00292371 0.00458295 0.004417
0.00299918 0.00475879 0.00452371
0.00306429 0.00506688 0.00473601
0.00304929 0.0045534 0.00443111
0.00310882 0.004874 0.00455618
0.00354411 0.00521686 0.00497986
0.00358544 0.00402912 0.00537797
0.00372757 0.00453739 0.00577706
0.00363897 0.00534669 0.00610402
0.00390388 0.00526004 0.00599498
0.0038107 0.00543984 0.0061685
0.00401857 0.00536664 0.00638474
0.00398565 0.00578154 0.00614372
0.00386972 0.00550231 0.00592112
0.00407343 0.00524821 0.00591961
0.00384857 0.00511835 0.00587009
0.0042932 0.00512897 0.00605599
0.00404961 0.00437625 0.00572307
0.00412994 0.00447544 0.00589418
0.00394175 0.00470004 0.00567938
0.00399942 0.00421285 0.00545303
0.003926 0.00508164 0.00541162
0.00396138 0.00574909 0.00537504
0.0037124 0.00503376 0.00546886
0.00329867 0.00538824 0.00510685
0.00287739 0.0038359 0.00428276
0.00297672 0.0041807 0.0038552
0.00340804 0.00480171 0.00466837
0.00384591 0.00434817 0.00494078
0.00386967 0.00367862 0.00456067
0.00393576 0.00486058 0.00493035
0.00403349 0.00462002 0.00472054
0.00433105 0.0039204 0.00510831
0.00347949 0.00536283 0.0048631
0.00414499 0.00455162 0.00538686
0.00472873 0.00496558 0.00500571
0.00442414 0.00486848 0.00512795
0.00395029 0.0038529 0.00499272
0.00396923 0.00417077 0.00510659
0.0042297 0.00476957 0.00476781
0.00385934 0.00452648 0.00507868
0.00429222 0.00449636 0.0043929
0.00409854 0.00443337 0.00515941
0.00382303 0.00407408 0.0051657
0.00401295 0.00393811 0.00511402
0.00374643 0.00453816 0.00477723
0.00385543 0.00449175 0.00520678
0.0043074 0.0043883 0.00489596
0.00390286 0.00457815 0.00502507
0.00371172 0.00494687 0.0044342
0.00374658 0.00352829 0.00442582
0.00350717 0.00364371 0.00437032
0.00381546 0.00373205 0.00438666
0.00335632 0.0051107 0.00415954
0.00440117 0.00531964 0.00432453
0.00411965 0.00513914 0.00429675
0.00395583 0.00395583 0.00387973
0.00375216 0.00375216 0.00379445
0.00328115 0.0038801 0.0039193
0.00381689 0.00402965 0.00411358
0.00334408 0.00384163 0.00391701
0.00333876 0.00339874 0.00411092
0.00470596 0.00497066 0.00403512
0.00343849 0.00427165 0.0044806
0.00391867 0.00439972 0.00445284
0.00376794 0.00455867 0.0045173
0.00408626 0.00408626 0.00420687
0.0040777 0.0040777 0.00417461
0.00410936 0.00410936 0.00419268
0.00448433 0.0038721 0.00427279
0.00375006 0.00375006 0.00390842
0.00426458 0.00426458 0.00436131
0.00401591 0.00401591 0.00411014
0.00391618 0.00391618 0.00402805
0.00393506 0.00393506 0.00406249
0.00407187 0.00407187 0.00416467
0.00402743 0.00402743 0.00413382
0.0040654 0.0040654 0.00418949
0.00407414 0.00407414 0.00422106
0.00416426 0.00416426 0.00430434
0.00412381 0.00412381 0.00428556
0.00422268 0.00410752 0.00435069
0.00388765 0.00388765 0.00404597
0.00420197 0.0041919 0.00429945
0.00373429 0.0039869 0.00414806
0.00367692 0.00367692 0.00386458
0.00395654 0.00333609 0.00412266
0.00444433 0.00411143 0.00386568
0.00382914 0.00390126 0.00407757
0.00397184 0.00398503 0.00407255
0.00454077 0.00485644 0.00388058
0.00463594 0.00486399 0.00403025
0.0038008 0.0047283 0.00430923
0.00316424 0.00440445 0.00422934
0.00332377 0.00337268 0.00424832
0.00352632 0.00417945 0.00439572
0.00303292 0.00300683 0.00414738
0.00303849 0.00331117 0.00425137
0.00372706 0.00372706 0.00398317
0.00426639 0.00426639 0.0044474
0.00388552 0.00388552 0.00410584
0.00399286 0.00399286 0.0041857
0.0039323 0.0039323 0.00413796
0.00400511 0.00400511 0.00420234
0.00392988 0.00392988 0.00413562
0.00397528 0.00294034 0.00419221
0.00360248 0.00360248 0.00388752
0.00400027 0.00400027 0.00423444
0.00370674 0.00370674 0.00394956
0.00377977 0.00377977 0.0040006
0.00378151 0.00378151 0.00403085
0.00374188 0.00374188 0.00397967
0.00380778 0.00380778 0.00405108
0.00368915 0.00368915 0.00395387
0.00376201 0.00376201 0.00398928
0.00369348 0.00369348 0.00394006
0.00374132 0.00374132 0.00397655
0.00365427 0.00365427 0.00390459
0.0037094 0.0037094 0.00398386
0.00372258 0.00372258 0.00394981
0.00366664 0.00366664 0.00392087
0.00378557 0.00302719 0.00401622
0.00347541 0.00347541 0.00371309
0.00364651 0.00364651 0.00388712
0.00345085 0.00345085 0.00371115
0.00350099 0.00350099 0.00376644
0.00358013 0.00358013 0.00381953
0.00352231 0.00352231 0.003752
0.00366817 0.00366817 0.00389994
0.00358885 0.00358885 0.0038166
0.0036649 0.0036649 0.00388316
0.00358272 0.00358272 0.00381694
0.0036684 0.0036684 0.00388482
0.00360536 0.00320613 0.00382726
0.00369258 0.00369258 0.00392006
0.00370723 0.00370723 0.00392192
0.00363041 0.00363041 0.0038684
0.00378942 0.00348911 0.0040076
0.00353531 0.00353531 0.00373299
0.00377594 0.00377594 0.00395821
0.00354148 0.00354148 0.0037452
0.00362627 0.00362627 0.00381636
0.0035853 0.0035853 0.00378591
0.00363929 0.00363929 0.00384648
0.00357613 0.00357613 0.00379288
0.00369902 0.00369902 0.00388574
0.00364886 0.00364886 0.00384078
0.00372852 0.00372852 0.0039254
0.00302352 0.00375062 0.00395115
0.00372141 0.00372141 0.00391911
0.00370319 0.00370319 0.00391214
0.00293554 0.00370632 0.00393298
0.00373029 0.00373029 0.00392129
0.002951 0.00430861 0.00393204
0.00383471 0.00383471 0.00405136
0.00355419 0.00355419 0.00387075
0.00370485 0.00370485 0.00400067
0.00359349 0.00359349 0.0039343
0.00367357 0.00367357 0.00397409
0.0037047 0.0037047 0.00399973
0.00277054 0.00366596 0.00392654
0.00272057 0.00367708 0.00393736
0.00374815 0.00374815 0.00401536
0.0036704 0.0036704 0.00394345
0.00370815 0.00370815 0.00399036
0.00366834 0.00366834 0.00394275
0.00372477 0.00372477 0.00396522
0.00367465 0.00367465 0.00392315
0.00367207 0.00367207 0.00391886
0.00355995 0.00355995 0.00379548
0.00355081 0.00355081 0.00380792
0.00351139 0.00351139 0.00379276
0.00349173 0.00349173 0.00376727
0.00356872 0.00356872 0.00381333
0.00343626 0.00343626 0.00369444
0.00355381 0.00355381 0.00384115
0.00348352 0.00348352 0.00377541
0.00351827 0.00351827 0.00378701
0.00343439 0.00343439 0.0037074
0.00351416 0.00351416 0.0037838
0.00351975 0.00351975 0.00375788
0.00344975 0.00344975 0.00368333
0.00344467 0.00344467 0.00370205
0.00351998 0.00351998 0.00375699
0.0033666 0.0033666 0.00359511
0.00348414 0.00348414 0.00373896
0.00355365 0.00355365 0.00381169
0.0034279 0.0034279 0.00374492
0.00350222 0.00350222 0.00380127
0.00350493 0.00350493 0.00379482
0.0036847 0.0036847 0.00396011
0.00373192 0.00373192 0.00399614
0.00378971 0.00378971 0.00409933
0.00377777 0.00377777 0.0041085
0.00385829 0.00385829 0.00422543
0.00391714 0.00391714 0.00429521
0.00397817 0.00397817 0.00437956
0.00399118 0.00399118 0.00438904
0.00426436 0.00426436 0.00464939
0.00418854 0.00418854 0.00461571
0.00433839 0.00433839 0.00474564
0.00428204 0.00428204 0.00470687
0.00440247 0.00440247 0.00484001
0.00435304 0.00435304 0.00481437
0.0044481 0.0044481 0.00489948
0.00447073 0.00447073 0.00491695
0.00448549 0.00448549 0.00495533
0.00461405 0.00461405 0.00506683
0.00443897 0.00443897 0.00490256
0.0045431 0.0045431 0.00501588
0.00444414 0.00444414 0.00493901
0.00457668 0.00457668 0.00506991
0.00445718 0.00445718 0.00498991
0.00450056 0.00450056 0.00502208
0.0043523 0.0043523 0.00487289
0.00425489 0.00425489 0.0047775
0.00439852 0.00439852 0.0049263
0.0042882 0.0042882 0.00481194
0.00436564 0.00436564 0.00493248
0.00426105 0.00426105 0.00483887
0.0041896 0.0041896 0.00475693
0.0043492 0.0043492 0.00487341
0.004217 0.004217 0.00471183
