89.7548032461
90.0769972618
89.7646642764
89.7317830288
89.6863959639
89.6938566531
89.6655777507
85.856913789
84.5783916629
84.8165630228
84.0271248717
82.4393980867
82.6913511566
82.4284671545
82.4478154627
82.5403172661
82.5105398416
82.5576023869
82.5619790715
82.5291358955
82.531257601
82.5712009348
82.5817387384
80.3650473014
80.3210828992
80.0450296663
79.7501404396
79.7755329081
79.5886821062
79.6416335065
78.1391893895
76.3527048069
75.4958050085
75.5265062511
75.511501479
75.5189192815
75.5496497247
75.5662543446
75.5856727307
73.916625307
73.5854173563
73.149224339
72.8098307255
72.0942549032
71.7893966794
71.5583974582
71.2848062765
70.7097610478
70.4624187561
69.8302046059
68.6225228447
68.6609194208
68.8760384687
68.8766106381
68.8757099701
68.8495579763
68.9239678509
68.9309095246
68.3260200523
65.6129313917
65.6007144108
64.8530939507
64.5916792208
64.3449213292
63.8925492033
63.4651043283
63.4861006803
62.5870817467
62.2247185067
62.217051607
62.1523104582
62.1422551015
62.1837865929
62.212535516
62.2681605276
62.2391613039
62.2569155814
62.2934562528
62.2958317205
62.2667163369
60.0816573256
60.4721464128
59.001478836
57.636999016
57.6464336346
56.1736478447
55.7694662219
55.7695720499
55.7051467187
55.6423062381
55.7087331427
55.6210573892
55.5743842526
55.6425435644
55.7047020468
55.7546177562
55.8171636473
55.079759491
53.8102162121
53.8166152896
52.9447899287
52.5328851742
52.5555170221
51.157256465
50.2138791311
50.2485354365
49.2599983028
49.1987645219
49.2818470569
49.1652948323
49.1892950973
49.2612684741
49.2929092928
49.4311571766
49.542918777
49.5246912675
49.5624218122
48.2785293094
48.0389663099
47.7078608302
47.531581492
46.4109467846
46.3544464253
44.8128260452
43.8585788831
43.8038672863
43.7726695058
43.931835693
44.0296657453
43.6293672916
43.6340509932
43.2286714916
42.3653574481
42.3809904246
41.3104874867
40.8563069514
40.6346669918
40.1797661437
39.851411354
39.1437685375
38.741038482
38.7814148313
38.9192588001
38.5904224856
38.4878399226
37.5984830175
37.33757699
37.3531840684
37.3729190383
37.1358309798
36.2303601542
35.8737962086
35.4996451605
35.0875441119
34.3341070787
33.8531338149
33.351426174
33.4327534612
33.5994936433
33.6330194333
33.6048122593
33.2571228206
33.2915415523
32.7599495593
32.5472054126
32.2701586794
32.2813392007
32.2807870679
32.2681565789
32.2952914704
31.8995256752
31.6764970765
31.8052527506
31.4331126991
31.7041800976
31.5849840143
30.7069420023
31.0196637151
30.6087596002
30.5404920749
30.800062801
30.4331741742
29.5950070399
29.3939121615
28.9183115547
28.9522559335
28.9193602519
28.9260412148
28.9006840027
28.8955902762
28.8988776727
28.7344956886
28.7191428663
28.4311250185
28.4805941442
28.438945109
28.4301337881
28.8116561325
28.789293959
28.7860844303
28.7488058926
28.752357332
28.709072064
28.7265957488
28.43456216
28.4339129702
28.4082198885
28.425416114
28.3908404135
28.4175665403
28.1300889303
28.0781037546
28.0304630389
28.0495361703
28.0426869655
27.9882984885
27.962836144
27.9936546387
27.9769849096
28.0994601879
28.0476206234
28.2612691356
28.257213976
28.2192179326
28.2337196192
28.3109214929
28.23155486
28.1906187297
28.1945408428
28.190113407
28.2091076124
28.2035223914
28.2782554793
28.218806546
28.1859752957
28.1780823679
28.1820851254
28.2050180053
28.2064628936
28.2230539241
28.2258546844
28.2381472339
28.2719076473
28.2963380899
28.2909508993
28.299271651
27.9391270605
27.9347034817
28.0105833144
28.2990649384
28.3040878803
28.2706954428
27.9223215776
27.944832882
27.9646473786
28.0184739211
28.0198881188
27.8980828984
27.909314176
27.9750894496
28.0003363551
27.5006709678
27.396901718
27.4318189521
27.3292640783
27.2472608083
27.2651042911
27.1105088999
27.154929623
27.1559957831
27.2263855199
27.2296776879
27.167656059
27.1698907308
27.1565785756
27.1480174351
27.2159816788
27.2201828948
27.2413210696
27.2265008018
27.2269426662
27.2355234048
26.897861588
26.9128407745
26.7946619953
26.8401838871
26.7138248988
26.6760842321
26.667828209
26.428791858
26.424051302
26.3806955994
26.3763629067
26.3236480168
26.3007711287
26.0935773578
25.9766173391
25.9671855202
25.9161540466
25.9196310292
25.9029286056
25.8804057142
25.7130261304
25.7000221327
25.6413451112
25.6389672721
25.5702701587
25.5148949527
25.5102291527
25.2799995704
25.2690641898
25.169626877
25.193951769
24.7020860866
24.6293520175
24.6159799962
24.5917961399
24.4958300086
24.5334977155
24.6369263192
24.6924214985
23.9409981161
24.0429863998
24.1563431563
24.3465558775
24.6259881845
24.6756068894
24.7044977608
24.6922274064
24.7876813879
24.7953618135
24.8480378338
24.7999277243
24.8881650789
24.8205981663
24.7480826106
24.7293338223
24.7608743467
24.7109371843
24.7051656752
24.4738623015
24.406290953
24.3945097623
24.3175732783
24.3157860015
23.7375162146
23.7082171305
23.6383733819
23.6048592282
23.560640979
23.1709606132
