70.0620769758
69.9619276522
69.838130197
69.7084872759
69.5633564582
69.4072623684
69.2709337276
69.1310093873
68.968447575
68.8855870399
68.7335728151
68.5577743011
68.4864667401
68.3191964451
68.1366890844
68.0141092662
67.8487011269
67.6578064624
67.5024046633
67.2923576179
67.0678921253
66.8799631449
66.6604215508
66.4210599973
66.2179346022
65.9861924571
65.7263414153
65.4914676523
65.235105286
64.9635766272
64.7314943278
64.4641469169
64.1831605307
63.9199670505
63.6416869441
63.349838767
63.0776648216
62.7898701759
62.4916769311
62.2117830986
61.9126966086
61.6076912724
61.3140345046
61.0156274392
60.7042484349
60.4060427527
60.0920478831
59.7816506947
59.4686282908
59.1662635252
58.8487810178
58.5311594803
58.2251378446
57.909020052
57.5913893319
57.286253391
56.9792025734
56.6684309026
56.3610030097
56.0443198251
55.7378353331
55.4270444735
55.122050239
54.8175748237
54.5129193031
54.1938280683
53.8904441096
53.5971068634
53.2735621675
52.9669306495
52.6580720754
52.3507573334
52.0526564394
51.7442139162
51.4328047611
51.123422613
50.8086640831
50.5019623262
50.1932575648
49.8790183614
49.5790404039
49.2819161796
48.9775687218
48.6786117535
48.3850966617
48.0957840582
47.8018574156
47.4956727983
47.1907460133
46.8957269546
46.5994019722
46.2972633393
46.0047415438
45.7128687825
45.4293604699
45.1397496535
44.8731760664
44.5776365184
44.3036536251
44.0269526687
43.7332313784
43.4646869353
43.1844737795
42.9055570472
42.655376331
42.379102251
42.1019405382
41.8822220697
41.6192606901
41.3557652637
41.181742418
40.938166584
40.7057544254
40.540029175
40.3283214566
40.0859635332
39.9207937039
39.6981385941
39.4603968368
39.2356082295
39.001242491
38.7902035805
38.6214399567
38.406760932
38.1911653363
38.0291809974
37.8196858605
37.6681105892
37.4582578424
37.3055990934
37.0876116492
36.8713674778
36.7222846276
36.5075765546
36.2956305633
36.1307717247
35.9174567148
35.7054049158
35.548680618
35.3449733235
35.199308244
34.9827969698
34.8203314968
34.6041245631
34.389579993
34.2233820496
34.0105537935
33.7771539925
33.5562535706
33.397504714
33.1864919031
32.9817713887
32.8163462504
32.62184305
32.4288077289
32.2762880699
32.0517262818
31.8546150252
31.6478540344
31.4881172348
31.3051129523
31.1225886676
30.9753910573
30.7784017679
30.5601205407
30.3931509539
30.2551529687
30.0554388959
29.8697135229
29.7169197087
29.5304771081
29.3525604257
29.2060366147
28.9961616905
28.8140124948
28.6643444661
28.6126493405
28.4534059147
28.2774583836
28.1858729756
28.0498622871
27.9268704644
27.8641030791
27.725996986
27.5459033077
27.4959400361
27.3586313003
27.2648476629
27.0699602091
26.9914524681
26.8998917646
26.8524041264
26.7357078896
26.6176417892
26.506799968
26.4572954978
26.351327588
26.2309003346
26.1294519331
26.0848552252
26.0366503068
25.9609740564
25.8691457248
25.7769365695
25.7391784312
25.6857882026
25.6248746135
25.5679969003
25.5495794271
25.5277962842
25.4655974889
25.4315301037
25.3548431645
25.3195252563
25.2599542585
25.251832084
25.1864401108
25.1533817445
25.0809965093
25.0487506587
25.0294317684
24.9895014792
24.9658297534
24.9523162275
24.9038233339
24.8183635712
24.7653568052
24.7124501626
24.6868422202
24.6163283535
24.5525226643
24.5228625317
24.507930514
24.4654296039
24.4444901813
24.4303298649
24.3896266806
24.3210923898
24.2930132101
24.24203598
24.2215825195
24.2058585473
24.1656234868
24.1638051989
24.1302751939
24.0806914791
24.0605556123
24.044757242
24.0366517827
23.9998745799
23.9825893102
23.9703816679
23.937854182
23.918386203
23.9143127237
23.8860276522
23.8274538958
23.7503214586
23.6737922247
23.644605627
23.627163563
23.5925113966
23.5743192589
23.5566459608
23.5242727966
23.514293468
23.5044226404
23.4745310375
23.4552678975
23.383984175
23.3391254925
23.316996573
23.3350742002
23.327868017
23.3221709894
23.3158059463
23.2899956042
23.2717331095
23.2598165606
23.2328431309
23.2205561583
23.1900468502
23.1669382041
23.1015195395
23.0542596722
23.0234744351
23.0078277823
22.9962027423
22.9768453908
22.9555507476
22.959778112
22.951312728
22.911974086
22.8974604877
22.8819038
22.8341355521
22.7765726913
22.7424958273
22.7237760346
22.7148984162
22.6936471821
22.7055536195
22.7119440117
22.7009549822
22.6276981906
22.601100214
22.5803940839
22.5699496272
22.5628495674
22.544208593
22.4870605158
22.4631352715
22.4393437604
22.3995415577
22.3538373004
22.3331842435
22.3179678279
22.3063665437
22.3015439469
22.2889186239
22.2920209575
22.256933693
22.2372440001
22.1904307615
22.1695845721
22.1502135264
22.1377640922
22.1265138713
22.1097527308
22.1271782941
22.1363273573
22.1340318394
22.0748673165
22.0555885025
22.0394453733
22.0495504963
22.0102473871
21.9898611843
22.002860569
21.9735482139
21.9585674179
21.8931059305
21.8551134181
21.8241864918
21.8057185284
21.8072794449
21.8012537675
21.7936697569
21.7878157219
21.7824839715
21.7448585302
21.7518300943
21.7281802921
21.7189814069
21.7110660944
21.6991862612
21.686936775
21.7013150814
21.6697996526
21.6589461666
21.6186035435
21.5991852581
21.5830996869
21.5749966095
21.5664357532
21.5586195261
21.5770331858
21.6071721808
21.608909747
21.6098350341
21.5983855906
21.4940204767
21.4580454702
21.4381794796
21.402682387
21.3834507443
21.3895652063
21.4238202393
21.4219943117
21.4179928678
21.3403511305
21.315752748
21.2935934721
21.2776855436
21.2712583591
21.2725665826
21.2657212741
21.2880652317
21.280164305
21.2508986961
21.2464275224
21.179293383
21.1571855587
21.1429426951
21.1607974407
21.181720564
21.1370830223
21.1205077397
21.1030165441
21.0935956332
21.0857958377
21.1052332468
21.0743450276
21.0594922017
21.0168432958
20.9796323566
20.9533091462
20.9526416857
20.950885588
20.9466084571
20.9443010532
20.9548558716
20.9627687466
20.9890737944
20.918283245
20.8943204654
20.8900420454
20.882804127
20.8760258419
20.8708881406
20.8751317591
20.8760869528
20.8785591836
20.809060848
20.8009175153
20.7828050826
20.7738388945
20.7458883928
20.7327563731
20.7212412143
20.7116657084
20.7037365984
20.6928170566
20.7038614416
20.692629006
20.6949029094
20.6681576587
20.6568398362
20.652065389
20.5978520319
20.5876890329
20.5845029354
20.5602906987
20.5556928109
20.5549981328
20.5376225393
20.5321514293
20.5203221125
20.4996242541
20.4793949503
20.4678393112
20.4554503525
20.4461065775
20.4375795906
20.425654965
20.4163006605
20.4232690173
20.4187398949
20.4108033307
20.3872351155
20.3696671511
20.3595775859
20.3463343229
20.336664759
20.330088006
20.2831662876
20.2413196735
20.2512342718
20.2326682945
20.2168694175
20.2005506877
20.1753502012
20.1593727624
20.1247399694
20.1130714129
20.104086664
20.0664169652
20.0550874304
20.0400180892
20.0275547465
20.0192899457
20.0082427053
19.9948777639
19.9794513785
19.9698454378
19.9599089663
19.9513609298
19.939471191
19.9321682521
19.9163518652
19.9016434577
19.8930141556
19.8743023929
19.8634593196
19.8534556814
19.8347678166
19.7941895319
19.782187386
19.7655578597
19.753829151
19.7421637
19.7214532778
19.7085119973
19.6992485431
19.6830090928
19.6679181418
19.6586081594
19.6416171772
19.656460448
19.646077237
19.6545947754
19.6427632663
19.6311604457
19.6221999608
19.6069619568
19.5941777026
19.5830164357
19.5640473774
19.5507527246
19.5411507067
19.52543807
19.5093612065
19.4998922779
19.4789762149
19.4673613423
19.4580580691
19.4393095197
19.4284701671
19.419138201
19.3940974853
19.3782423635
19.3702517309
19.3546533975
19.3419786081
19.3305741263
19.3091106165
19.291690142
19.2817773034
19.2663129236
19.2536484851
19.2434607087
19.223282204
19.2067178714
