70.0830757077
70.0400225725
69.9773371744
69.9612898425
69.8944695589
69.8069004964
69.7206852739
69.638652692
69.5361724677
69.4486037411
69.3616637877
69.2637341568
69.1858779041
69.1184212474
69.0183327022
68.9356044489
68.8473116716
68.7408606402
68.6492277921
68.5527876973
68.4278570315
68.3520661667
68.23736345
68.1078595682
67.9844696234
67.8381853328
67.6852120255
67.6022296129
67.5011548942
67.3772235402
67.2961159861
67.210972862
67.0968414905
66.9808799984
66.8766862737
66.7409409362
66.6329565912
66.4844092519
66.3320181001
66.1712664926
66.0179797445
65.8503260047
65.7601616249
65.6182255856
65.4532749678
65.3697120029
65.2643557435
65.1225052502
65.0343788662
64.9302259761
64.7787861357
64.6513392486
64.5229152315
64.3675943333
64.2515044159
64.1246867322
63.96804885
63.8418261388
63.6879215389
63.5105128307
63.375945429
63.228594431
63.0455765592
62.9653605378
62.8314086412
62.6518877093
62.5419689997
62.3918260103
62.2077085887
62.071147205
61.8979775258
61.6903485256
61.561359745
61.4337336843
61.239339718
61.1286325285
60.9635881792
60.7337226335
60.5952077222
60.4033989773
60.1911935005
60.0478889393
59.8202604352
59.5760424918
59.404147508
59.2053857381
58.9742392565
58.8229188392
58.5837057534
58.3325114415
58.1601476668
57.9156887075
57.6622800008
57.3978128282
57.1453922546
56.8905871966
56.6982113526
56.5092227768
56.2726107567
56.0848328262
55.8629459702
55.6195670826
55.4302998506
55.219271622
54.9751752548
54.7900654874
54.5576788227
54.3117594148
54.0638594018
53.7878525688
53.5172402962
53.2321877946
52.9469444089
52.6656095956
52.3889367411
52.104717059
51.8334358813
51.5679728691
51.3071123645
51.0434874132
50.7826447306
50.5223176274
50.2656070322
50.0151504693
49.7660240009
49.5094864768
49.2620679794
49.0187137713
48.7668709502
48.5163677541
48.2575071329
47.9848406923
47.7298073745
47.4825624381
47.2428419021
47.0078238841
46.7796508313
46.5501816631
46.3245326483
46.1055093481
45.8898752219
45.6817316619
45.4756529115
45.2718544795
45.0906575207
44.9022539705
44.6964917503
44.5070207472
44.3094042735
44.0742219849
43.882355488
43.7315024823
43.5946175996
43.4583379042
43.3150526362
43.1849409627
43.061132407
42.9300261138
42.7820625279
42.6646163558
42.5472658132
42.4445821864
42.3516078416
42.2513646511
42.1374815648
42.0378178862
41.9350950025
41.8378214573
41.7144221678
41.6145209851
41.5400364458
41.4561752359
41.3583280707
41.2570644471
41.1762019618
41.0881941112
40.9878105232
40.8729989036
40.7567837423
40.6466769357
40.5510714441
40.4454366459
40.3559217316
40.2660041288
40.1654880632
40.0640377601
39.9582559747
39.86426674
39.758612722
39.6609247747
39.5252637997
39.4056137599
39.2932532858
39.1883219904
39.0920969414
39.0099782777
38.9017498276
38.814244818
38.7021817044
38.5892041671
38.4863530488
38.3764105762
38.2657451399
38.1563768002
38.0541140763
37.9727924483
37.8792390921
37.7748487981
37.7001411035
37.6204468291
37.5501629658
37.4615581219
37.3761097894
37.2932709814
37.1811508041
37.0921641385
37.0009175137
36.9053971172
36.7999671386
36.6790038767
36.5644949607
36.4383365184
36.3303638049
36.209284344
36.1312810676
36.0285042308
35.9280770253
35.826461082
35.7304310912
35.6346034619
35.5248823243
35.4068473977
35.3071539995
35.1867786601
35.0874056301
35.0341222564
34.9512150303
34.8564902491
34.7378806256
34.6282934518
34.5302827427
34.4260965435
34.2954896367
34.2102590378
34.1234316271
34.044445665
33.9287686616
33.8292324568
33.7243987544
33.6316734733
33.5480080368
33.4749046851
33.3856598337
33.3100095813
33.2369752149
33.1608592528
33.0951218671
33.0114835538
32.9408169753
32.8719991168
32.8119508985
32.6972738519
32.6109302267
32.5889267353
32.5351448515
32.4793974595
32.4169756481
32.3730057069
32.3124439248
32.2380343651
32.1716334373
32.1145372828
32.0476615993
31.9736489644
31.8988574656
31.8023099554
31.7235751117
31.6493866656
31.5762097319
31.4866203673
31.4166507496
31.3458908407
31.281297666
31.2195666724
31.1858931628
31.1513037747
31.1090502223
31.0552620447
30.9947838828
30.936254497
30.8808626798
30.8252197007
30.7763845004
30.6899211156
30.6332174463
30.5800025085
30.5039725646
30.4367986113
30.3922609119
30.3390255526
30.2903369719
30.2408649091
30.1689826905
30.1092001585
30.0670752659
30.0238652554
29.9732064678
29.9205252417
29.8909464555
29.8492269639
29.8017483471
29.7666284887
29.7260836195
29.6769834523
29.6257786927
29.5748132221
29.5187055558
29.4590902918
29.4030515182
29.338930831
29.3020719609
29.2532741137
29.2048327661
29.1744167501
29.1545297376
29.1147724253
29.0700193277
29.0668272362
29.0622905799
29.0345363042
28.9973035749
28.9543618603
28.9302818155
28.8905609049
28.8924174394
28.8683409611
28.8176094473
28.7628773692
28.7318514355
28.690656668
28.6620097272
28.6652926785
28.628776706
28.5895024297
28.5761323005
28.5429650563
28.4924717818
28.4402596535
28.4031925227
28.3606546886
28.3020185753
28.2566798668
28.2122716608
28.1617271469
28.0820414407
28.0199259506
27.9462034368
27.8999142249
27.8142324212
27.7474515436
27.7205727469
27.6774863373
27.6095238731
27.5269932751
27.4865855896
27.4357416648
27.3927461215
27.3811424711
27.362534511
27.3332888018
27.3039720972
27.2578822171
27.2072953135
27.1707825991
27.1477045672
27.1025929945
27.0551549576
27.0236330094
27.0049702073
27.0047582641
26.987623094
26.955930078
26.9550659607
26.9477021065
26.9363933078
26.9225066911
26.9012055317
26.8837886225
26.8704171558
26.8518555858
26.8202857608
26.8030768192
26.7906610588
26.7469274931
26.7331644955
26.7439373025
26.7303342176
26.7052375378
26.6624446804
26.639504362
26.6208435331
26.5828927321
26.5427523438
26.5202827889
26.4997372965
26.4618395924
26.4154663834
26.3912623784
26.3698618398
26.3458337137
26.3281258576
26.2830364198
26.2639347473
26.2935201172
26.283639462
26.1816361314
26.1784291922
26.1605806633
26.1831219704
26.1362488526
26.0743369922
26.0303576553
25.9959781995
25.9795864938
25.9788176103
25.9721555065
25.9351077016
25.9136381361
25.8702551427
25.8357004785
25.8093784571
25.7968407492
25.7797368015
25.751812801
25.7080895097
25.6804596333
25.6479983309
25.6179686857
25.6143810169
25.5900478046
25.5439574872
25.5156278787
25.498062609
25.479574657
25.4385157337
25.40625976
25.3949831238
25.3783920845
25.3365996943
25.3056092865
25.2874172678
25.272631707
25.2388865823
25.2049789119
25.1698308075
25.1440818014
25.0924386971
25.0608956529
25.0592918942
25.0461378624
25.0354160601
25.0238902101
25.0046905477
24.9855548242
24.9541522248
24.9300975786
24.8867293709
24.8624360715
24.8565755158
24.8396713816
24.82534233
24.8110565901
24.7795907387
24.7583786927
24.7528961525
24.7384954977
24.7145291984
24.6953608413
24.6740855966
24.6532784462
24.6276275899
24.6091861
24.5931830403
24.5811016044
24.5847162735
24.5787477186
24.5684995311
24.5582926276
24.5517745149
24.5376460333
24.5214967016
24.5073670985
24.4817197827
24.466838055
24.4325222002
24.4136563573
24.394109306
24.381746148
24.3652237249
24.353926363
24.3491708699
24.3344776395
24.3178722167
24.3015434368
24.3001069569
24.2870368763
24.258852234
24.2453628978
24.2482337847
24.2435287173
24.2232255851
24.1908614413
24.1731613617
24.1559797667
24.1385784373
24.1140389663
24.0936712284
24.0759011534
24.0597866694
24.0434638931
24.0088624277
23.9932518113
23.9907422427
23.9817995757
23.9705826802
23.9615177442
23.9671319405
23.9607937388
23.9479474984
23.9369392844
23.9374249677
23.9303149618
23.9492556016
23.9508995251
23.9710571891
23.9712209819
23.9687623532
23.9626457974
23.9482982439
23.9327657852
23.9272879725
23.919012692
23.9112653884
23.9269013802
23.9144275829
23.8985643224
23.8844856383
23.8697776236
23.8340914295
23.8440338121
23.8380943754
23.8285968589
23.821872524
23.8096279977
23.7955251834
23.7805204145
23.785613605
23.7828894579
23.7712130534
23.759012655
23.734881976
23.7241020022
23.7027653066
23.6869483587
23.6874157951
23.6856440223
23.671863193
23.6574616104
23.6406921257
23.6036707148
23.5737390593
23.5245419535
23.5451694094
23.5088039737
23.5075390576
23.4995198987
23.492645692
23.4782155558
23.4659568915
23.4516764925
23.4576379084
23.449450326
23.4362633077
23.393831342
23.3807237155
23.3669884923
23.3753393085
23.393543498
23.345456444
23.3265204376
23.3291968128
23.3184719
23.3152752304
23.304353696
23.3039800004
23.2911237223
23.2563471577
23.2310532531
23.2107585295
23.2015182826
23.2025286495
