0.00397796 0.00330911 0.00326095
0.00452064 0.00483117 0.00440193
0.00319662 0.00288632 0.00260187
0.00250285 0.00198763 0.0013077
0.00325994 0.00219472 0.00156225
0.00271275 0.00262601 0.00173766
0.00201977 0.00250003 0.0015027
0.00213055 0.00268697 0.00209563
0.0023505 0.00233598 0.00173156
0.00266155 0.00208431 0.00173216
0.00235286 0.00269351 0.00234822
0.0025623 0.00226609 0.00215328
0.00276278 0.00204505 0.00194366
0.0025557 0.00248503 0.00229782
0.00244392 0.00154685 0.00169584
0.0018677 0.00196364 0.00143942
0.00169586 0.00142345 0.00113261
0.00259965 0.00152207 0.00120099
0.00149331 0.0017117 0.00129965
0.00157394 0.00174991 0.00139003
0.00180749 0.00162329 0.00108578
0.00197847 0.00175514 0.00125182
0.00118674 0.00186762 0.00149989
0.00153879 0.00152218 0.00110118
0.00149872 0.00141459 0.00128314
0.0016512 0.00169534 0.0011845
0.00198221 0.00158215 0.00124909
0.00236982 0.00187708 0.00136377
0.00183579 0.00170036 0.00173456
0.00178889 0.00175315 0.00176595
0.00217273 0.00228369 0.00196455
0.00285759 0.00149555 0.00132809
0.00318345 0.00152903 0.00145307
0.00230237 0.0018403 0.0016033
0.00258381 0.00308861 0.00273304
0.0022166 0.00255427 0.00241202
0.00207109 0.00190874 0.00159828
0.00331568 0.00138862 0.00114928
0.00354151 0.00162622 0.00132391
0.001867 0.0025366 0.00186461
0.00229826 0.00144558 0.0014177
0.0026118 0.00194306 0.00143176
0.00204375 0.00192974 0.0015734
0.00154293 0.00143766 0.00105899
0.00203367 0.0019563 0.00160426
0.00243033 0.00205562 0.00191404
0.00273985 0.00182374 0.00166708
0.00272211 0.00217114 0.00213388
0.00241793 0.00196889 0.00183141
0.00143447 0.00136032 0.00113186
0.00215199 0.00201372 0.00187597
0.00179436 0.00188417 0.00176548
0.00181309 0.00166887 0.00151733
0.00153989 0.00167361 0.00139707
0.00163795 0.00175757 0.00148169
0.00168712 0.00177753 0.00151004
0.00155785 0.00161075 0.00131394
0.00162306 0.00174567 0.00125278
0.00173831 0.00191485 0.00153199
0.00154664 0.00225309 0.00166077
0.00176695 0.00215308 0.00167442
0.00242 0.00192102 0.00149945
0.00177551 0.00183476 0.00143494
0.00180032 0.00194888 0.00174611
0.0018094 0.00203136 0.00181335
0.00183241 0.00180374 0.00159974
0.00162144 0.00205926 0.00176081
0.00169098 0.00211211 0.00183827
0.00223917 0.00201035 0.00168375
0.00160756 0.00208577 0.00175379
0.00165411 0.00214294 0.0018835
0.00179111 0.00189972 0.00153101
0.00180898 0.00208895 0.00168655
0.00168801 0.00240423 0.0019876
0.00142392 0.00232233 0.00147552
0.00166066 0.00204418 0.0012895
0.00129769 0.00194937 0.00142653
0.0016411 0.00201181 0.00116899
0.0019006 0.00208551 0.0013463
0.00187462 0.00224969 0.00199348
0.00178386 0.00211915 0.00130145
0.00163808 0.0020176 0.00165513
0.00170443 0.00219335 0.00196042
0.00154775 0.00185255 0.00164263
0.00165359 0.00199732 0.00187771
0.0020781 0.00183005 0.00178387
0.00216016 0.00134155 0.0014364
0.00267573 0.0019884 0.00192153
0.00281379 0.00170848 0.00167059
0.00258864 0.0020554 0.0019499
0.00217812 0.00258314 0.00229629
0.00181798 0.00255612 0.00241854
0.00148486 0.00241621 0.00215925
0.00140001 0.00253735 0.00214491
0.00223678 0.00208394 0.00193652
0.0018889 0.00193589 0.00162972
0.00164816 0.00228445 0.00185984
0.00249327 0.00197603 0.00175057
0.00174078 0.00222201 0.00174422
0.00153648 0.00257153 0.00199013
0.00221573 0.00183684 0.00179559
0.00149637 0.00207966 0.00160014
0.00186515 0.00225624 0.00214362
0.00222071 0.00177347 0.00191631
0.00166202 0.00226107 0.00185528
0.00201532 0.00273136 0.00271305
0.00215703 0.00228131 0.00217941
0.00175736 0.00259745 0.00247255
0.0016007 0.00281388 0.00269458
0.00207703 0.00264392 0.00237786
0.00189187 0.00278202 0.00249274
0.00142664 0.00301176 0.002571
0.00195074 0.00258646 0.00227685
0.00159272 0.00273746 0.00225769
0.00141712 0.00278797 0.00242183
0.00126197 0.00279669 0.00236582
0.00181155 0.00304171 0.00249838
0.00181961 0.00263359 0.0021254
0.00133888 0.00333683 0.00245429
0.00169606 0.00307838 0.00233169
0.00188075 0.00245198 0.00259374
0.00173206 0.00332524 0.00293732
0.00221393 0.00368204 0.00298251
0.00205015 0.0031992 0.00312515
0.00178181 0.00247027 0.0023163
0.00198035 0.00263434 0.00258413
0.00200072 0.00264542 0.00257812
0.0019699 0.0038276 0.00365104
0.00249028 0.00416795 0.00404506
0.0024155 0.00436556 0.00407357
0.00256383 0.00461471 0.00425463
0.0023534 0.0041987 0.00388773
0.00276391 0.00436021 0.0038695
0.00249254 0.00432247 0.00408543
0.00290208 0.00456536 0.00463266
0.00323422 0.00528268 0.00507905
0.00355043 0.00563985 0.00550556
0.00362248 0.00509057 0.00578535
0.00368086 0.00499894 0.00601709
0.00341568 0.00592154 0.00577596
0.00388291 0.00566778 0.00602281
0.00414156 0.00564729 0.00621752
0.0039766 0.00560062 0.00656688
0.00386268 0.0057239 0.00604779
0.00408546 0.00504416 0.00606901
0.00368315 0.00575312 0.0058973
0.00383531 0.00472404 0.00584681
0.00367376 0.0051451 0.00567532
0.00396143 0.00583532 0.00590696
0.00352118 0.00527773 0.0055529
0.00378401 0.00566777 0.00568532
0.00348452 0.00577034 0.00540406
0.00380408 0.00437052 0.00553202
0.00351573 0.00380691 0.00548708
0.00384406 0.00436702 0.00568401
0.0036523 0.00454426 0.00535202
0.00347994 0.00365761 0.00477879
0.00247979 0.00374526 0.00367992
0.00272288 0.00334018 0.00382058
0.00284329 0.00452249 0.00458285
0.0036745 0.00451528 0.00503558
0.00387045 0.00470948 0.00502416
0.00379631 0.00462534 0.00484818
0.00387011 0.00512207 0.00521557
0.00391154 0.00436851 0.00524625
0.00392881 0.00434832 0.00528365
0.0032122 0.00456968 0.00473762
0.00389125 0.00465177 0.00533302
0.00374526 0.00474507 0.00479229
0.00364131 0.00435087 0.00459107
0.00400391 0.005223 0.00497894
0.00354038 0.00449105 0.00469897
0.0032021 0.00412052 0.00461276
0.00332219 0.003432 0.00493388
0.00320035 0.00409245 0.00443996
0.00383627 0.00490715 0.00492487
0.00338965 0.00474731 0.00477261
0.00383428 0.00400772 0.00482834
0.00351223 0.00463673 0.00486525
0.00338018 0.00465944 0.00475459
0.00408869 0.00407916 0.00470672
0.00464284 0.00545608 0.00452329
0.00400035 0.00390032 0.00469234
0.00395711 0.00445324 0.00380643
0.00463013 0.00511433 0.00429846
0.00384153 0.00410798 0.00471626
0.00366272 0.00351047 0.00447722
0.00365576 0.00359675 0.00432841
0.00365238 0.00355288 0.00451045
0.00411212 0.00436012 0.00404568
0.0038067 0.00429357 0.00462918
0.00381088 0.00487602 0.00390515
0.0033553 0.00331287 0.00409888
0.00434222 0.00471045 0.00392489
0.00432241 0.00461253 0.00387808
0.00291213 0.0034143 0.0039968
0.00419458 0.00449206 0.00358939
0.00437433 0.00466322 0.00384486
0.00322432 0.00320622 0.00405882
0.0033726 0.00373455 0.00404155
0.00349419 0.00349419 0.00372057
0.00392791 0.00392791 0.00407312
0.0035333 0.00390788 0.00398926
0.00403229 0.00445138 0.00352158
0.00332663 0.00346876 0.00427547
0.00325344 0.00335323 0.00401357
0.00420024 0.00447854 0.00359635
0.00458338 0.00484746 0.00397979
0.0038338 0.00298309 0.0037986
0.00283138 0.0033142 0.00372032
0.00432901 0.00477861 0.00364072
0.00348945 0.00478308 0.00416837
0.00341863 0.00442941 0.00400938
0.00394925 0.00394925 0.00380188
0.00388561 0.00388561 0.00391154
0.00383981 0.00383981 0.00386422
0.0039095 0.0039095 0.00392304
0.00389075 0.00389075 0.0039056
0.00399239 0.00399239 0.00404915
0.00391192 0.00391192 0.00397708
0.00393561 0.00393561 0.00399802
0.00403387 0.00403387 0.00412549
0.0039499 0.0039499 0.0040529
0.00397423 0.00397423 0.00404791
0.00411653 0.00411653 0.00417536
0.00401177 0.00401177 0.00409368
0.00403846 0.00403846 0.0041245
0.00400225 0.00397397 0.00418906
0.00371877 0.00369953 0.00389984
0.00388035 0.00362374 0.00403365
0.00374027 0.00374027 0.00391202
0.00386865 0.00408012 0.0040362
0.00403393 0.00423847 0.00382053
0.00380097 0.00380097 0.00390327
0.00372136 0.00372136 0.00383761
0.00373644 0.00373644 0.00385245
0.00384172 0.00384172 0.00395415
0.00375616 0.00375616 0.00387818
0.00377658 0.00377658 0.00389733
0.00347801 0.00315551 0.00400996
0.00403512 0.00433476 0.00367254
0.00357847 0.00409159 0.00424124
0.00371568 0.00381283 0.00409034
0.00421326 0.00453642 0.00374866
0.00433551 0.00486136 0.00397052
0.00368025 0.00396282 0.00370493
0.00456261 0.00458776 0.00390219
0.00352586 0.00331544 0.00412034
0.00343353 0.00320402 0.00408444
0.0037897 0.0037897 0.00397956
0.00403113 0.00403113 0.00419872
0.00381773 0.00381773 0.00403053
0.00370544 0.00296434 0.00392049
0.0029747 0.00386794 0.00406289
0.00381353 0.00381353 0.00401516
0.00386553 0.00386553 0.00406676
0.00386081 0.00342955 0.00406185
0.00388948 0.00333206 0.00409801
0.00434599 0.00477513 0.0037289
0.00372849 0.0037142 0.0043094
0.00316682 0.00401134 0.00421493
0.00335781 0.00345515 0.00417918
0.00447507 0.00492996 0.00392094
0.00398516 0.00398516 0.00411668
0.00374835 0.00374835 0.00389652
0.00384426 0.00384426 0.00402349
0.00385999 0.00385999 0.00403544
0.00391593 0.00391593 0.00408944
0.00392258 0.00392258 0.00409096
0.00396112 0.00396112 0.00413757
0.00387501 0.00387501 0.00406335
0.0039033 0.0039033 0.00412302
0.00397417 0.00397417 0.004141
0.0038661 0.0038661 0.0040374
0.00393021 0.00393021 0.00410536
0.00401519 0.00401519 0.00416988
0.00391762 0.00391762 0.00409459
0.00396635 0.00396635 0.00414172
0.00399344 0.00399344 0.00417558
0.00391194 0.00391194 0.00408664
0.00394653 0.00394653 0.00411328
0.00392008 0.00392008 0.00412237
0.00385201 0.00385201 0.00405354
0.00390822 0.00390822 0.00411023
0.00392471 0.00392471 0.00412254
0.00383453 0.00383453 0.0040426
0.00388729 0.00388729 0.00409878
0.00390024 0.00390024 0.00410241
0.00380577 0.00380577 0.00402365
0.00387516 0.00387516 0.00407462
0.00389522 0.00389522 0.00409625
0.00380253 0.00380253 0.0040246
0.00385447 0.00385447 0.00407225
0.00388801 0.00388801 0.00409114
0.00379355 0.00379355 0.00401314
0.00382181 0.00382181 0.00405849
0.00378773 0.00378773 0.00403078
0.0038403 0.0038403 0.00406204
0.00385789 0.00385789 0.00408922
0.00375414 0.00375414 0.00402815
0.00387785 0.00387785 0.00412645
0.00386454 0.00386454 0.00409365
0.00391459 0.00391459 0.00413836
0.00382049 0.00382049 0.00406465
0.00382588 0.00382588 0.00409051
0.00439838 0.00389194 0.00411013
0.00387021 0.00387021 0.00413774
0.00356596 0.00370885 0.00386629
0.00382964 0.00368422 0.00389976
0.00372763 0.00372763 0.00396866
0.00360027 0.00360027 0.00382961
0.00358727 0.00358727 0.00383014
0.00363361 0.00363361 0.00387305
0.00363164 0.00378678 0.00385877
0.00367686 0.00394979 0.00392901
0.0037329 0.0037329 0.00392378
0.0033782 0.0033782 0.0036141
0.00362498 0.00362498 0.00385098
0.00353481 0.00353481 0.00377175
0.00362586 0.00362586 0.00390818
0.00349722 0.00349722 0.00383519
0.00356406 0.00356406 0.003844
0.00372613 0.00372613 0.00400302
0.00346061 0.00346061 0.00374172
0.00379876 0.00379876 0.00401239
0.00356683 0.00356683 0.00389354
0.00377257 0.00377257 0.00400624
0.00352133 0.00352133 0.00380967
0.00371126 0.00371126 0.00398411
0.00360068 0.00360068 0.00385195
0.00362684 0.00362684 0.00388584
0.00364291 0.00364291 0.00390937
0.00356647 0.00356647 0.00383887
0.00357905 0.00357905 0.00384711
0.00357208 0.00357208 0.00383801
0.00364346 0.00364346 0.00388797
0.00360494 0.00360494 0.00384521
0.00364428 0.00364428 0.00393444
0.00358348 0.00358348 0.00388287
0.00365873 0.00365873 0.00389947
0.00360399 0.00360399 0.00384333
0.00362443 0.00362443 0.00388356
0.00361799 0.00361799 0.00385843
0.00351182 0.00351182 0.00375544
0.0035697 0.0035697 0.00383449
0.00354368 0.00354368 0.00376892
0.00346853 0.00346853 0.00369065
0.0035872 0.0035872 0.00376068
0.00353149 0.00353149 0.00370787
0.00356587 0.00356587 0.00373419
0.00355173 0.00355173 0.00375213
