89.8110017181
89.8048654527
89.7931951435
89.8046676282
89.8068042111
89.8088048647
89.8138982919
87.0459697577
84.9516660747
86.3787434602
83.5696046651
82.5877639092
82.5800814075
82.5501623232
82.5479816138
82.5635547982
82.5736734809
82.5836740869
82.6174339631
82.6264603657
82.6317416211
82.5998977695
82.6577830492
82.8871190698
82.5806929077
80.8012946264
79.9528770542
75.9746406681
75.5946473561
75.5858484067
75.5532000264
75.5858883928
75.5926120698
75.5542934953
75.5523072181
75.566361647
75.5709070815
75.6315817183
75.6218983736
75.6332959648
75.7804223311
75.777419988
75.7818196225
75.7822868242
73.560091785
71.7037012271
68.9114553183
68.9085903151
68.9405112006
68.9270994493
68.9247766089
68.9245599976
68.9011580208
68.9557879038
68.9492574678
68.9549330799
68.9538468574
68.950730416
68.9809766493
68.9734628664
68.9665875983
66.0790069698
64.3496007072
64.5586732134
63.3011062787
62.2975975733
62.3057998233
62.2639935412
62.2144789272
62.2739458956
62.223663608
62.2027763655
62.2470208155
62.1989035045
62.1956566399
62.2182795905
62.2833581818
62.3157202136
62.3130095831
62.2691512039
59.8274392432
60.4925099868
58.0585718347
57.4365574048
57.6253019952
57.1950009093
55.741854702
55.7578826601
55.6427197564
55.6422793122
55.7364895687
55.6361838588
55.6587757652
55.7132977254
55.7268373861
55.7690148102
55.8227772911
55.8267944239
55.8438364315
55.8429322405
55.8460415582
54.0312832402
54.5751037402
53.4647953462
52.1896551604
52.5778063176
50.4147030375
49.5714076122
49.5800081543
49.4642091672
49.3862096586
49.4718036592
49.3912656153
49.3818194454
49.4862886988
49.4760849942
49.5194576181
49.5248492267
49.623048931
48.7378748678
47.9750431482
47.2070487572
45.8524681705
45.4754153434
45.13258831
44.6926603649
44.2547306439
44.2151864512
44.0788476838
44.2195843585
44.4200978701
44.4931251839
43.6967470243
42.8304710062
41.859994505
41.5970384323
41.2784260671
40.146456283
39.7246650283
39.3609013294
39.321395673
38.9116772493
39.1895424159
38.6814356767
38.7926793345
38.3606945767
37.8541655976
37.8139061654
38.134888182
37.4786275944
37.0872128705
36.6741257798
36.4316961584
36.0849800858
35.716145913
34.9406252031
34.8010357405
34.6766677692
34.4069454574
34.2947462427
33.9370384164
33.7858237204
33.3987486669
33.3492222513
32.6684660934
32.984090843
32.5325100008
32.656335607
33.2766313039
32.472703479
32.2880206415
32.2033256473
32.2173315185
32.3074676777
32.0005612303
31.7543822187
31.6535800097
31.4297989999
31.2292841542
31.1045417289
30.3910437571
29.8313119624
30.275801729
30.0781898217
29.7438715135
29.5782140254
29.625867152
29.4370614321
29.752465541
29.4442677687
29.2105084081
29.1567529969
29.3189443258
29.2567395927
28.871528056
28.7598944138
28.8819293176
28.6826380349
28.6360278475
28.7744364118
28.8207352312
28.7841333072
29.067069604
28.9309728759
28.8084449636
28.685683598
28.8645924227
28.9872620618
28.5708837978
28.8759859044
28.6705491667
28.8401626601
28.399461544
28.4290619402
28.4493822604
28.4087568641
28.4284996828
28.4113753873
28.3878331024
28.4083299676
28.4056097561
28.4042131313
28.4019787267
28.37052166
28.3684307984
28.3695328192
28.3473599065
28.1051417718
28.1678511921
28.1644303956
28.0659066216
28.0208717667
28.019605788
28.0147623234
28.017582677
28.0137999833
28.0094853308
28.0119443883
27.9967209481
28.0038685786
27.9851711286
27.9326981468
27.9920333164
27.9914757755
27.9844610571
28.0263750269
28.0761620714
28.121950965
28.1448762221
28.136043581
28.1227441436
28.1361197369
28.1488860417
28.1473179777
28.1528700477
28.1518627107
28.1769990101
28.1874914363
28.6745013709
28.6271176262
28.6424287131
28.1750519652
28.2154758113
28.2056635324
28.2235651467
28.2486354809
28.2522005481
28.2520937597
28.266660298
28.2710348638
28.2342306411
28.2059202196
28.201704336
28.2076183512
28.2194411322
28.2145779144
28.220696256
28.2325051429
28.2293198771
28.2303781511
28.2465038896
28.241690715
28.248829132
28.2861111651
28.2942865932
28.3025935143
28.3352445802
28.3297262039
28.3401330881
27.9930187484
28.0095145023
28.0121138046
28.0355651839
28.0297709436
28.0763509998
28.0697405067
28.092614065
28.1304761308
27.760272024
27.7721441322
27.7712382628
27.8011876652
27.5469427189
27.666508976
27.5663359194
27.6820598035
27.647686558
27.6472955823
27.6950937443
27.4806823657
27.5037873067
27.5103410528
27.5091213036
27.5089510725
27.3828318506
27.1989221496
27.2061088173
27.2331403541
27.1948529259
27.1745235748
27.2045374014
27.2361090118
27.2183574986
27.2850327854
26.9378614656
27.2562891177
26.8766093498
26.8865208812
26.8457109816
26.8496462226
26.7937208225
26.7828539969
26.7891281718
26.7884550789
26.758069376
26.7570659507
26.3450519055
26.3253534374
26.3245550518
26.3217837533
26.3189820079
26.1140059643
26.0902968835
26.0899492319
26.0329377041
26.0215728474
26.0264078158
26.0053102524
26.0079723335
26.0158597139
25.9696058636
