-nan -nan -nan
-nan -nan nan
-nan -nan -nan
0.107386232571 -nan -nan
0.114692888576 0.878512714149 -nan
0.12029384578 0.934702192709 0.995037526485
0.35883542905 0.980014285831 1.03064175211
0.373012249806 0.586963837617 1.06035878083
0.385143592765 0.606378197982 7.70896407725
4.18067761863 0.623308410567 7.86230480458
4.28468151083 11.2966360527 7.99802279679
4.37783901208 11.4732412005 6.05601967371
3.58487712922 11.6329910816 6.13405157394
3.64660231843 9.38800614349 6.20521933206
3.70329267824 9.49459655593 5.17886392295
3.14423816158 9.59308273416 5.22911083812
3.18492151823 8.05187533098 5.27578053433
3.22288200529 8.12278903781 4.51874823567
2.80095728506 8.18922511821 4.55359806072
2.82968024287 7.0632654668 4.586365344
2.8567741849 7.11372831722 4.00233456548
2.52772618591 7.16146797255 4.02773785665
2.54903330058 6.29878410642 4.05183373533
2.56929237371 6.33642275686 3.59391224404
2.31396709921 6.37228861941 3.61320183208
2.33039828899 5.68919002958 3.63161988703
2.34611617066 5.71843290994 3.72497163104
2.06321938312 5.74645418462 3.74133577686
2.07655992544 7.46708578601 3.75704118142
2.0893822994 7.49853479369 3.4355984734
1.91996414783 7.52880373302 3.44888286205
1.93082148784 6.89944948537 3.46168515083
1.9412973448 6.92516386968 3.18554963406
1.79145611802 6.95000263115 3.19650022501
1.80044769445 6.4145184055 3.20708909422
1.80915089937 6.43590744842 2.97082561292
1.6854676946 6.4566299162 2.98001035011
1.69304076592 5.99527240662 2.98891672676
1.70039046978 6.01333737865 2.78410883044
1.59099378569 6.03088343244 2.79192754622
1.59745412209 5.62797768701 2.79952738395
1.60373809687 5.64346444938 2.62135077047
1.50245702582 5.65853868194 2.62803696982
1.50802431659 5.30556252656 2.63454928061
1.51345016737 5.31894188606 2.47625474987
1.90497541095 5.33198902295 2.48207175611
1.9108042691 5.21146986249 2.48774751584
1.91649465733 5.22327348669 2.42982898399
1.80447908387 5.2348026492 2.43496346649
1.80979500266 5.18747836759 2.43998103952
1.81499234386 5.19806347376 2.31230334658
1.71843859221 5.20841717749 2.31684390167
1.72313601654 4.94632784345 2.32128713713
1.72773469158 4.95573671627 2.2058754983
1.64070990095 4.9649515219 2.20992037458
1.64488960647 4.72697078215 2.2138833644
1.64898623298 4.73538848565 2.10901811403
1.57198524738 4.74364185823 2.11264297483
1.5757285435 4.52613011294 2.11619831184
1.57940128194 4.53370863145 2.02050667049
1.68912518673 4.54114672322 2.02377266101
1.6927187689 4.35819274622 2.02697914306
1.69624794766 4.36501639905 1.95986983261
1.62101512459 4.37171973381 1.96281487786
1.62426456484 4.21030243407 1.96570881966
1.62745850175 4.21647581517 1.90401415818
1.54717405334 4.22254537391 1.90668263577
1.55012628741 4.07573868533 1.90930691661
1.55303035609 4.08134929361 1.83884292717
1.48042319673 4.08686971415 1.84127256041
1.48311617037 3.93528862879 1.84366370572
1.48576709529 3.94042011703 1.78435293167
1.41909899565 3.94547261227 1.7865718488
1.42156490155 3.80607302889 1.78875708405
1.42399389059 3.81078197161 1.74379436307
1.47593186856 3.81542137257 1.74583092354
1.47828743245 3.70327932707 1.74783781028
1.48060912759 3.70760871347 1.73093267311
1.43037034722 3.71187666222 1.73282399231
1.43254300198 3.61000221942 1.73468881737
1.43468560819 3.6139958461 1.6820272051
1.38236275662 3.61793493254 1.68377439099
1.38437177749 3.50507902316 1.68549801157
1.38635403327 3.50877935502 1.63716648767
1.34090056023 3.51243098573 1.63878470026
1.3427639876 3.40743915759 1.64038186968
1.34460346932 3.41087633964 1.59467233256
1.30042465782 3.4142698686 1.59617548171
1.30215731666 3.31469871183 1.59765976089
1.30386847263 3.31790057518 1.55136302119
1.26060545605 3.32106315091 1.55276879777
1.26222035337 3.26828515845 1.5541575177
1.26381587307 3.27127892425 1.53658740117
1.22561918594 3.27423715938 1.53790533746
1.22712799783 3.19571859162 1.53920780122
1.22861928571 3.19851643264 1.49832352326
1.20379669793 3.20128212211 1.49955927142
1.20521283081 3.11377844114 1.5007809676
1.20661302741 3.11640840481 1.50000926265
1.19443631581 3.11900907615 1.50118073137
1.19577336904 3.04281488645 1.50233928486
1.19709582973 3.04528417973 1.46781565678
1.16289404816 3.04772679159 1.46891599458
1.16415071107 2.97272252744 1.47000456014
1.16539406054 2.97504686983 1.43410546985
1.14351737909 2.97734682562 1.43514498586
1.14470296866 2.90336723465 1.43617369992
1.14587635531 2.90556180305 1.44649655699
1.11111713842 2.90773399575 1.44749252451
1.11225801698 2.87984508938 1.44847843179
1.11338747792 2.88192367185 1.41746881758
1.08804253974 2.88398164269 1.41840967575
1.08912085269 2.82608773032 1.41934128876
1.090188665 2.82805189852 1.38744136115
1.09124617153 2.77302612636 1.38833694849
1.0572690634 2.77490275903 1.38922396855
1.05828093299 2.77676159674 1.38396412191
1.05928329089 2.72121152621 1.38481763519
1.06027630756 2.66388377734 1.38566319436
1.061260149 2.60744139235 1.38650094077
1.06223497687 2.56509555985 1.38733101208
1.06320094868 2.51535726731 1.38815354241
1.06415821789 2.46588322115 1.38896866242
1.06510693407 2.41993255969 1.38977649948
1.06604724302 2.37313592393 1.39057717773
1.0669792869 2.35684614833 1.39137081823
1.06790320434 2.34093870694 1.39215753903
1.06881913058 2.30058420119 1.39293745528
1.06972719754 2.27092320312 1.3937106793
1.07062753395 2.23358869497 1.39447732072
1.03636769363 2.2348395084 1.39523748653
1.03723312974 2.2360798384 1.37048226825
1.03809136813 2.19884330768 1.37121090147
1.03894252313 2.17346031755 1.37193352099
1.03978670639 2.14089600937 1.37265022158
1.04062402699 2.12119623309 1.37336109587
1.0414545915 2.08865886949 1.37406623433
1.04227850408 2.05775224355 1.37476572538
1.0430958665 2.05034744649 1.37545965544
1.04390677828 2.0257331541 1.37614810899
1.04471133671 2.00133137538 1.37683116861
1.04550963691 1.97247994359 1.37750891509
1.04630177193 1.9447821053 1.37818142741
1.04708783279 1.92518810889 1.37884878285
1.04786790852 1.89796448469 1.379511057
1.04864208627 1.87545456275 1.38016832382
1.04941045127 1.85234847761 1.38082065571
1.05017308701 1.83585329969 1.38146812352
1.02370245496 1.83669686541 1.38211079661
1.02443532604 1.83753422677 1.36502385248
1.02516284335 1.81233255089 1.3656421713
1.02588508172 1.79909527465 1.36625600353
1.0266021144 1.77699184046 1.36686541144
1.0273140132 1.75573780455 1.36747045605
1.02802084843 1.73283205503 1.36807119711
1.02872268902 1.71197313624 1.36866769322
1.02941960249 1.69392296685 1.36926000176
1.03011165505 1.67341095062 1.36984817899
1.03079891158 1.65487366256 1.37043228007
1.0314814357 1.63723199894 1.37101235906
1.03215928978 1.61899354591 1.37158846898
1.03283253501 1.60067409955 1.37216066181
1.03350123136 1.58429952828 1.37272898854
1.03416543768 1.56751254236 1.37329349919
1.0348252117 1.55740785795 1.37385424282
1.03548061006 1.54092150416 1.37441126756
1.03613168833 1.52447902019 1.37496462064
1.03677850103 1.50856971182 1.37551434841
1.01326749239 1.50916510891 1.37606049636
1.01389067196 1.50975665205 1.35666160271
1.01450984181 1.49376509354 1.35718789465
1.01512505135 1.47884959022 1.35771082035
1.01573634912 1.46880490245 1.35823042105
1.01634378277 1.45458776 1.35874673726
1.01694739909 1.43917802256 1.35925980876
1.01754724405 1.42569684857 1.35976967463
1.01814336281 1.41069469963 1.36027637323
1.01873579973 1.39967218696 1.36077994228
1.01932459838 1.38931724299 1.36128041883
1.01990980159 1.37521554435 1.36177783926
1.02049145144 1.36403791508 1.36227223935
1.0210695893 1.35230852712 1.36276365425
1.0216442558 1.35279247228 1.33594790534
1.0222154909 1.33994265622 1.33642502048
1.0227833339 1.32793691979 1.33689930241
1.0233478234 1.32840377779 1.31805043415
1.02390899739 1.31666726509 1.31850842899
1.02446689319 1.3171244409 1.29604331312
1.02502154754 1.30797180599 1.29648609025
1.02557299656 1.29458990007 1.29692630857
1.03599662398 1.29503237337 1.29736399646
1.03653671509 1.29547231677 1.27451767065
1.03707373445 1.28230057045 1.27494160723
1.03760771557 1.26978864235 1.27536314535
1.03813869142 1.27021560318 1.26796683422
1.03866669446 1.25750627974 1.26837612842
1.03919175661 1.25792588741 1.24891296479
1.0397139093 1.2486450238 1.24930933896
1.04023318346 1.24905617274 1.23222906394
1.04074960954 1.23640745439 1.23261301112
1.04126321751 1.22506980795 1.23299486313
1.04177403689 1.22546934411 1.21453963315
1.04228209672 1.21419362254 1.21490993172
1.04278742563 1.21458589241 1.20548631321
1.04329005177 1.20557834971 1.20584596306
1.04379000291 1.20596301564 1.19134350071
1.04428730635 1.20060874677 1.1916924347
1.04478198902 1.18880752845 1.19203952981
1.04527407744 1.18918106151 1.17885912964
1.04576359771 1.1812099786 1.17919608803
1.04625057556 1.17283911196 1.17953129637
1.04673503636 1.17320052225 1.16272973078
1.04721700508 1.1623706879 1.163059915
1.04769650632 1.16272612852 1.1484868247
1.04817356436 1.1536024012 1.14880768226
1.02455332903 1.15395141677 1.14912691265
1.02501473637 1.14489813611 1.14944453172
1.02547382563 1.14524091125 1.13227880726
1.02593061916 1.13638326906 1.13258891922
1.02638513902 1.12765131646 1.13289748761
1.02683740695 1.12798371716 1.11653585963
1.02728744437 1.1193959626 1.11683678002
1.02773527241 1.11092934184 1.11713622309
1.02818091191 1.11125182617 1.10096873996
1.02862438341 1.10308382499 1.10126118872
1.02906570718 1.09486867904 1.10155222116
1.0295049032 1.0951816527 1.08598100268
1.02994199118 1.08718115672 1.08626513803
1.03037699055 1.07920743614 1.08654791566
1.0308099205 1.07951132028 1.0711904751
1.03124079993 1.07172654052 1.07146691019
1.03166964752 1.06398928236 1.07174204173
1.03209648167 1.06428446444 1.05685521742
1.03252132056 1.05666490023 1.05712415566
1.03294418209 1.05695519582 1.04478374688
1.03336508397 1.04944345406 1.04504592772
1.03378404364 1.04202677228 1.04530689874
1.03420107833 1.04230894103 1.03118340258
1.03461620504 1.03359637228 1.0314386891
1.00718936677 1.03387437218 1.0316928126
1.00759175746 1.02723628147 1.03194578328
1.00799233038 1.02750974591 1.01928658152
1.00839110131 1.0221815537 1.01953355409
1.00878808585 1.01495449666 1.01977942029
1.00918329937 1.01522043857 1.00657439678
1.00957675706 1.00929899987 1.00681488233
0.989935550304 1.0095606647 1.00705430387
0.990317106264 1.00364563885 1.00729267045
0.990696987844 1.00390313175 0.994030178296
0.991075209171 0.997541689805 0.994263831418
0.991451784199 0.990272210569 0.994496467508
0.991826726708 0.990522959076 0.98157053671
0.972579195013 0.990772624912 0.981798553142
0.972943017498 0.984303173513 0.982025588995
0.973305281614 0.977922655351 0.982251652381
0.973666000198 0.978165789369 0.969499537016
0.974025185933 0.971805480504 0.969721424593
0.953306638356 0.972044942689 0.969942372989
0.953655300023 0.965714234931 0.97016238985
0.954002497455 0.965950113379 0.957946261848
0.95434824248 0.959684259487 0.958161858417
0.954692546785 0.953524275328 0.958376556595
0.95503542192 0.953754172608 0.946349228428
0.93061905233 0.953983119284 0.946559747503
0.930952537581 0.95010858764 0.94676939944
0.931284654439 0.944813650646 0.94697819111
0.931615413706 0.945036732849 0.935019847815
0.93194482606 0.939299623304 0.935225414591
0.932272902054 0.933249718977 0.935430147424
0.93259965212 0.933467291758 0.924216105986
0.932925086568 0.927599722632 0.924416736515
0.914314061052 0.927814192705 0.92461656225
0.914630385966 0.922073533436 0.924815589402
0.914945451409 0.922284959594 0.913931964537
0.915259267033 0.916422991057 0.914127025829
0.915571842378 0.910841802965 0.914321316188
0.897780688291 0.911048160848 0.914514841481
0.898084685457 0.911253709114 0.90368429376
0.898387494276 0.905738899864 0.903874102948
0.898689123689 0.900288899649 0.90406317285
0.898989582539 0.900489561514 0.893444379084
0.89928887957 0.89511085039 0.893629874924
0.881723357718 0.895308750835 0.89381465606
0.882014594599 0.890243596465 0.893998727794
0.882304717364 0.890438769657 0.883520957092
0.882593734217 0.885908767892 0.883701642095
0.882881653274 0.880478372694 0.883881640787
0.883168482562 0.880668995903 0.873379876712
0.866673907486 0.880858900143 0.873556796301
0.866953172243 0.876172656528 0.873733050945
0.867231391059 0.870669580721 0.873908645455
0.867508571474 0.870855152751 0.863892556351
0.867784720952 0.865709115625 0.864064973873
0.851525332237 0.865892240549 0.864236752326
0.851794323396 0.860994918559 0.86440789627
0.852062324375 0.86117562593 0.854780450591
0.852329342195 0.856282379357 0.854948458211
0.852595383799 0.851446705076 0.855115851597
0.852860456062 0.851623367454 0.845616134437
0.837560329162 0.85179938833 0.845780522927
0.837818667588 0.846992700144 0.845944316498
0.838076074236 0.842252479796 0.846107519295
0.838332555578 0.842424611946 0.836801661492
0.838588118021 0.837741909415 0.836961970352
0.823726582708 0.837911839924 0.837121706783
0.82397576435 0.833182742542 0.837280874724
0.824224062104 0.83335052154 0.828169321647
0.82447148201 0.828762673017 0.828325698742
0.824718030046 0.82413895416 0.82848152479
0.82496371213 0.824303116522 0.81969128598
0.810181045418 0.824466704179 0.819844364157
0.810420697255 0.819953274734 0.819996908177
0.810659515553 0.820114823123 0.811196468443
0.810897505899 0.815576744982 0.811346413573
0.811134673822 0.811187860113 0.811495840537
0.811371024797 0.811345988473 0.803301735683
0.797111147624 0.811503573889 0.803448524303
0.797341801003 0.807163842594 0.803594810524
0.797571667459 0.802994135283 0.803740597659
0.797800752168 0.803148406305 0.795335660892
0.79802906025 0.798880101466 0.795479000437
0.79825659678 0.794674292011 0.795621855575
0.784872163114 0.7948253611 0.795764229461
0.785094317371 0.794975922859 0.787531284
0.785315727906 0.790800908641 0.787671291175
0.785536399519 0.786679496279 0.787810831099
0.785756336961 0.78682696856 0.779636092394
0.785975544939 0.782906017467 0.779773368914
0.773139672151 0.783051728383 0.779910191536
0.773353786587 0.779043162676 0.780046563153
0.773567197406 0.779187151214 0.77226485123
0.773779909064 0.775199568249 0.772398965227
0.773991925976 0.771243283273 0.772532641188
0.761421434548 0.771384377881 0.772665881872
0.761628600969 0.771525014447 0.764762851533
0.761835096887 0.767565866109 0.764893988172
0.762040926486 0.763697284365 0.76502470166
0.762246093909 0.763835128562 0.757446193582
0.762450603263 0.759989199223 0.757574808737
0.750278039188 0.760125459128 0.757703012595
0.750477947708 0.756329655692 0.757830807689
0.750677220734 0.756464357404 0.750360050774
0.750875862162 0.752695329729 0.75048582457
0.751073875851 0.748977004958 0.750611200901
0.739254923635 0.749109084108 0.750736182187
0.739448551444 0.749240748315 0.743264132866
0.739641572727 0.745544570398 0.743387197229
0.739833991145 0.741890897659 0.743509877224
0.74002581033 0.742020026401 0.736138305464
0.740217033879 0.738444602906 0.736259131221
0.728775014104 0.738572290294 0.736379582875
