1.08306 1.08616 1.08549
1.08085 1.08629 1.088
1.08366 1.08649 1.08357
1.0803 1.08029 1.08025
1.07697 1.07282 1.07583
1.08038 1.0759 1.07819
1.08133 1.07134 1.07753
1.08047 1.07648 1.07598
1.07944 1.07481 1.07713
1.07842 1.08116 1.08431
1.07758 1.08329 1.08
1.07654 1.08021 1.0795
1.08228 1.0804 1.08134
1.08894 1.08976 1.08923
1.08876 1.08797 1.09111
1.09104 1.08478 1.08764
1.08582 1.0878 1.08632
1.0848 1.07556 1.08637
1.07015 1.07223 1.07909
1.07503 1.06711 1.06822
1.06865 1.06528 1.06652
1.06641 1.06722 1.07078
1.0658 1.06974 1.06972
1.06755 1.07442 1.07726
1.07017 1.0751 1.07683
1.06465 1.06054 1.06421
1.057 1.06288 1.06126
1.05437 1.06533 1.06075
1.06244 1.05637 1.05452
1.05008 1.06095 1.05944
1.05476 1.06272 1.06384
1.05854 1.05365 1.05091
1.06929 1.06561 1.06248
1.0573 1.06835 1.06795
1.0615 1.05597 1.05495
1.07624 1.07005 1.06685
1.08321 1.08586 1.07486
1.07505 1.09983 1.09353
1.08139 1.09009 1.08972
1.07745 1.09343 1.0894
1.07964 1.08699 1.08361
1.08686 1.10104 1.09691
1.08293 1.09346 1.09234
1.08133 1.08183 1.07835
1.08881 1.09129 1.08851
1.08122 1.0957 1.09561
1.06603 1.08257 1.08384
1.10044 1.09779 1.09578
1.0996 1.1066 1.10764
1.08869 1.10037 1.10255
1.09076 1.10281 1.09861
1.07767 1.09587 1.09058
1.06724 1.07524 1.07037
1.06834 1.08415 1.0805
1.06289 1.07576 1.07342
1.05842 1.06466 1.06317
1.06796 1.07115 1.06697
1.05188 1.06787 1.06065
1.04981 1.05548 1.05007
1.06232 1.07049 1.06214
1.06135 1.06917 1.06135
1.04776 1.06841 1.05941
1.0609 1.09822 1.07906
1.05966 1.09005 1.08658
1.03866 1.0647 1.06152
1.05925 1.08192 1.08395
1.06206 1.08544 1.08098
1.06146 1.07113 1.06645
1.06207 1.09096 1.08547
1.06414 1.08908 1.08262
1.06723 1.07527 1.06865
1.07924 1.09831 1.09323
1.07957 1.0895 1.08396
1.06384 1.0766 1.07836
1.06628 1.08076 1.07313
1.08506 1.08425 1.07763
1.07452 1.07958 1.07531
1.073 1.09213 1.08721
1.07204 1.0865 1.08143
1.07172 1.07435 1.07187
1.07016 1.0942 1.08426
1.07669 1.09945 1.09053
1.07016 1.0814 1.07466
1.09387 1.09959 1.10254
1.10748 1.11769 1.11772
1.09809 1.11407 1.11391
1.11401 1.12306 1.12129
1.10825 1.14868 1.14725
1.10432 1.12141 1.12056
1.11419 1.13985 1.1383
1.1163 1.14044 1.13755
1.10791 1.11678 1.11636
1.09069 1.12253 1.11912
1.07755 1.09977 1.09931
1.06369 1.07626 1.0726
1.06413 1.08893 1.08459
1.07838 1.08485 1.07844
1.07663 1.09721 1.08817
1.09023 1.12289 1.11246
1.10057 1.13549 1.12358
1.07712 1.10932 1.09801
1.09353 1.12989 1.12145
1.10778 1.13975 1.13502
1.08383 1.11725 1.10896
1.10731 1.13592 1.1312
1.11441 1.14159 1.13871
1.08243 1.11023 1.10604
1.09886 1.11905 1.11296
1.09459 1.11425 1.11744
1.06338 1.08268 1.08686
1.06756 1.09466 1.08915
1.06562 1.0913 1.09013
1.05101 1.08011 1.07372
1.0713 1.08982 1.08596
1.06425 1.10061 1.08236
1.06638 1.10152 1.08824
1.0558 1.07973 1.07759
1.07808 1.10125 1.08946
1.07579 1.10679 1.09181
1.07984 1.11065 1.09578
1.07904 1.1166 1.09951
1.08017 1.11646 1.10339
1.08281 1.10995 1.11101
1.10037 1.12267 1.11852
1.1124 1.12988 1.12713
1.14922 1.15361 1.17056
1.12679 1.16575 1.16179
1.12359 1.1515 1.14984
1.14033 1.16149 1.15716
1.14884 1.17867 1.17184
1.1729 1.2017 1.1928
1.14604 1.18073 1.16849
1.14714 1.1794 1.1715
1.15395 1.18953 1.17849
1.18008 1.21218 1.20546
1.18972 1.23021 1.21345
1.19777 1.237 1.22147
1.22992 1.26205 1.25367
1.23817 1.27086 1.26233
1.25634 1.29549 1.28726
1.2821 1.31849 1.31226
1.30304 1.33884 1.33556
1.31781 1.35678 1.34748
1.34056 1.35571 1.37032
1.35193 1.36497 1.38028
1.33954 1.35211 1.36812
1.3489 1.35823 1.37527
1.35655 1.36835 1.38409
1.3445 1.35388 1.37433
1.31541 1.3545 1.34298
1.32451 1.33627 1.35268
1.33749 1.34402 1.36481
1.31774 1.35955 1.34688
1.32803 1.34029 1.3575
1.34102 1.35386 1.37077
1.32508 1.33718 1.35691
1.33639 1.3482 1.36429
1.34878 1.3592 1.3767
1.34308 1.35181 1.36606
1.35886 1.36658 1.38156
1.3453 1.35342 1.37136
1.3608 1.36557 1.38149
1.3388 1.34992 1.36731
1.35778 1.36149 1.37834
1.33678 1.34135 1.36537
1.351 1.35062 1.37518
1.32463 1.36007 1.34978
1.33416 1.33803 1.3573
1.36534 1.36534 1.37266
1.36713 1.36713 1.37428
1.36601 1.36601 1.37324
1.36432 1.36587 1.3828
1.34455 1.34447 1.3704
1.35775 1.36201 1.38294
1.37144 1.37336 1.39575
1.34413 1.34874 1.37442
1.35741 1.35604 1.38288
1.36883 1.36478 1.39265
1.3352 1.33468 1.36197
1.34513 1.34324 1.37101
1.35977 1.3618 1.37911
1.34019 1.34323 1.35987
1.32129 1.35354 1.34067
1.32174 1.32795 1.34354
1.30199 1.3232 1.32657
1.30658 1.31961 1.32876
1.31455 1.3217 1.33339
1.30959 1.33234 1.32324
1.32988 1.33479 1.32947
1.33684 1.34053 1.33429
1.33515 1.35427 1.35159
1.31239 1.33891 1.33477
1.34429 1.33029 1.33863
1.34166 1.33666 1.33125
1.31907 1.3455 1.33505
1.33025 1.34051 1.35528
1.33987 1.34756 1.36011
1.34292 1.35357 1.3634
1.33749 1.34128 1.35189
1.33953 1.34262 1.35427
1.33482 1.35181 1.34024
1.33642 1.34716 1.34337
1.34348 1.35991 1.353
1.34179 1.34222 1.35699
1.34991 1.35157 1.33766
1.34945 1.35518 1.34007
1.3484 1.34744 1.36513
1.34812 1.35559 1.36825
1.33754 1.33716 1.3517
1.34022 1.34235 1.35397
1.35394 1.34451 1.33799
1.34149 1.3504 1.34045
1.34418 1.35221 1.3434
1.34847 1.3471 1.3614
1.35018 1.35014 1.36598
1.34853 1.35917 1.34267
1.33994 1.34071 1.35353
1.34479 1.34608 1.35766
1.34826 1.35069 1.35995
1.3585 1.35738 1.34803
1.36011 1.35863 1.34912
1.35167 1.3572 1.36813
1.3582 1.35655 1.37288
1.36012 1.36223 1.34878
1.36361 1.36136 1.34951
1.35431 1.35889 1.372
1.36036 1.36343 1.37731
1.36579 1.36877 1.37983
1.3515 1.35043 1.36389
1.34851 1.35216 1.36495
1.36307 1.35648 1.34679
1.36268 1.36062 1.34938
1.35874 1.36009 1.37065
1.36172 1.36364 1.37543
1.36286 1.36588 1.37849
1.3573 1.3573 1.35918
1.34744 1.35873 1.36032
1.3581 1.3581 1.35962
1.35011 1.35027 1.36321
1.35261 1.35909 1.34565
1.35938 1.35419 1.34696
1.36198 1.36448 1.34969
1.36351 1.36098 1.37758
1.36405 1.36364 1.38296
1.35391 1.35391 1.35589
1.35195 1.35195 1.3538
1.354 1.354 1.3555
1.35464 1.35464 1.35622
1.35797 1.35797 1.35949
1.3607 1.3607 1.36219
1.36075 1.36075 1.36217
1.36325 1.36325 1.36417
1.36343 1.36343 1.36476
1.36578 1.36578 1.36719
1.3662 1.3662 1.36697
1.36857 1.36857 1.36989
1.37121 1.37121 1.37252
1.37171 1.37171 1.37303
1.37412 1.37412 1.37528
1.37413 1.37413 1.37545
1.37732 1.37732 1.37829
1.37675 1.37675 1.37737
1.37902 1.37902 1.38009
1.38084 1.37297 1.38207
1.36673 1.36673 1.36816
1.36866 1.36866 1.36957
1.36861 1.3601 1.36951
1.37047 1.36222 1.3713
1.35565 1.35565 1.35619
1.35554 1.35554 1.35633
1.35738 1.35738 1.35829
1.35881 1.35881 1.35975
1.36127 1.36127 1.36214
1.36397 1.36397 1.36489
1.3646 1.3646 1.36574
1.36676 1.36676 1.36772
1.36724 1.36724 1.36799
1.36982 1.3604 1.37066
1.3702 1.3702 1.37136
1.37022 1.37022 1.37099
1.37194 1.3637 1.3727
1.36602 1.36646 1.37526
1.36205 1.36205 1.36334
1.36355 1.36355 1.36444
1.36506 1.36506 1.36583
1.36549 1.36549 1.36608
1.36738 1.36738 1.36792
1.36951 1.36951 1.37004
1.36974 1.36974 1.37033
1.3637 1.37111 1.37174
1.37132 1.37132 1.37197
1.36611 1.36569 1.37314
1.35909 1.35909 1.36012
1.35921 1.35921 1.36014
1.36117 1.36117 1.36221
1.36201 1.36201 1.36297
1.36422 1.36422 1.36503
1.3662 1.3662 1.36689
1.3665 1.3665 1.36729
1.36834 1.36834 1.36891
1.36861 1.36861 1.36942
1.37034 1.37034 1.37123
1.365 1.36593 1.3732
1.35919 1.35919 1.36035
1.35929 1.35929 1.36019
1.35895 1.35895 1.36006
1.3611 1.3611 1.36205
1.36174 1.36174 1.36257
1.36344 1.36344 1.36431
1.36381 1.36381 1.36457
1.36568 1.36568 1.36639
1.36768 1.36768 1.36878
1.36809 1.36809 1.36911
1.36952 1.36952 1.37004
1.37054 1.37054 1.37132
1.37005 1.37005 1.37086
1.37031 1.37031 1.37159
1.37374 1.37374 1.37493
1.37506 1.37506 1.37604
1.37798 1.37798 1.37922
1.37748 1.37748 1.37851
1.37875 1.37875 1.37977
1.38126 1.38126 1.38224
1.38165 1.38165 1.38263
1.38383 1.38383 1.38494
1.38394 1.38394 1.38519
1.38662 1.38662 1.38769
1.3892 1.3892 1.39031
1.38972 1.38972 1.3909
1.3919 1.3919 1.39259
1.3922 1.3922 1.39289
1.39413 1.39413 1.39497
1.3964 1.3964 1.39734
1.3971 1.3971 1.39804
1.39928 1.39928 1.3996
1.39929 1.39929 1.40014
1.40094 1.40094 1.40217
1.40345 1.40345 1.4042
1.40363 1.40363 1.40442
1.40517 1.40517 1.40588
1.40654 1.40654 1.40732
1.40705 1.40705 1.40792
1.40901 1.40901 1.4093
1.4104 1.4104 1.41065
1.41005 1.41005 1.41016
1.41237 1.41237 1.41245
1.41505 1.41505 1.41511
1.41655 1.41655 1.41702
1.42033 1.42033 1.42062
1.42163 1.42163 1.42204
1.42401 1.42401 1.42444
