89.7578057124
89.7596057053
89.7424578285
89.756671469
89.7500243126
89.7505641356
89.1168678042
83.9231078065
82.8935785909
82.5220709004
82.5252711189
82.5295482767
82.5027768139
82.5503940316
82.5668109893
82.5652793163
82.5698821394
82.577112269
82.5522741997
82.5371002776
80.5099018032
80.3736843134
79.8113049259
76.387144602
75.8880661044
75.5341476609
75.5257062749
75.4789382574
75.4939258977
75.47981264
75.4797834442
75.4756359622
75.4694931255
75.5096656273
75.5595027867
73.3184308689
73.307815069
71.7935483858
70.475432481
69.8668933022
69.2154775546
68.8427913358
68.9051054378
68.9127001861
68.8573877961
68.8879820723
68.9046057545
68.9459067589
68.9601986445
68.9596549528
68.9741111654
68.9690587573
67.2645954781
64.6271328983
64.1443050277
63.1436357824
62.3002475795
62.3048575369
62.2725604747
62.2753980584
62.2582273436
62.2654410904
62.2416876402
62.2677814031
62.2822954343
62.3082779212
62.3211878739
62.2768971578
60.1375049113
60.2617308329
58.5506856191
57.6167199833
57.422810611
56.162796808
55.7200030164
55.7468290684
55.6869610441
55.5950274794
55.733931231
55.635133366
55.6265719226
55.65977298
55.6896963409
55.7327101826
55.7544858562
55.7509795882
55.8001135581
55.804876047
52.99677112
50.7478589327
50.7379197399
50.3429316576
49.4868189404
49.5473333107
49.4563913185
49.4014661914
49.4336333925
49.3449633482
49.396345835
49.389460638
49.3928786615
49.4666693728
49.4776420909
49.5308398269
49.5766286077
49.607731038
49.6044846619
48.0844517994
49.6150896245
47.3648475298
45.5592944425
45.3138482275
44.504345275
44.4484359424
44.3197553565
44.380038679
44.2279309164
44.1443066781
44.0593523825
44.0993813103
44.1234800367
44.2416669102
44.3673011223
43.3936019938
42.6283511565
42.3109843625
41.6343977232
40.5474017502
39.3199834867
38.7780895461
38.8412344728
38.6779955889
38.6406398326
38.7440384153
38.8614456916
38.4815351161
37.5505974099
37.3111424059
36.9142783793
36.7488507517
36.1504078809
35.7949868601
35.4605331634
34.5050144244
34.0364044964
33.5126910486
33.4762326469
33.4924751938
33.5578685288
33.2245762079
33.3906632853
33.0092293381
32.2873371066
32.2546728027
32.195368911
31.7688875483
31.7527657456
31.3244911394
31.3723353614
30.5708358908
30.337427967
30.2449684878
29.8457757224
29.7406759433
29.4842208542
29.2915739587
29.3159939814
29.5805496225
29.3357401557
29.0648350014
29.027815231
28.8206518285
28.7718630759
28.7568409154
28.717923066
28.799182327
28.7959780676
29.1543836318
28.9685793189
28.6691102379
28.6688102507
28.6605338228
28.6519613883
28.66667413
28.6213995984
28.6153973738
28.599929816
28.5913274395
28.6511234224
28.6496000375
28.662311124
28.7624754541
28.7346568073
28.7407936375
28.7404643606
28.740858916
28.7435971367
28.7364929319
28.7675652859
28.4904614429
28.7876229859
28.6979430613
28.7753041535
28.774188314
28.8479324361
28.792796115
28.802264251
28.6073625738
28.6103104143
28.2701316303
28.2414058339
28.2082610837
28.2188965289
28.1715680596
28.1296763554
28.0935828417
28.0623512481
28.0643611544
28.1047821677
28.1504460576
28.1507514459
27.8142337055
28.1272047824
28.0925101533
28.0489618744
28.1680134069
27.8888699371
28.2550341736
27.8334516079
27.9238479074
27.9504520478
27.8320568421
27.8639684659
27.8781264897
27.6285468307
27.643471038
27.6479588038
27.5399132225
27.390101413
27.4602128323
27.4584909574
27.4619308845
27.119418619
27.1443521388
27.7295821899
27.5553861318
27.5354236464
27.5290887862
27.5680582971
27.4519494543
27.4461570981
27.4751766021
27.1495849569
27.161980804
26.8936202423
26.8972010676
26.8156713971
26.813824965
26.8287198603
26.9092885476
26.9050981432
26.8884681876
26.8853679997
26.8596884361
26.854391972
26.685490618
26.5900198248
26.5921182275
26.538883117
26.5366441267
26.5369288073
26.5342725159
26.4843976021
26.4653016733
26.4556899344
26.4499290421
26.1008916374
26.0796960925
25.8507222619
25.7985635803
25.906358589
25.8439979126
25.7038037474
25.6520128613
25.1306074715
25.0156380801
24.9919017971
25.0904075903
24.994128118
24.9026226712
24.9558098554
24.861785243
24.8892293527
24.8542254946
24.8093066391
24.8253079908
24.9791897986
24.9792031875
24.8873646224
24.8461907304
24.9368182945
24.9404912534
24.9308828229
24.9379879167
25.0196188753
25.1922393771
25.2168965357
25.421557098
25.425659442
25.2307914674
25.2347906993
25.2897820082
25.3159850577
25.3538662783
25.3911082545
25.0104228301
25.0294315765
24.8970521482
24.9326897591
24.5470714386
24.5371520796
24.5693905412
24.5288979174
24.5352501298
24.4415790342
23.900593924
23.9065426256
23.8567523079
23.8032133325
23.7918834877
23.8304028298
23.8202361184
23.7310782578
23.7204852539
23.3847028694
23.3713601199
23.3210838045
23.3052335868
23.285931835
23.2338201005
23.2334503018
22.8169643481
22.7792252352
22.7128804464
22.6823208208
22.6887679302
22.3422480573
21.846461332
21.0138665738
21.0604181976
21.0755829314
