0.00447176 0.00329886 0.00326095
0.00468989 0.0049439 0.00470208
0.00331375 0.00267369 0.00247746
0.00195206 0.00189152 0.00133318
0.00227873 0.00191921 0.00137906
0.00247827 0.00234147 0.00170931
0.00169107 0.00247765 0.00165834
0.00195702 0.00269561 0.00202403
0.00245987 0.00235435 0.00177873
0.00263554 0.00234412 0.00167999
0.00224505 0.00270558 0.00229084
0.00194576 0.00242654 0.00206206
0.00236542 0.0020954 0.00201398
0.00265957 0.00233567 0.00213396
0.00185903 0.00163012 0.00131126
0.00345193 0.00167833 0.0013528
0.00204592 0.00193705 0.00173765
0.00160919 0.00219547 0.00173792
0.00311594 0.0019024 0.00159872
0.00182581 0.0020496 0.00190156
0.00159594 0.00153791 0.00133306
0.00169382 0.00177707 0.00129435
0.0015141 0.00188927 0.00160871
0.00160239 0.00159208 0.00125266
0.00170606 0.00164418 0.00120053
0.00187169 0.00169888 0.00125632
0.00251941 0.00194604 0.00153834
0.00166515 0.00163498 0.00140809
0.00183806 0.00162819 0.00148177
0.00246927 0.00157423 0.00152796
0.00257895 0.00195941 0.00164408
0.00166587 0.00154468 0.00145066
0.00171099 0.00204508 0.00148323
0.00235255 0.00162925 0.00164946
0.00236776 0.00271817 0.00264646
0.00190729 0.00290836 0.00243983
0.00223535 0.00235553 0.00221869
0.00312166 0.00143911 0.00100961
0.00204602 0.00160746 0.00134991
0.00255861 0.00169595 0.00120411
0.00148666 0.00147402 0.00112339
0.00197656 0.0024744 0.00202963
0.00309537 0.00277248 0.00255424
0.0022617 0.00245202 0.00223898
0.00227441 0.00229188 0.00209316
0.00251684 0.00200262 0.00188259
0.00260968 0.00161554 0.0014295
0.00270688 0.00192437 0.00178748
0.00331635 0.00189826 0.00192924
0.00271145 0.00148697 0.00135286
0.00204015 0.00160548 0.00159842
0.00225611 0.00191477 0.00195133
0.00237425 0.00171124 0.00162875
0.00195199 0.0016796 0.00144931
0.0017947 0.0024831 0.00217105
0.00219805 0.0021195 0.00186868
0.00201077 0.00187253 0.0016393
0.00161597 0.00201634 0.00143603
0.00161982 0.00179098 0.001368
0.00162946 0.00220678 0.00161046
0.00192768 0.00216035 0.00194376
0.00277204 0.00201429 0.00184827
0.00144075 0.00177215 0.00139058
0.00156284 0.00222961 0.00163813
0.00215807 0.0022383 0.00192375
0.00198991 0.00218894 0.00211326
0.0020008 0.00210202 0.00184004
0.00168407 0.00169582 0.00173129
0.0021777 0.00180497 0.00169668
0.00156278 0.00199062 0.00177857
0.00188763 0.00232187 0.0019349
0.00176588 0.00249493 0.00215452
0.00221995 0.00269192 0.00207777
0.0023497 0.0024306 0.00198741
0.0019758 0.00239868 0.00164496
0.00165723 0.00221459 0.00159488
0.00208009 0.00220906 0.00166368
0.00164659 0.00237611 0.00143552
0.00183064 0.002407 0.00232812
0.00252231 0.00291724 0.00262669
0.0018822 0.00205763 0.00190861
0.00137426 0.00210986 0.00176687
0.00271241 0.00257041 0.00236056
0.00184072 0.00201214 0.00175303
0.00195333 0.0020177 0.00181521
0.0024701 0.00209221 0.00206043
0.0018789 0.00185066 0.00173514
0.00253464 0.00142901 0.00144837
0.00284473 0.00154227 0.00174334
0.00277433 0.00168301 0.00169618
0.00241925 0.00207408 0.00198596
0.00222957 0.00224911 0.00211405
0.00173829 0.00214173 0.00223722
0.00144977 0.00236854 0.00223328
0.00184317 0.00207379 0.00203057
0.00147901 0.00214732 0.00182677
0.00177103 0.00225261 0.00186872
0.00218481 0.00198637 0.00180135
0.00174248 0.00182961 0.00164252
0.00149069 0.00237874 0.00199323
0.00225659 0.00229099 0.0020427
0.00154581 0.00199255 0.00190036
0.0020347 0.00260197 0.002493
0.00186353 0.00235233 0.00229736
0.00205181 0.00231093 0.00225778
0.00161391 0.00274924 0.00247429
0.00224974 0.00253771 0.00235913
0.00157328 0.00268883 0.00243539
0.00186668 0.0028669 0.00279851
0.00206437 0.00280955 0.00252265
0.00166263 0.00242493 0.00253118
0.00144599 0.00296807 0.00272775
0.00204779 0.00299942 0.00262244
0.00157525 0.00284731 0.00241803
0.00167789 0.00322528 0.00271158
0.00153833 0.00341534 0.00270851
0.00187799 0.00314331 0.00256639
0.00161165 0.0026616 0.00224208
0.00151366 0.00315295 0.0023449
0.00152348 0.00244184 0.00247978
0.00174755 0.00339627 0.0027951
0.0021672 0.00383465 0.00307654
0.00201914 0.00377623 0.00328113
0.0018851 0.00332771 0.00329877
0.00179086 0.00291874 0.00285513
0.00188331 0.00289106 0.00300991
0.00232508 0.00404949 0.00397105
0.00253792 0.00410486 0.00418684
0.002256 0.0044162 0.00394089
0.00227685 0.00440416 0.00390057
0.00275548 0.0036529 0.00425067
0.00230975 0.00436322 0.00379362
0.00298925 0.00405755 0.00419344
0.00289337 0.00398449 0.00425702
0.00273867 0.00486056 0.00454991
0.00307253 0.00494369 0.00483448
0.00343177 0.00534307 0.00541085
0.00354058 0.00490043 0.0059896
0.00376116 0.00524652 0.00629986
0.00411222 0.00593961 0.00678725
0.00416934 0.00544179 0.00646128
0.00403416 0.00577734 0.00620526
0.00407624 0.00561594 0.00630299
0.00404049 0.00522435 0.00607276
0.00404382 0.00515436 0.00598749
0.00375502 0.00435538 0.00597594
0.00420519 0.00501679 0.00595739
0.00375367 0.00442113 0.00584402
0.00409771 0.00448123 0.0058728
0.00348223 0.0054878 0.00559455
0.00399125 0.00483033 0.00580462
0.00388582 0.00455465 0.00562629
0.0034981 0.00440247 0.00528246
0.0038804 0.00471377 0.00571919
0.00322203 0.00537726 0.00540832
0.00314272 0.00395138 0.00489296
0.00268783 0.0041253 0.0039764
0.00288269 0.00364263 0.0039718
0.00285111 0.00489519 0.0047651
0.00406488 0.00482256 0.0051393
0.00366535 0.00428511 0.00497602
0.00390922 0.00490115 0.00512958
0.00350639 0.00410738 0.00498253
0.00347457 0.00378806 0.00507852
0.00372639 0.00470613 0.00482202
0.00418393 0.00469675 0.00537706
0.00350166 0.00390817 0.00467557
0.00404621 0.00426225 0.00518489
0.00398716 0.00443604 0.00512119
0.00364558 0.0049604 0.00438205
0.00374771 0.00491107 0.00495503
0.00332414 0.00486133 0.00475056
0.00358457 0.00366572 0.00487609
0.00345398 0.00448807 0.0050529
0.00359705 0.00453736 0.00503613
0.00447541 0.00423858 0.0052032
0.00485284 0.00514566 0.00483332
0.00421193 0.00499075 0.00487309
0.00364359 0.00416293 0.00442803
0.00372957 0.00391865 0.00441247
0.0046304 0.00504231 0.00441758
0.0037748 0.00351024 0.0045849
0.00362517 0.00391946 0.00455108
0.0044907 0.0051428 0.00425028
0.00376836 0.00438467 0.00417773
0.00461246 0.0051125 0.00389335
0.00438804 0.00519108 0.0038798
0.00352474 0.00363135 0.00417418
0.00325321 0.00336547 0.00414839
0.00335031 0.0032035 0.00396981
0.00411635 0.00361856 0.00427278
0.00299991 0.00386255 0.00407049
0.00379449 0.00325064 0.00395047
0.00345625 0.00367614 0.00417139
0.00440777 0.00475099 0.00384355
0.00477114 0.00504057 0.00405768
0.00332047 0.00340864 0.00432652
0.00338025 0.00436676 0.00411405
0.00371568 0.00371568 0.00366813
0.00414881 0.00414881 0.00417414
0.00408572 0.00408572 0.00413466
0.0039045 0.0039045 0.00395668
0.00396795 0.00404735 0.00413734
0.00383134 0.00322213 0.00412156
0.00406958 0.00411034 0.00431676
0.00442173 0.00509272 0.00404326
0.00413066 0.00413066 0.00419419
0.00391085 0.00391085 0.00398157
0.00395582 0.00395582 0.00405747
0.00390874 0.00390874 0.00402079
0.00405725 0.00405725 0.00414626
0.00397839 0.00397839 0.00409701
0.00414387 0.00414387 0.00425449
0.00408532 0.00408532 0.00420681
0.00426133 0.00426133 0.00437513
0.0041825 0.0041825 0.0042918
0.00419122 0.00419122 0.00430171
0.00428304 0.00398958 0.00443026
0.00313576 0.00367618 0.00388964
0.00490456 0.00517161 0.00428327
0.0039744 0.00465445 0.00427331
0.00340733 0.00389332 0.00380309
0.00324809 0.00395195 0.00407278
0.00398145 0.00421438 0.00376119
0.00386944 0.0044158 0.00405172
0.00391585 0.00404697 0.00414324
0.00417841 0.00406236 0.00372035
0.00447449 0.00430341 0.00401175
0.00415846 0.00414645 0.00429556
0.00389283 0.00381574 0.00426282
0.00451587 0.00466859 0.00396069
0.00469381 0.005047 0.00426649
0.00407177 0.00373743 0.00453022
0.00364456 0.00337878 0.00433826
0.00374788 0.00381868 0.00426972
0.00407101 0.004089 0.00448354
0.00386062 0.00429085 0.00402648
0.00408634 0.00461926 0.0042297
0.00404015 0.00346396 0.0044837
0.00346878 0.00381382 0.00448757
0.00362115 0.0034953 0.00406019
0.00401862 0.00403484 0.00430143
0.00423971 0.00472037 0.00406188
0.00468808 0.00465267 0.00417475
0.00365436 0.00423152 0.00440219
0.00458712 0.00435713 0.0040122
0.00394696 0.00414354 0.00428611
0.00367428 0.00395798 0.00406522
0.0041885 0.00448539 0.00395669
0.0046615 0.00465296 0.00415324
0.00337326 0.00403742 0.00426689
0.00336537 0.00455829 0.00445629
0.0041947 0.00440885 0.00429508
0.00408751 0.00418077 0.00425922
0.00428346 0.00485389 0.00390923
0.00389625 0.00389625 0.00411405
0.00387554 0.00387554 0.00400811
0.00398 0.00398 0.00421273
0.00392218 0.00392218 0.00413001
0.00399326 0.00399326 0.00419653
0.0039302 0.0039302 0.00414283
0.00407832 0.00407832 0.00426683
0.00343279 0.004025 0.00420772
0.00312069 0.00312114 0.00426985
0.00360081 0.00360081 0.00381886
0.00491493 0.00518218 0.00426763
0.0031922 0.00335665 0.0043827
0.00310822 0.00306221 0.00430069
0.0031426 0.00302305 0.00417796
0.00314325 0.00309476 0.00422424
0.00448762 0.00475367 0.00383534
0.00322486 0.00328405 0.00409864
0.00306803 0.00305858 0.00387473
0.00360399 0.00360399 0.00387779
0.00372296 0.00372296 0.00397833
0.00355753 0.00299806 0.00379952
0.00308722 0.0036199 0.00388079
0.00298759 0.00356198 0.00381052
0.00385695 0.00426586 0.00369514
0.00425115 0.00409508 0.00374236
0.00353614 0.00353614 0.00380143
0.00356352 0.0031035 0.00381303
0.00426786 0.00415625 0.00368354
0.00376247 0.00376247 0.00402232
0.00356843 0.00356843 0.00381369
0.00359276 0.00359276 0.00381857
0.00372211 0.00372211 0.00397177
0.00361285 0.00304625 0.00385722
0.00311522 0.00275428 0.00392597
0.00339634 0.00339634 0.00365727
0.00385036 0.00385036 0.00408495
0.00353272 0.00353272 0.00377597
0.0034723 0.0034723 0.00372163
0.00357843 0.00357843 0.00382791
0.00346075 0.00346075 0.00373095
0.00364861 0.00364861 0.00388545
0.00353007 0.00353007 0.0037857
0.00369442 0.00327221 0.00392839
0.00340424 0.00340424 0.0036527
0.00362568 0.00362568 0.00386463
0.00341444 0.00341444 0.00365272
0.00361159 0.00361159 0.00382914
0.00346861 0.00346861 0.00370124
0.00362338 0.00362338 0.00385526
0.00350926 0.00350926 0.00372403
0.00357724 0.00357724 0.0037954
0.00365031 0.00365031 0.00387336
0.00359636 0.00359636 0.00381563
0.00357707 0.00357707 0.00379319
0.00367935 0.00367935 0.00389435
0.00360664 0.00360664 0.00381883
0.00371891 0.00371891 0.00393038
0.00365244 0.00365244 0.00385778
0.00372595 0.00372595 0.00393574
0.00367749 0.00367749 0.00388409
0.00370822 0.00370822 0.00392078
0.00370474 0.00370474 0.0039182
0.00368497 0.00368497 0.0038659
0.00373998 0.00373998 0.00394258
0.00374492 0.00374492 0.00395724
0.00370248 0.00279018 0.00393826
0.0037698 0.0037698 0.00397972
0.00371493 0.00371493 0.00394173
0.00368071 0.00368071 0.00390291
0.0036788 0.0036788 0.00390938
0.00376557 0.00376557 0.00397707
0.00365078 0.00365078 0.00385558
0.00376782 0.00376782 0.00397234
0.00369647 0.00369647 0.00389816
0.00380333 0.00380333 0.00400691
0.00368428 0.00368428 0.0038924
0.00371449 0.00371449 0.0039119
0.00376238 0.00376238 0.00397191
0.00369827 0.00369827 0.0039087
0.00377673 0.00377673 0.00397335
0.00373659 0.00373659 0.00393482
0.00377077 0.00377077 0.00394886
0.00366587 0.00366587 0.00385326
0.00372288 0.00372288 0.0039523
0.00369077 0.00369077 0.00395012
0.00390687 0.00390687 0.0041661
0.00378048 0.00378048 0.00410995
0.00385002 0.00385002 0.00417114
0.00379121 0.00379121 0.00406885
0.00391333 0.00391333 0.00419803
0.00383116 0.00383116 0.00412975
0.00394574 0.00394574 0.0042575
0.00390221 0.00390221 0.00420418
0.00391255 0.00391255 0.00417508
0.00382092 0.00382092 0.00410115
0.00394764 0.00394764 0.00419026
