0.00311418 0.00337884 0.00326095
0.00217576 0.0024322 0.00209034
0.00312997 0.00409069 0.00347179
0.00435669 0.00438032 0.00407053
0.00428459 0.00365197 0.0035288
0.00261867 0.00214837 0.00131667
0.0031407 0.00235804 0.00128841
0.00229029 0.00292233 0.00229559
0.00306218 0.00292153 0.00251538
0.00154877 0.00248904 0.002109
0.00304741 0.00229732 0.0017359
0.00210768 0.00198198 0.00184181
0.00286781 0.00196772 0.00203441
0.00326227 0.00232435 0.00219791
0.00277598 0.00155412 0.00127705
0.00196177 0.00162564 0.00141051
0.00287565 0.00184143 0.001698
0.00137893 0.00176799 0.00147449
0.00375641 0.00164982 0.00133597
0.00201435 0.0023137 0.00202443
0.00190412 0.00178516 0.0014852
0.00148568 0.00158302 0.00135514
0.00140499 0.00160384 0.0014034
0.00169508 0.00151275 0.00115427
0.00166185 0.0016775 0.00127446
0.00186333 0.00154662 0.00138785
0.00168695 0.00171321 0.00146599
0.00140824 0.00173913 0.00141822
0.00168391 0.00146836 0.00143653
0.00170869 0.0015103 0.00134056
0.0019824 0.00159688 0.00129815
0.00209274 0.00171567 0.00175005
0.00182102 0.00208078 0.0017022
0.00186742 0.00250613 0.00207167
0.00252899 0.00150787 0.00140864
0.0017044 0.00156292 0.00131242
0.00294438 0.00214462 0.00184364
0.0022691 0.00292576 0.00272487
0.00255465 0.00205762 0.00153089
0.00250276 0.00177605 0.00123835
0.00339846 0.00150269 0.00114163
0.00229264 0.00205432 0.00165081
0.00228914 0.00274202 0.00263792
0.00224265 0.00201246 0.00154512
0.00226786 0.0021822 0.00195201
0.00232755 0.00249182 0.00225149
0.00212033 0.00189464 0.00159719
0.00249701 0.00201374 0.00183512
0.00291064 0.0019915 0.00191895
0.00288363 0.00164024 0.00155523
0.00275682 0.00201489 0.00202732
0.00327816 0.0025735 0.002441
0.00150378 0.00132731 0.00114907
0.00162405 0.00151324 0.00133137
0.00223001 0.00206914 0.00182088
0.00234823 0.00258592 0.00234417
0.00171187 0.00220919 0.00198676
0.00212551 0.00208513 0.00182374
0.00199554 0.00222489 0.00181683
0.00125248 0.00183224 0.00155202
0.0018627 0.0022169 0.00198867
0.00241098 0.00189113 0.00165838
0.00185783 0.00174801 0.00152549
0.00161762 0.00216706 0.00186088
0.00253908 0.00211586 0.00184345
0.00182637 0.00180488 0.00155393
0.00142626 0.00198441 0.00169106
0.00240482 0.00197372 0.0015997
0.00142523 0.00181064 0.001582
0.0015198 0.00216724 0.00189023
0.00226385 0.00208415 0.00191719
0.00209723 0.00201089 0.00155604
0.00179466 0.00229145 0.00172103
0.0027602 0.00236003 0.00203093
0.00184957 0.00212062 0.0015963
0.00212544 0.00227 0.00165167
0.00176184 0.00248953 0.00212861
0.00271662 0.00201913 0.0012309
0.00121974 0.00169946 0.000908097
0.00173599 0.00183919 0.00115125
0.00168661 0.00228914 0.00151843
0.00199911 0.00261118 0.00236464
0.00174471 0.00244633 0.00193966
0.00222625 0.00246977 0.0023037
0.0017022 0.00243194 0.00241863
0.00181923 0.00243304 0.00231714
0.0022826 0.00198722 0.00190524
0.00242271 0.00247285 0.00235424
0.00167957 0.00230902 0.0023892
0.00198904 0.00265679 0.00259322
0.00156795 0.00266862 0.00252784
0.00168294 0.00230415 0.00222085
0.00197322 0.00236202 0.00217644
0.00173064 0.00242468 0.00220845
0.00160851 0.00223533 0.00203597
0.00145682 0.00235795 0.00204169
0.00168141 0.00283641 0.0023797
0.00182778 0.00261527 0.00220399
0.00169239 0.00264484 0.00212954
0.00160451 0.00294613 0.00238197
0.00194338 0.00269052 0.00211053
0.00183365 0.00286619 0.00234974
0.00193748 0.00314084 0.00288023
0.00195722 0.00250623 0.0022908
0.00192547 0.00291403 0.00288807
0.00197077 0.00344938 0.0032052
0.00206939 0.00282346 0.00282196
0.00174759 0.00277169 0.00259348
0.00160797 0.00288629 0.00278296
0.00182651 0.0030245 0.00269694
0.00189983 0.00290167 0.00254608
0.00163871 0.0032103 0.00271372
0.00193371 0.00284054 0.00247761
0.00169997 0.0025805 0.00234386
0.00171711 0.00323869 0.00268077
0.00142839 0.00304422 0.00239667
0.00220307 0.0034449 0.00277414
0.00173635 0.00272863 0.00207631
0.00167027 0.00261968 0.00229712
0.00185781 0.00304652 0.00268717
0.00223154 0.00278055 0.00294215
0.00211531 0.00334133 0.00326443
0.00223136 0.00370737 0.00325243
0.00202591 0.00334746 0.00327239
0.00194887 0.00267049 0.00239283
0.0021607 0.00267419 0.00265605
0.002054 0.00321323 0.00307646
0.00263489 0.00409342 0.00400837
0.00257697 0.00435313 0.00412558
0.0024652 0.00441541 0.00417426
0.00258899 0.00417769 0.00419094
0.00272599 0.00366148 0.00389474
0.00288636 0.00447752 0.00402919
0.00273435 0.00425323 0.00417323
0.00274315 0.00456235 0.00447428
0.00293502 0.00493126 0.00465554
0.00315678 0.00524827 0.00490522
0.00299346 0.0054425 0.00525529
0.00365286 0.00576139 0.00568193
0.00343568 0.00519957 0.00593679
0.00356797 0.00604288 0.00564336
0.00365707 0.00628858 0.00612295
0.003817 0.00521154 0.006084
0.00370195 0.00486889 0.00597191
0.00370893 0.0046445 0.00587775
0.00392723 0.0044049 0.0057655
0.00349959 0.00594584 0.00543609
0.0039933 0.00461655 0.00576565
0.00409876 0.0044 0.00564447
0.00354847 0.00529204 0.00532815
0.00389468 0.00575541 0.00552469
0.00371549 0.00430245 0.00540868
0.00306119 0.00533872 0.00494995
0.00341647 0.00561412 0.00514251
0.00315032 0.00448442 0.00467509
0.00304715 0.00407188 0.00448673
0.00291813 0.00398904 0.00461355
0.00326471 0.00498589 0.00503545
0.00358759 0.00381324 0.00499322
0.0042439 0.00430909 0.00517121
0.0032366 0.00402703 0.00479163
0.0037757 0.00405051 0.00522476
0.00325194 0.00377145 0.00488458
0.00407669 0.00397312 0.00531541
0.00334298 0.00452004 0.00480782
0.00389095 0.00461014 0.00500373
0.00358861 0.00385665 0.00498359
0.00404447 0.00437636 0.00519114
0.00356949 0.00537204 0.00503448
0.0037413 0.00472402 0.0049453
0.00399488 0.00503216 0.00525533
0.00403275 0.00403275 0.00490533
0.00373847 0.00373847 0.00464933
0.00423148 0.00402587 0.00506897
0.00335099 0.00508556 0.00487662
0.00368396 0.00441884 0.00510278
0.00299662 0.00405406 0.00450435
0.0036333 0.00386825 0.00463134
0.00328772 0.00512275 0.00419957
0.00350859 0.00499345 0.00428365
0.00323459 0.00387296 0.00431138
0.00310345 0.00442195 0.00402166
0.00307859 0.00341651 0.00405858
0.00352722 0.00379369 0.00419185
0.00311367 0.00400133 0.00387445
0.00284189 0.00329379 0.00398207
0.00284217 0.00295791 0.00403293
0.00323136 0.00373441 0.0035001
0.00284298 0.00343991 0.0036354
0.00269776 0.00417827 0.00349487
0.00296939 0.00300877 0.0035512
0.00313959 0.00292867 0.00298965
0.00295755 0.00328619 0.00342887
0.00255297 0.00276702 0.0035264
0.00270793 0.00293284 0.00292583
0.00250289 0.00327094 0.00310896
0.00326624 0.00394666 0.00280193
0.00297885 0.00416061 0.00303604
0.00366809 0.00379178 0.00286267
0.00378173 0.0041091 0.0028166
0.00344089 0.00337731 0.00298049
0.00261261 0.00364614 0.00269376
0.00295017 0.00319632 0.00312081
0.00279639 0.00301688 0.00302805
0.00285322 0.00315573 0.0029502
0.00259365 0.00306604 0.00307185
0.00297502 0.00303603 0.0027028
0.00261174 0.00340641 0.00290266
0.00294028 0.0034129 0.00325821
0.0025618 0.00287503 0.00317683
0.0025609 0.00301761 0.00290139
0.00261189 0.00306543 0.00304229
0.0025458 0.00277668 0.00316778
0.00286087 0.00262198 0.00333597
0.00335029 0.00350287 0.00296049
0.0028011 0.00300518 0.00305611
0.00316718 0.00308907 0.00261191
0.00273806 0.00320316 0.0030457
0.00238941 0.00315617 0.00310164
0.00248744 0.00300157 0.00324582
0.0027305 0.0027058 0.00333922
0.00339728 0.00355311 0.00306674
0.0025388 0.00336746 0.0032081
0.00316912 0.0034198 0.00327157
0.003029 0.00334 0.0034105
0.00265962 0.00301426 0.00339268
0.00286834 0.00274667 0.00339988
0.00276969 0.00271586 0.00348418
0.00325299 0.00310348 0.00308028
0.00315333 0.00338577 0.00331092
0.00310656 0.00317532 0.00331349
0.00262265 0.00277361 0.00326795
0.00264264 0.00325016 0.00338881
0.00334206 0.00310777 0.00340234
0.00285135 0.00307535 0.003382
0.00307588 0.00352609 0.00316512
0.00268184 0.00320635 0.00324937
0.00279923 0.00264578 0.00314551
0.00269549 0.0030495 0.00328744
0.00324045 0.00313895 0.00307568
0.00280894 0.00323845 0.00315394
0.00279696 0.00314906 0.00311784
0.0030586 0.00321868 0.00320195
0.00294613 0.00278841 0.0029716
0.00243198 0.00338173 0.00298929
0.00279449 0.00312969 0.00283071
0.00320086 0.00306371 0.00306753
0.00277901 0.00323888 0.00313117
0.00259743 0.00319998 0.00311534
0.00289577 0.00282476 0.00321557
0.00322823 0.00309509 0.00294921
0.00257713 0.00306072 0.00299821
0.00266888 0.00252714 0.00313161
0.00275837 0.0028417 0.00326919
0.00225068 0.00248092 0.00304748
0.00253233 0.00271678 0.00309769
0.00258462 0.0025348 0.00279242
0.00307853 0.00311994 0.00309901
0.00284131 0.00250515 0.0031199
0.00297689 0.00237037 0.00320878
0.00304093 0.00329892 0.00283096
0.00310114 0.00291999 0.0030434
0.00280328 0.00279622 0.00300868
0.00274159 0.00267654 0.00323382
0.00297511 0.00302629 0.002954
0.00299498 0.00335833 0.0031856
0.00253405 0.00269747 0.00320128
0.00212682 0.00271202 0.00323172
0.00322848 0.00316045 0.0030502
0.00278131 0.00251055 0.0032156
0.00235929 0.0024391 0.00326485
0.00323701 0.00338035 0.00286655
0.00289715 0.00278998 0.00332151
0.00279494 0.00299707 0.0031845
0.00258059 0.00244845 0.00319791
0.00253474 0.00262271 0.00342455
0.00337578 0.0035059 0.00308229
0.00281709 0.00300029 0.00342418
0.00260648 0.00260986 0.00338239
0.00266317 0.00271685 0.00314914
0.00302427 0.00277199 0.0033075
0.00317137 0.00283807 0.00292785
0.00320619 0.00296445 0.00306058
0.00253973 0.002653 0.00324759
0.00290991 0.00310631 0.00320522
0.00310403 0.00376127 0.0033684
0.00322445 0.00272208 0.00339143
0.00269964 0.00281119 0.00343695
0.0027496 0.00309323 0.00333679
0.00304212 0.00355764 0.00325217
0.00345668 0.00325598 0.00321124
0.00255528 0.00303512 0.00310928
0.0025659 0.00249231 0.00327287
0.00310219 0.00338055 0.00305339
0.00328578 0.00330455 0.0032171
0.00265209 0.00293815 0.00317923
0.00293724 0.00340159 0.00311653
0.00251567 0.00326102 0.00326638
0.0027134 0.0027638 0.00324764
0.00251755 0.00277658 0.00336204
0.0036441 0.00362286 0.00310594
0.00329855 0.00309971 0.003392
0.00256712 0.00280458 0.00327821
0.00244052 0.00243345 0.00323219
0.00260467 0.00292555 0.00337647
0.00275739 0.00321123 0.00312417
0.00262364 0.00261845 0.00328705
0.00270154 0.00340429 0.00300855
0.0030249 0.00332566 0.00328998
0.00254111 0.00244525 0.0032246
0.0031522 0.00337003 0.00300439
0.0034368 0.00310957 0.00319332
0.00266156 0.00283506 0.00315566
0.00249581 0.00264711 0.00329989
0.003306 0.00373469 0.00306864
0.00280754 0.00319131 0.00342466
0.00241775 0.0025156 0.00329801
0.00315177 0.00276305 0.00312106
0.0027681 0.00332274 0.00325717
0.00338296 0.00338327 0.00298586
0.00285743 0.00335701 0.00320285
0.0027397 0.0030933 0.00318795
0.00261085 0.00280016 0.00325666
0.00278067 0.00340789 0.00347258
0.00288577 0.00304827 0.00343608
0.00325661 0.00287652 0.00342482
0.00275145 0.00277796 0.0035001
0.00290639 0.00331427 0.00305321
0.00251666 0.00310545 0.00310687
0.00265689 0.00284041 0.00313494
0.00264868 0.00290782 0.00327853
0.00352625 0.0029101 0.00316269
0.00313956 0.00320358 0.00320642
0.00285751 0.00304202 0.00333523
0.00282487 0.00285058 0.00298331
0.00313718 0.00291195 0.00320781
0.00302768 0.00271173 0.00331299
0.0028719 0.00328072 0.00301249
0.00292128 0.00329123 0.0031818
0.00276195 0.00292615 0.00313503
0.00281759 0.00318903 0.0031901
0.00278847 0.00283478 0.00312367
0.00308268 0.00307855 0.00326343
0.0027813 0.00298727 0.003329
0.00275274 0.00309805 0.00313309
0.00317962 0.00294822 0.00338196
0.0028824 0.00333089 0.00307816
0.00259128 0.00283297 0.00315437
0.00302646 0.00272966 0.0028857
0.00344447 0.00355629 0.00314064
0.00334438 0.0035002 0.00316658
