89.7539797102
89.7063072602
89.7795039871
89.7197815103
89.6971027468
89.7283116841
89.7482698504
87.9061462866
84.8952253086
84.5568376777
83.9222631489
83.3410386134
82.4575567522
82.4916316747
82.5001132017
82.4553058552
82.468888654
82.4807607587
82.4858947903
82.5664872874
82.5561144061
82.7418267604
82.8607972362
82.7811606232
80.6791095915
80.2511610339
79.7407791712
79.4455501265
79.0728919021
78.6705659084
77.3444341979
76.7248784526
75.8963460384
75.5625382281
75.5664880201
75.5528575484
75.5220351731
75.5006392074
75.5267170912
75.5576317967
73.3882549705
72.8544519467
73.1162010129
72.4856645283
71.823883335
72.091255707
71.0195068595
70.4948807857
70.6832839185
69.6747974243
68.8578645298
68.9042797045
68.9099341513
68.9009024942
68.864754147
68.8524305395
68.9044277378
68.9200130501
68.9510520814
67.2625934062
66.8047422829
65.9230764636
64.8761705363
64.8693668254
64.332710878
64.0998837977
64.1090465951
63.4689760917
62.5949149291
62.2496677908
62.1359769882
62.1326714234
62.228369519
62.1055188515
62.1454817852
62.1626841848
62.1607858648
62.2540374439
62.275166848
62.3205245445
59.6674652208
61.0584714909
58.093654195
57.0627204596
56.999091188
56.1060150892
55.6230426049
55.7255293105
55.6716024995
55.5490823916
55.5888646713
55.5512327478
55.5403097037
55.6048750729
55.6580327435
55.7441956955
55.7686442014
55.808771744
55.829053123
55.8299109533
53.792071005
52.7521962963
52.9586815104
51.2432922436
50.3184656137
49.8725577745
49.4277311156
49.370851506
49.4059197018
49.3163704388
49.2878892674
49.3410297473
49.3102275139
49.4253807889
49.5097191523
49.5285238692
49.5616878591
49.6010326374
49.0408998733
47.5154630479
47.2691776754
46.5203758332
45.7999871753
45.3626633783
44.932154476
44.8525891893
44.5002773291
44.1306953752
44.0514997838
44.1841233517
44.3923179279
44.42764982
43.6991586627
42.8177462133
42.1625781474
41.973449157
40.9208864256
39.7652555915
39.619752482
39.8632802277
39.6676143191
39.3587210369
39.498145317
39.2376476048
38.7687566499
39.2698467115
38.2400511917
37.8491969683
38.0295296898
37.5555363965
37.1714472914
37.1987730452
36.9739388185
36.3726921729
35.7110791237
34.8316960086
34.7607346806
34.3758015186
34.3025597714
34.4185805208
34.0978578548
34.0602851453
34.0753488471
34.0946674135
33.9723714742
33.8476186932
33.2633784219
33.4233309122
33.5507713277
32.9241126404
32.4891471169
32.5412203197
32.4692158029
32.670698729
32.6189792682
32.1801493591
31.4804806704
31.7111813949
30.9262598866
30.975666472
31.2239899814
30.3751217634
30.7353611926
30.6532396195
29.9914144788
30.1848858312
29.9232279736
29.8998515148
29.983083135
29.7676230947
29.9001376739
29.7276409453
29.7098626114
29.6260680266
29.7162254034
29.4286681225
29.428369256
28.8761821272
28.1650985958
27.9174774537
28.0375058452
27.9685688076
28.0620224803
28.0797932629
28.1013388513
28.1150514995
28.1720018312
28.1193137665
28.1420801035
28.1413521323
28.1287133153
28.2206652848
28.1785210544
28.1374147915
28.131056378
28.0975060885
28.1039597529
28.1503624399
28.1867861703
28.1876593591
28.1789183657
28.1795278989
28.1736618767
28.1984007007
28.2793766241
27.9198853625
27.966903453
28.2726684511
28.2934585445
27.5809140154
27.9669900875
27.9939463284
27.6708172599
27.6566255686
27.6642909404
27.6902307722
27.6597709491
27.516357002
27.5033278865
27.5523935091
27.5969209628
27.4133536535
27.1007253483
27.1577852382
27.4427168357
27.2919581493
27.3121429573
27.2776369008
27.1870071977
27.2114179676
27.2068131881
27.2490312767
27.3223824121
27.2851418726
27.2829270849
27.1756364292
27.1519468387
27.2098134063
27.2645185389
27.2043243044
27.1953678753
27.1625857958
27.1865300236
27.1840649477
27.192200126
27.1939668356
27.264056544
27.2344870716
27.2481092341
27.2749819114
27.2358240726
27.2221164608
27.2414535703
27.2939104553
27.3151367216
27.2891623166
27.3299314584
27.3441757834
27.2889335644
27.2948138605
27.2186909481
27.2111912079
27.2524584138
27.2325741257
27.2510714657
27.3100008155
27.3631357966
27.3595809228
27.2966206795
27.2354848699
27.2312142387
27.2607257745
27.2281315431
27.207109001
27.1815886852
27.2184872918
27.2308024115
27.2071426917
27.2504445712
27.3034943692
27.2238459671
27.2160944193
27.2326001184
27.2267331443
27.1864814888
27.2048479096
27.1781735497
27.2067156611
27.2108967874
27.2241158362
27.2074607222
27.1713054606
27.2083052464
27.1643107513
27.2052410167
27.2303251425
27.2097440498
27.2009749224
27.1228165588
27.1761953079
27.1995266128
27.2453595476
27.3210321318
27.3169411683
27.2469914356
27.2515703817
27.2061446289
27.2012752198
27.205538466
27.2823839001
27.2225978649
27.2097841298
27.1989735614
27.197592868
27.255732707
27.2339062756
27.2094773014
27.1762395985
27.1898547318
27.2019290539
27.2928956597
27.2744318846
27.2868269432
27.2006955377
27.2462933331
27.1760573734
27.2047691768
27.1332391468
27.3232242326
27.1208904391
27.1510185717
