1.08653 1.08608 1.08549
1.08495 1.086 1.0863
1.07947 1.08104 1.08246
1.08198 1.07602 1.07792
1.08122 1.07771 1.08035
1.09341 1.0825 1.08403
1.08064 1.08398 1.08
1.0883 1.08175 1.08452
1.0865 1.07895 1.08233
1.083 1.08396 1.08324
1.08329 1.07017 1.08287
1.07693 1.07735 1.07833
1.07901 1.07294 1.07868
1.0796 1.07785 1.07833
1.08341 1.08097 1.08138
1.08654 1.08157 1.08208
1.09169 1.08297 1.08127
1.08338 1.08464 1.0876
1.09032 1.08556 1.08523
1.08592 1.09493 1.09434
1.09263 1.09151 1.09351
1.09067 1.08449 1.08851
1.08778 1.08425 1.08379
1.06954 1.0756 1.07362
1.06492 1.07131 1.07204
1.06612 1.06667 1.06724
1.06041 1.05922 1.06008
1.05422 1.06065 1.06071
1.05998 1.05837 1.05496
1.06769 1.06877 1.06488
1.07179 1.06865 1.06689
1.05953 1.06955 1.07167
1.05963 1.07162 1.06814
1.06314 1.08033 1.07542
1.05051 1.0634 1.06217
1.07323 1.07167 1.07058
1.08822 1.07994 1.07686
1.0811 1.09537 1.09771
1.08061 1.09653 1.08562
1.08003 1.09315 1.09021
1.07655 1.08602 1.0838
1.08492 1.09832 1.09735
1.0866 1.09787 1.09773
1.06873 1.08509 1.08288
1.08397 1.09327 1.09227
1.07894 1.09478 1.09017
1.06781 1.07888 1.07475
1.07632 1.09608 1.0929
1.09647 1.10809 1.10353
1.07665 1.08767 1.08534
1.10428 1.13532 1.13349
1.09155 1.10994 1.11088
1.08015 1.0882 1.0854
1.08582 1.10124 1.09798
1.08968 1.09543 1.091
1.07184 1.08793 1.0827
1.0635 1.07397 1.07147
1.08266 1.07244 1.07406
1.06833 1.09472 1.08847
1.0882 1.10071 1.09961
1.079 1.10284 1.10226
1.05061 1.07551 1.06805
1.06086 1.07879 1.07711
1.06511 1.08051 1.08274
1.04332 1.06935 1.06044
1.0556 1.07804 1.07309
1.05949 1.07519 1.07711
1.04447 1.06839 1.06283
1.08106 1.08429 1.08268
1.06252 1.08215 1.08057
1.04933 1.07277 1.06824
1.06654 1.09187 1.08547
1.06653 1.08738 1.08059
1.05365 1.07849 1.07238
1.07515 1.0939 1.08811
1.06892 1.08252 1.0822
1.06752 1.07646 1.07353
1.06528 1.0722 1.07051
1.07492 1.07943 1.0747
1.0741 1.08953 1.08183
1.07772 1.09534 1.09077
1.08754 1.09631 1.09402
1.09498 1.09797 1.09232
1.09632 1.11469 1.11222
1.1097 1.12048 1.11926
1.09892 1.12165 1.11514
1.11994 1.14052 1.13933
1.12624 1.14156 1.1397
1.10777 1.13188 1.13348
1.10588 1.13412 1.13334
1.1131 1.13823 1.13586
1.0915 1.11121 1.11163
1.09456 1.12391 1.11781
1.10532 1.13267 1.12588
1.08534 1.11252 1.10486
1.09469 1.13019 1.12229
1.11228 1.14468 1.13318
1.09045 1.12506 1.11232
1.11175 1.14434 1.13725
1.12494 1.16051 1.14633
1.10272 1.13322 1.1222
1.12878 1.15514 1.1454
1.13299 1.16892 1.1573
1.1067 1.13817 1.13032
1.12664 1.15573 1.14886
1.13901 1.16444 1.15753
1.11685 1.13221 1.13514
1.1211 1.14094 1.13119
1.12086 1.13679 1.13405
1.09452 1.12142 1.11668
1.1125 1.13354 1.12662
1.10983 1.14068 1.13016
1.07863 1.11067 1.10272
1.10022 1.11274 1.11764
1.10289 1.13541 1.12198
1.12163 1.15599 1.14306
1.0929 1.12478 1.11316
1.10331 1.12546 1.11455
1.11356 1.14335 1.13033
1.13483 1.16326 1.15204
1.15373 1.18366 1.16994
1.17143 1.19643 1.19189
1.18293 1.20664 1.19974
1.1884 1.22226 1.2117
1.19167 1.2173 1.20871
1.20737 1.22438 1.22791
1.2191 1.24092 1.23971
1.23561 1.25299 1.25224
1.24301 1.2644 1.26347
1.25202 1.28329 1.27553
1.261 1.29227 1.2837
1.23631 1.26075 1.25305
1.24331 1.26759 1.26409
1.25188 1.29288 1.2769
1.2661 1.29897 1.28922
1.27278 1.30602 1.30027
1.29566 1.32546 1.32083
1.30165 1.33366 1.3327
1.32048 1.353 1.34635
1.32957 1.34206 1.36085
1.31876 1.35545 1.34312
1.32198 1.3563 1.35225
1.33853 1.34806 1.36562
1.34758 1.35743 1.37306
1.33225 1.34162 1.35666
1.33733 1.34608 1.35901
1.32345 1.35253 1.34526
1.32701 1.33341 1.3491
1.33383 1.33975 1.35293
1.31082 1.33769 1.33296
1.31994 1.35803 1.34459
1.32516 1.33623 1.34996
1.31131 1.34816 1.33986
1.31834 1.35261 1.34522
1.33352 1.34793 1.36033
1.3454 1.35286 1.36587
1.33359 1.33793 1.35501
1.32066 1.35255 1.34258
1.34125 1.33995 1.35526
1.35266 1.35538 1.36828
1.34045 1.34321 1.35828
1.34255 1.35188 1.36502
1.33057 1.33542 1.35248
1.34271 1.34196 1.35958
1.31835 1.35018 1.33983
1.33247 1.34934 1.34717
1.33572 1.33705 1.35593
1.3485 1.35034 1.36405
1.33 1.36289 1.34971
1.31214 1.33472 1.32801
1.31013 1.34385 1.33377
1.33818 1.33818 1.34344
1.3394 1.3394 1.34475
1.34741 1.33454 1.35278
1.31275 1.34752 1.33581
1.31664 1.32477 1.34318
1.30111 1.32182 1.32682
1.31299 1.31912 1.33289
1.30045 1.32061 1.31827
1.30472 1.3295 1.32309
1.30626 1.31805 1.32818
1.30451 1.30885 1.31936
1.31284 1.31263 1.325
1.31672 1.32147 1.3297
1.30823 1.31748 1.3235
1.30483 1.30871 1.32797
1.3097 1.30864 1.33209
1.29333 1.29995 1.30159
1.28548 1.29257 1.30488
1.27136 1.29267 1.29045
1.28137 1.27867 1.29695
1.28603 1.2818 1.27856
1.27512 1.27861 1.28762
1.2738 1.2746 1.29393
1.25499 1.25456 1.26823
1.25458 1.26117 1.27152
1.25982 1.25597 1.26059
1.2562 1.2683 1.26764
1.28422 1.26732 1.27446
1.27907 1.27625 1.26867
1.28555 1.28193 1.28395
1.27654 1.28995 1.28513
1.28525 1.28758 1.2954
1.28959 1.29314 1.3006
1.28156 1.29718 1.29241
1.27933 1.28778 1.29619
1.28661 1.28535 1.28505
1.27376 1.29607 1.28803
1.29042 1.29962 1.3039
1.28864 1.29642 1.30713
1.28063 1.29509 1.29329
1.28241 1.29958 1.29645
1.2884 1.28805 1.30556
1.29424 1.29293 1.30978
1.29792 1.29592 1.28595
1.2778 1.2917 1.28828
1.27823 1.28521 1.27423
1.28074 1.30366 1.29407
1.27737 1.30098 1.29792
1.29601 1.31169 1.3072
1.29879 1.29794 1.31094
1.30321 1.30225 1.29281
1.28067 1.30257 1.2955
1.31027 1.31016 1.31067
1.30928 1.31317 1.31581
1.3002 1.305 1.31581
1.30473 1.30493 1.31797
1.30575 1.30461 1.31994
1.30288 1.29711 1.29987
1.2951 1.30408 1.30177
1.30297 1.30364 1.30778
1.28952 1.29279 1.30544
1.29086 1.30611 1.30758
1.30513 1.30312 1.30848
1.29739 1.2991 1.31031
1.298 1.2892 1.29478
1.28192 1.29408 1.29807
1.2816 1.28211 1.29523
1.28819 1.28604 1.29792
1.2865 1.28825 1.28271
1.28384 1.28347 1.28523
1.28002 1.28714 1.28585
1.28496 1.28241 1.28925
1.27992 1.28217 1.28119
1.27865 1.28408 1.28414
1.27407 1.2759 1.27638
1.27859 1.28231 1.27804
1.27772 1.28198 1.28052
1.2785 1.28646 1.28819
1.28439 1.27759 1.29229
1.28465 1.28411 1.27428
1.2818 1.28866 1.27642
1.28471 1.2852 1.29726
1.2888 1.28858 1.30114
1.27558 1.2795 1.28663
1.28472 1.28657 1.28764
1.28213 1.28113 1.28533
1.28265 1.28585 1.28713
1.28357 1.27654 1.28825
1.29262 1.27782 1.2916
1.2814 1.28122 1.27413
1.28603 1.28184 1.27598
1.28255 1.2797 1.28663
1.28364 1.27905 1.29054
1.28388 1.27834 1.27583
1.28152 1.28222 1.28211
1.28256 1.28243 1.28528
1.27792 1.28352 1.28912
1.28306 1.2831 1.28338
1.28638 1.27802 1.28502
1.27647 1.27865 1.28664
1.28314 1.27618 1.27459
1.27696 1.27472 1.27986
1.28128 1.28387 1.28255
1.28182 1.28381 1.28827
1.28078 1.28142 1.29215
1.28616 1.29021 1.27868
1.28312 1.283 1.29682
1.28261 1.28511 1.29951
1.27579 1.28168 1.28241
1.27798 1.27428 1.28448
1.27668 1.2714 1.27024
1.28165 1.27788 1.27248
1.27308 1.27818 1.28856
1.27624 1.28692 1.27812
1.2795 1.28893 1.28245
1.28984 1.28177 1.29345
1.28655 1.28896 1.29748
1.27761 1.28471 1.28949
1.27263 1.28482 1.27457
1.28313 1.27401 1.27403
1.26713 1.27395 1.27486
1.26853 1.26954 1.27855
1.26972 1.27707 1.26765
1.27186 1.27047 1.26918
1.265 1.27275 1.27705
1.27393 1.27985 1.27336
1.26171 1.27659 1.27524
1.27056 1.27146 1.28027
1.26697 1.27405 1.28348
1.27699 1.27428 1.26264
1.27774 1.27473 1.28246
1.27179 1.28029 1.28586
1.26623 1.26376 1.28041
1.26353 1.27434 1.28233
1.26605 1.2753 1.27429
1.26632 1.27117 1.27765
1.25892 1.27122 1.26369
1.2738 1.28355 1.27726
1.26849 1.26497 1.28108
1.27087 1.2687 1.26113
1.27516 1.27149 1.2632
1.26446 1.26505 1.27876
1.27051 1.27134 1.2825
1.27378 1.27716 1.2674
1.2658 1.28108 1.28378
1.27285 1.27161 1.28785
1.27354 1.26558 1.26738
1.26213 1.27534 1.26902
1.26987 1.26481 1.26033
1.26702 1.27547 1.27027
1.27088 1.28151 1.27379
1.27599 1.27729 1.28902
1.2763 1.28999 1.29217
1.2822 1.28311 1.29301
1.27878 1.26794 1.282
1.26786 1.26698 1.28431
1.25895 1.2694 1.26184
1.25999 1.27296 1.26468
1.26993 1.27378 1.28072
1.27522 1.27855 1.28428
1.27938 1.27375 1.27467
1.27457 1.27343 1.27537
1.26746 1.27512 1.27711
1.26957 1.26964 1.27592
1.27834 1.27422 1.27871
1.27575 1.27307 1.28272
1.27133 1.2777 1.27127
1.2726 1.26816 1.27314
1.27064 1.27139 1.26848
1.26933 1.28199 1.27171
1.27993 1.28153 1.29043
1.27781 1.27511 1.27921
1.27376 1.27745 1.28249
1.27296 1.2737 1.27642
1.27551 1.2719 1.27848
1.27402 1.27857 1.27055
1.2707 1.27216 1.27295
1.27541 1.27166 1.27057
1.27737 1.27542 1.27428
1.27442 1.27378 1.27676
