1.08199 1.08608 1.08549
1.07595 1.07424 1.08038
1.08009 1.07626 1.07719
1.08391 1.07667 1.07625
1.0836 1.08076 1.07982
1.07328 1.06918 1.07149
1.07527 1.06772 1.06806
1.08574 1.07083 1.07778
1.07178 1.06927 1.06925
1.07355 1.07366 1.07062
1.08436 1.07664 1.0771
1.07744 1.08167 1.07965
1.0851 1.07744 1.07792
1.0891 1.07741 1.07818
1.07552 1.06998 1.07174
1.06918 1.07024 1.06903
1.07389 1.06741 1.06746
1.07769 1.06724 1.06895
1.07974 1.07357 1.07297
1.0799 1.07476 1.07762
1.08703 1.07485 1.07623
1.08453 1.0719 1.07381
1.08718 1.08159 1.08399
1.08428 1.07988 1.07783
1.06699 1.07299 1.07041
1.06221 1.06319 1.06167
1.05995 1.06129 1.0588
1.05954 1.05792 1.05716
1.08171 1.06789 1.06625
1.08621 1.07072 1.06867
1.05691 1.07429 1.0709
1.0627 1.05688 1.05759
1.05313 1.06758 1.06187
1.07236 1.07055 1.06724
1.08712 1.07883 1.08128
1.06305 1.09033 1.08314
1.08062 1.09056 1.08461
1.06466 1.08034 1.07857
1.07748 1.08498 1.08143
1.06945 1.08739 1.0809
1.0626 1.0714 1.06762
1.06818 1.07899 1.07613
1.06148 1.07809 1.07266
1.05579 1.06222 1.06172
1.06287 1.08171 1.07967
1.0863 1.08745 1.08511
1.06648 1.07364 1.07094
1.08146 1.11423 1.10693
1.09349 1.10146 1.09751
1.07827 1.09017 1.08843
1.07762 1.09654 1.09101
1.08304 1.09023 1.08705
1.07696 1.09349 1.08937
1.09354 1.10255 1.09679
1.08238 1.11072 1.09853
1.05509 1.07447 1.07376
1.06122 1.07638 1.07609
1.06959 1.0724 1.07809
1.07921 1.06997 1.06587
1.08739 1.07443 1.07443
1.06663 1.08263 1.07634
1.05314 1.06336 1.06291
1.05587 1.07845 1.07288
1.05944 1.08016 1.07396
1.0682 1.06611 1.06161
1.06303 1.08666 1.08002
1.08085 1.08195 1.07708
1.08753 1.0897 1.09082
1.07916 1.09226 1.09203
1.07622 1.09833 1.09421
1.05824 1.08109 1.07438
1.07846 1.10121 1.09334
1.09336 1.09747 1.09324
1.07921 1.10452 1.10085
1.11767 1.11404 1.10987
1.11138 1.11731 1.11016
1.10251 1.11873 1.11383
1.1113 1.13213 1.12374
1.11218 1.13275 1.12502
1.11356 1.10613 1.10816
1.11959 1.1112 1.10917
1.10369 1.12496 1.12006
1.10022 1.10476 1.10091
1.10247 1.1093 1.1068
1.12638 1.12175 1.11743
1.11092 1.10525 1.10276
1.11956 1.1644 1.14188
1.11739 1.14295 1.13742
1.1063 1.13738 1.13221
1.12545 1.14106 1.13016
1.109 1.12016 1.11504
1.10235 1.11656 1.11537
1.13689 1.11827 1.1189
1.13777 1.12716 1.12394
1.13616 1.15243 1.14725
1.13748 1.17023 1.15896
1.14755 1.16665 1.16693
1.12221 1.14584 1.14602
1.12238 1.15358 1.15
1.15976 1.16401 1.15562
1.15004 1.17716 1.16881
1.19973 1.19744 1.1852
1.20611 1.18545 1.18853
1.21966 1.21982 1.21777
1.21486 1.2286 1.22266
1.20358 1.21722 1.22553
1.17486 1.20031 1.19495
1.18346 1.20762 1.20665
1.19069 1.22272 1.2153
1.16625 1.19151 1.18921
1.17566 1.20552 1.19893
1.18233 1.21123 1.20659
1.15839 1.19224 1.18299
1.18969 1.19532 1.20115
1.17853 1.20968 1.20536
1.20495 1.22714 1.21659
1.1921 1.212 1.20614
1.19551 1.21225 1.20768
1.19968 1.20702 1.21418
1.18491 1.20692 1.20241
1.18839 1.21749 1.20986
1.20463 1.22889 1.21921
1.22513 1.2458 1.23578
1.24259 1.26723 1.25801
1.27219 1.28785 1.28055
1.27937 1.30269 1.30085
1.28883 1.31724 1.30918
1.29978 1.33562 1.32876
1.32736 1.35229 1.34967
1.34335 1.34922 1.36798
1.33056 1.35715 1.35443
1.30015 1.33838 1.32951
1.31794 1.34361 1.33919
1.33524 1.34153 1.36073
1.32274 1.35584 1.34757
1.34658 1.35076 1.3719
1.32255 1.36096 1.3545
1.3422 1.34773 1.36787
1.32912 1.36077 1.3538
1.33643 1.34862 1.36733
1.359 1.36534 1.38138
1.3449 1.35219 1.37133
1.3276 1.3363 1.35458
1.31324 1.34351 1.33843
1.32948 1.33793 1.35526
1.34833 1.35062 1.36819
1.33252 1.32914 1.35421
1.34417 1.34577 1.36476
1.31872 1.35918 1.34866
1.29009 1.32294 1.31428
1.29477 1.32874 1.31817
1.32896 1.3527 1.34346
1.32958 1.33346 1.35186
1.31042 1.34211 1.33338
1.32136 1.34012 1.33852
1.32731 1.33488 1.34675
1.32084 1.34621 1.33768
1.34594 1.3599 1.3493
1.35424 1.35971 1.37767
1.36385 1.37052 1.38884
1.34834 1.35084 1.37101
1.32215 1.3545 1.34669
1.3297 1.33852 1.35183
1.32081 1.34922 1.34156
1.32139 1.35935 1.34696
1.35033 1.35836 1.37194
1.33394 1.34141 1.35708
1.34373 1.34456 1.36116
1.35053 1.34924 1.36733
1.32547 1.33714 1.34842
1.31505 1.34035 1.33882
1.32521 1.33593 1.34617
1.3313 1.33714 1.35369
1.33999 1.33895 1.33664
1.34908 1.35387 1.34431
1.34408 1.35013 1.3647
1.35959 1.36066 1.37227
1.34754 1.35689 1.36131
1.35194 1.35367 1.3671
1.34669 1.34669 1.35025
1.34325 1.34309 1.35668
1.3494 1.34342 1.33874
1.35691 1.35511 1.34457
1.34586 1.34476 1.36645
1.35523 1.35938 1.37214
1.34384 1.33976 1.35562
1.34217 1.34417 1.33503
1.34847 1.34133 1.34001
1.35749 1.36504 1.34962
1.35209 1.35209 1.35524
1.35267 1.34006 1.35581
1.3413 1.35227 1.35532
1.3455 1.35699 1.36027
1.34514 1.34461 1.36048
1.36251 1.35199 1.36563
1.34593 1.34593 1.34971
1.35071 1.35071 1.35438
1.35083 1.35083 1.35424
1.35113 1.339 1.35461
1.34455 1.34567 1.3599
1.35395 1.35699 1.34457
1.35965 1.36228 1.34955
1.35855 1.3577 1.37482
1.36486 1.36302 1.38167
1.34292 1.34356 1.35859
1.34528 1.34825 1.36271
1.35142 1.3546 1.3451
1.35832 1.35907 1.35031
1.35581 1.35364 1.36972
1.33415 1.33666 1.3532
1.34454 1.34475 1.35743
1.36099 1.34858 1.34317
1.33431 1.35178 1.34562
1.3425 1.34654 1.35938
1.34977 1.34858 1.36379
1.34185 1.3529 1.34377
1.3424 1.342 1.34081
1.34036 1.34793 1.3441
1.35198 1.34843 1.34768
1.35296 1.36006 1.3522
1.34346 1.34571 1.35589
1.35569 1.35365 1.34213
1.35791 1.35806 1.34465
1.35589 1.35899 1.37071
1.35213 1.35213 1.35381
1.35378 1.35378 1.35515
1.3541 1.3541 1.35559
1.35663 1.35663 1.3581
1.35712 1.35712 1.35845
1.35733 1.35733 1.35867
1.35997 1.35997 1.36154
1.36006 1.34973 1.36187
1.363 1.35331 1.36437
1.35932 1.3604 1.34677
1.35535 1.35371 1.36671
1.3603 1.36121 1.34895
1.36409 1.3662 1.3516
1.36216 1.36677 1.37936
1.36636 1.37114 1.38303
1.3563 1.35622 1.36661
1.3634 1.36365 1.35221
1.36451 1.36307 1.35266
1.36106 1.36602 1.37505
1.36361 1.36361 1.36484
1.3663 1.3663 1.36749
1.36625 1.36625 1.36761
1.36919 1.36919 1.37037
1.36926 1.36926 1.37062
1.36933 1.36933 1.37075
1.37152 1.37152 1.37288
1.372 1.372 1.37286
1.37238 1.37238 1.37325
1.37427 1.37427 1.37564
1.3746 1.3746 1.37582
1.37495 1.37495 1.37616
1.37704 1.37704 1.37825
1.36819 1.37731 1.37841
1.37927 1.37035 1.38049
1.36418 1.36418 1.36548
1.36538 1.36538 1.36656
1.36561 1.36561 1.36718
1.36554 1.36554 1.36686
1.36584 1.36584 1.36743
1.36888 1.36888 1.36959
1.36881 1.36881 1.37
1.37126 1.37126 1.37208
1.37192 1.37192 1.37295
1.3721 1.3721 1.37261
1.37213 1.37213 1.37311
1.37346 1.37346 1.37428
1.37376 1.37376 1.37464
1.36565 1.3759 1.37675
1.36639 1.36635 1.37718
1.36133 1.36133 1.36283
1.36332 1.36332 1.36451
1.36336 1.36336 1.36475
1.36515 1.36515 1.36611
1.36541 1.36541 1.3665
1.36573 1.36573 1.36666
1.36542 1.36542 1.36666
1.36761 1.36761 1.36857
1.36795 1.36795 1.3689
1.36995 1.36995 1.37084
1.37253 1.37253 1.37309
1.37244 1.37244 1.37328
1.37271 1.37271 1.37356
1.37286 1.36344 1.37335
1.37475 1.37475 1.37544
1.3676 1.36716 1.377
1.36168 1.36168 1.36237
1.36075 1.36075 1.36146
1.36224 1.36224 1.36296
1.36281 1.36281 1.36352
1.36283 1.36283 1.36355
1.36462 1.36462 1.36522
1.36501 1.36501 1.36572
1.36507 1.36507 1.36579
1.36672 1.36672 1.36745
1.36717 1.36717 1.36774
1.36879 1.36879 1.3696
1.36923 1.36923 1.36991
1.37091 1.37091 1.37148
1.37119 1.37119 1.37186
1.37123 1.37123 1.3719
1.37294 1.37294 1.37385
1.37341 1.37341 1.37396
1.375 1.375 1.37562
1.37519 1.37519 1.37609
1.37513 1.37513 1.37562
1.37607 1.37607 1.37648
1.37637 1.37637 1.37692
1.37816 1.37816 1.37873
1.37859 1.37859 1.37912
1.3786 1.3786 1.37918
1.37982 1.37982 1.38052
1.3804 1.3804 1.38103
1.38055 1.38055 1.38116
1.38228 1.38228 1.38316
1.38208 1.38208 1.38276
1.38303 1.38303 1.38387
1.38403 1.38403 1.38488
1.38509 1.38509 1.38586
1.38642 1.38642 1.38726
1.3867 1.3867 1.38741
1.38611 1.38611 1.38663
1.38692 1.38692 1.38778
1.38806 1.38806 1.38898
1.3908 1.3908 1.39168
1.39238 1.39238 1.39333
1.39422 1.39422 1.39516
1.39443 1.39443 1.39548
1.39456 1.39456 1.39563
1.39489 1.39489 1.39588
1.39687 1.39687 1.39797
1.3973 1.3973 1.39838
1.3994 1.3994 1.40048
1.39974 1.39974 1.40085
1.40003 1.40003 1.40104
1.40204 1.40204 1.40243
1.4023 1.4023 1.40283
1.40383 1.40383 1.40446
1.40421 1.40421 1.40463
1.40442 1.40442 1.40478
1.40541 1.40541 1.40581
1.40565 1.40565 1.40606
1.40686 1.40686 1.40754
1.40714 1.40714 1.40791
1.40732 1.40732 1.40802
1.40748 1.40748 1.4081
1.40894 1.40894 1.40988
1.41073 1.41073 1.41217
