89.7869337735
89.777904281
89.7930170373
89.7880111827
89.7695061924
89.755358561
89.7610903821
87.3920681936
84.9092550643
84.3415549496
83.3521538162
82.5283636625
82.5253290839
82.5385894188
82.5393039969
82.5225906679
82.5406952322
82.5544920349
82.5637051217
82.5713258505
82.5798781683
82.583886288
82.5837780876
82.5952026905
81.7348520144
79.4456282951
77.3539532615
77.0810949844
76.248380207
75.3949040466
75.4335105751
75.4042704188
75.3943948016
75.3997239923
75.4497931504
75.4959118522
75.462945307
75.523635062
75.5269832151
75.5125469516
75.5543218462
73.9330059277
75.5513114844
73.3742911501
72.4854497339
71.4983575071
70.0648648245
68.8559502782
68.8714532588
68.8470937945
68.8283239194
68.8936709408
68.8679272254
68.8511004951
68.8100609761
68.9260241961
68.9630078836
68.9385197637
68.9675069068
68.975771328
68.9564095479
66.1328114961
64.5505601726
64.5624451529
62.3044454704
62.3010358937
62.3065466005
62.2512723068
62.193477427
62.2001593464
62.177825407
62.1949803647
62.2330927814
62.2351194027
62.2759562162
62.2904324712
62.328712525
62.3295462246
61.4881212242
60.3728843472
59.0468206184
59.2386806175
58.3881268199
56.5628816118
56.1125366587
55.6585987464
55.5869558346
55.6681146151
55.5762445724
55.5764737817
55.6514871816
55.6731113527
55.7538379872
55.7996659099
55.0830509054
53.4672510355
54.0294678492
53.405322476
52.9891459071
53.0073322416
52.1282537341
50.7504039183
50.7881701956
49.7184271217
49.3324753123
49.3676671808
49.4046924045
49.437704011
49.4274966385
49.3806280185
49.5224278674
49.5393524785
49.5102218292
49.5661475576
49.0452767284
49.6394507475
48.7498655128
48.0509580563
47.1972868625
46.0225952016
45.2420688784
44.7962969783
44.2261495682
44.2378653777
44.1860248761
44.3584307693
44.4293711736
43.7443717104
43.003303583
41.8985500083
42.3112397837
42.1831709301
41.6103536617
41.3617919041
40.1489829981
39.6722813976
39.464652729
39.4088814249
38.9618606036
39.0751306471
38.8292485904
38.3904412512
38.9528945035
37.8894330319
37.4816588399
37.5136336326
36.7849223787
36.5757894751
36.6289460725
36.5522385379
35.9123473086
35.3542608377
34.9760888356
34.6659347414
34.4372169463
34.4214211576
34.1842681841
33.7969937961
33.7901520577
33.274738776
33.4981097271
32.9065621717
32.3226759886
32.8095867103
32.3348347134
32.6263319052
32.1060351597
32.7616175971
32.8418219676
32.5906845643
32.8396469319
32.4596166165
32.1766751408
31.9227437517
32.2070641986
31.9187051007
31.9125933412
32.0203591994
31.8747294854
31.8139147467
31.2144914411
30.2181585987
30.6157702959
30.7451362886
30.5030203405
30.5892493404
30.3209307105
30.3107114742
30.111209788
30.4936972985
30.2408508325
30.1492221855
30.2203935656
30.0597678014
30.0642950399
29.9504345926
29.8826149021
29.5337953416
29.6180281409
29.4521502356
29.2516244586
29.176494222
29.1898424237
29.2140902493
29.1476314185
28.973235744
28.6316711302
28.8359947218
28.6439063369
28.6820148394
28.9956121313
28.5951870266
28.7071483363
28.6791999236
28.7253340305
28.5344034419
28.4789853638
28.345287796
28.338175675
28.338167003
28.3679224467
28.3280263277
28.3400603933
28.3148571052
28.2814705907
28.3186286334
28.301655421
28.3465031694
28.31472252
28.3112041292
28.2463911723
28.3807398469
28.364422816
28.2869038337
28.2492407868
28.260725985
28.2464352158
28.292835006
28.3118261654
28.3098848627
28.2823085565
28.238604017
28.2176513714
28.2315926917
28.2423385909
28.2018959504
28.1644314404
28.1421497249
28.1478439728
28.1206961731
28.1826682386
28.1634420372
28.1103175865
28.1063429751
28.2152402912
28.1399834682
28.2012396613
28.1583365209
28.2237287175
28.19984337
28.2901504936
28.2521009547
28.3011654436
28.356805248
28.2870653857
28.2191832556
28.3901906676
28.4144419132
28.4804470402
28.5203351245
28.6539488674
28.634900083
28.6175342779
28.615615731
28.2655311062
28.7036586893
28.6210243453
28.7032688772
28.2906806115
28.6776719539
28.6551412623
28.3356220375
28.3234671294
28.2627941124
28.2239398151
28.3950592287
28.3562937287
28.0544778495
28.2562568312
28.1172573234
27.8096010019
27.8008314771
27.7752533989
27.7872531433
27.687635176
27.8187839796
27.6778298697
27.7246038593
27.7017927504
27.7673703074
27.6465367537
27.4621714382
27.5001622553
27.5128869238
27.6327745755
27.50529434
28.1250683944
28.1107109032
27.6167531282
27.5117308531
27.5002557766
27.5041487145
27.3426387227
27.6323206278
27.6663833037
27.514821881
27.5063499811
27.5185101617
27.5227614609
27.3681147789
27.5827368526
27.3749376665
27.3245456297
27.5077017563
27.6343824384
27.3522710613
27.3209214014
27.5392893202
27.5114170791
27.3306979083
27.8846783347
28.1615310446
27.6192855637
27.4951717932
27.7774832232
27.7621893679
27.4827960595
27.8224605403
27.6511612872
27.5101799026
27.3757157757
27.3308413554
27.6678168327
27.6740946031
27.5037428208
27.3852654508
27.6820598665
27.5186242054
27.3162687272
27.3234587841
27.3518015165
