0.00293623 0.00327101 0.00283649
0.00308181 0.00314409 0.00327377
0.00284904 0.00287903 0.00287867
0.00311153 0.0028523 0.00282205
0.00314465 0.00351578 0.00350722
0.00365519 0.00304763 0.00307406
0.00331397 0.00338219 0.00332134
0.00320297 0.00319715 0.00315182
0.00319045 0.00317824 0.00314569
0.00315876 0.003135 0.00306552
0.00319639 0.0032667 0.00310676
0.00316478 0.00307899 0.00304451
0.00308422 0.00303403 0.00292173
0.00317087 0.00332129 0.00328678
0.00308654 0.00314885 0.00318448
0.00297249 0.00315336 0.0031756
0.00318859 0.00324765 0.00314563
0.00300056 0.00291358 0.00284279
0.0028138 0.00280704 0.00271193
0.00289387 0.00278122 0.00297134
0.00310482 0.0028813 0.00272254
0.00275661 0.00299416 0.00282808
0.00316576 0.00314703 0.00294145
0.00323625 0.00315263 0.00324611
0.00289386 0.00294368 0.00271505
0.00294448 0.00304592 0.00306204
0.00316299 0.00286706 0.0030202
0.0033311 0.00320537 0.0032074
0.00331113 0.0032874 0.0032541
0.00315809 0.00317013 0.00291961
0.00323785 0.00314655 0.00330198
0.00327581 0.00338407 0.00337194
0.00313721 0.00314615 0.0029893
0.00292789 0.00307396 0.00287095
0.00295556 0.00304256 0.00302073
0.00293212 0.00280652 0.00281449
0.00298045 0.00284838 0.00291532
0.00296153 0.00298046 0.00299244
0.00273806 0.00276031 0.0027656
0.00267487 0.00271963 0.00269183
0.00299061 0.00277094 0.00284794
0.00313164 0.00288135 0.00294038
0.00301439 0.00268904 0.0030663
0.00306844 0.00317674 0.00306865
0.00317467 0.00277417 0.00305772
0.00287627 0.00300213 0.00300857
0.00275714 0.00282485 0.00261565
0.0025838 0.00251302 0.00272148
0.00271002 0.00273949 0.00262407
0.00300242 0.00292667 0.00316303
0.0028655 0.00319621 0.00320673
0.00280065 0.00271076 0.00255556
0.00274913 0.0028435 0.00280093
0.00281166 0.00270961 0.00256639
0.002778 0.00259274 0.0026709
0.0029468 0.00274323 0.00275552
0.00262088 0.00252939 0.00255166
0.00273767 0.00254029 0.00256137
0.00266701 0.00270708 0.00270292
0.00300381 0.00328475 0.00300311
0.00283865 0.00292121 0.00277618
0.00271774 0.00280236 0.00274261
0.00259255 0.00269229 0.00266609
0.00279998 0.0027987 0.00312286
0.0026924 0.00328285 0.00288057
0.00251446 0.0027264 0.002645
0.00272617 0.00277893 0.00275592
0.00233965 0.00235197 0.00233988
0.00239185 0.00264387 0.00265898
0.00204186 0.00218209 0.002272
0.00256927 0.00259971 0.0026916
0.00238336 0.00251788 0.00249998
0.00230403 0.00261455 0.00259267
0.00229554 0.00239547 0.00236458
0.00218403 0.00222446 0.00209167
0.00237187 0.00257297 0.00234822
0.0020957 0.00207477 0.00209981
0.00213924 0.00259306 0.00225665
0.00238456 0.0025776 0.00261802
0.00201495 0.00203901 0.00203276
0.00188147 0.00201561 0.00197193
0.00195001 0.00193179 0.00197487
0.00197719 0.00209077 0.00196253
0.00209065 0.00205461 0.0020227
0.0022417 0.0023112 0.00205902
0.00205933 0.00229115 0.00210089
0.00193207 0.00199043 0.00203513
0.00237184 0.00250433 0.00232497
0.00212158 0.00213725 0.00210848
0.00183749 0.00224931 0.00198422
0.00203024 0.00203739 0.00193789
0.00204063 0.00217352 0.0021954
0.0025 0.00267915 0.00268479
0.0026354 0.00270757 0.00263414
0.00246873 0.0025954 0.00224313
0.00213627 0.0027529 0.0021734
0.00223426 0.00253627 0.00252216
0.00203301 0.00217996 0.00210676
0.00191021 0.00205758 0.00182051
0.00201674 0.00225145 0.00198896
0.00205834 0.0019848 0.0019621
0.00206379 0.00207044 0.002023
0.00180002 0.00181861 0.00194932
0.00203366 0.00197025 0.0020291
0.0018473 0.00194671 0.0020354
0.00170464 0.00183473 0.00213866
0.00163466 0.00182015 0.00190494
0.00163347 0.00184697 0.00166861
0.00181308 0.00191378 0.00188737
0.0013868 0.0013603 0.00150869
0.00172858 0.00171732 0.00121428
0.00154378 0.00151536 0.00180463
0.00140754 0.0014273 0.00154068
0.00111368 0.00167416 0.00122381
0.000993263 0.000830251 0.00121505
0.00153219 0.00112941 0.00091311
0.00109933 0.000917396 0.00146448
0.00128285 0.00131556 0.00128814
0.00147595 0.00125788 0.0011824
0.00177596 0.00171478 0.00190103
0.00106304 0.00174595 0.0014632
0.00217581 0.00160079 0.00205827
0.0015146 0.00131419 0.00171442
0.00114152 0.00112073 0.00209693
0.00148337 0.00139962 0.00136531
0.000927113 0.00100003 0.000922451
0.000608261 0.00169538 0.0015831
0.0012622 0.00137928 0.00125484
0.00153629 0.00165723 0.00171468
0.00120496 0.00140845 0.00131292
0.0010751 0.00186986 0.00166263
0.00182194 0.00149582 0.00164421
0.00164704 0.00134065 0.00212082
0.00153373 0.00143111 0.000916355
0.000918906 0.00157275 0.00145434
0.0012472 0.00139516 0.00132709
0.00103676 0.00106155 0.00110743
0.00168676 0.00154715 0.00195485
0.00135479 0.00141689 0.00155823
0.00119096 0.00148261 0.00159299
0.00127181 0.00172848 0.00189268
0.0012334 0.00135082 0.00138508
0.00128163 0.00158626 0.00125954
0.00177698 0.00196996 0.00146591
0.00179116 0.00223729 0.00120841
0.0017191 0.00142649 0.00154996
0.00153587 0.00185045 0.00263338
0.00222264 0.00133931 0.00135821
0.0022291 0.00210855 0.00194801
0.00165586 0.00123698 0.00133212
0.00250567 0.00164434 0.00190561
0.000984043 0.00117869 0.0012015
0.00203909 0.00156625 0.00256568
0.00102891 0.00229939 0.00119719
0.00198679 0.00104914 0.00120391
0.00192137 0.00126661 0.00173348
0.00208434 0.00178127 0.00156705
0.00219552 0.00162337 0.00233667
0.00121124 0.00208817 0.00153907
0.00229154 0.00101903 0.00222773
0.00130895 0.00120008 0.00134261
0.00140522 0.00124319 0.00160113
0.000928461 0.00117839 0.00165776
0.00127356 0.00144759 0.00163135
0.00159838 0.00157566 0.00114433
0.001837 0.00201702 0.00204642
0.00193562 0.00143422 0.00142512
0.00164697 0.00183706 0.00284986
0.00200888 0.00161839 0.00223758
0.00140959 0.00113227 0.00119185
0.00121454 0.0018829 0.00187392
0.00135563 0.00119108 0.0012959
0.00115427 0.0012875 0.00138155
0.00143394 0.00118354 0.001441
0.000993287 0.00102869 0.00117308
0.00162829 0.00169008 0.0013077
0.00200207 0.00188582 0.00170763
0.0014085 0.00217314 0.00186723
0.00139505 0.00179754 0.00149268
0.00205958 0.00111262 0.00156499
0.00134328 0.00165255 0.00137484
0.00177692 0.00120256 0.00135605
0.00121862 0.00116895 0.00217468
0.00177508 0.00157978 0.00215741
0.00301413 0.00217507 0.00220738
0.00113769 0.00192088 0.00227844
0.00108879 0.001124 0.00156073
0.00269747 0.00150312 0.00239711
0.00196187 0.00191324 0.0020531
0.00106318 0.00103908 0.00119329
0.00205042 0.00176907 0.00163759
0.00221627 0.0010246 0.00181187
0.00254937 0.00187065 0.00236396
0.00182898 0.00249545 0.00285408
0.00230837 0.00156153 0.00210811
0.00187934 0.00185747 0.00220515
0.00105664 0.00153208 0.00223979
0.00089118 0.00108168 0.00116981
0.00173291 0.00165328 0.00114387
0.00177008 0.00156722 0.00205425
0.00150793 0.00234024 0.00247748
0.0019245 0.00180176 0.00190576
0.00134373 0.00135685 0.00146004
0.00157349 0.00124075 0.00160094
0.00193894 0.00179229 0.00228429
0.00143259 0.00178603 0.00223007
0.00159969 0.00194788 0.00164015
0.00192114 0.00208812 0.0018215
0.00115275 0.00114823 0.00128137
0.0013293 0.00156565 0.00140199
0.00130095 0.00211787 0.0016256
0.00231054 0.00210107 0.00231651
0.00291887 0.00187655 0.00180336
0.00246356 0.00142209 0.00133249
0.00222343 0.0019627 0.00263606
0.00186138 0.00223235 0.0026248
0.0012059 0.00137293 0.00140332
0.00153556 0.00126079 0.0012232
0.00214309 0.0011871 0.00205798
0.00142594 0.00141195 0.00167291
0.00260202 0.00240363 0.00197821
0.00190118 0.00281161 0.00221814
0.0023482 0.0021248 0.00259322
0.00229808 0.00165267 0.00219225
0.0021334 0.00197082 0.00240985
0.00277525 0.00243737 0.00183378
0.00197193 0.00248212 0.002435
0.00196098 0.00257969 0.00266156
0.00228818 0.00191738 0.00233491
0.00156926 0.00183705 0.00161571
0.0019809 0.00194026 0.00152186
0.00274548 0.00250797 0.00237387
0.00197396 0.002124 0.00281666
0.00289044 0.00115759 0.00203731
0.00199074 0.00274424 0.00299637
0.00144723 0.00182508 0.00169808
0.00264491 0.00265374 0.00170923
0.00286498 0.00241331 0.00187373
0.00285524 0.00307921 0.00299418
0.00182299 0.00305794 0.00295303
0.00242666 0.00207419 0.00284792
0.00205493 0.0017627 0.00129082
0.00237371 0.00289514 0.00227092
0.0018443 0.00197424 0.00295417
0.00233175 0.00221721 0.0022168
0.00215929 0.00163076 0.00153439
0.00383048 0.00281966 0.00295108
0.00265157 0.00224868 0.00227148
0.00240981 0.00297518 0.00265841
0.001919 0.00292748 0.00289791
0.00234129 0.00226947 0.00229409
0.00291403 0.00263306 0.00257201
0.00347877 0.00282238 0.00370417
0.00313029 0.00284976 0.00419396
0.00220596 0.00246985 0.00242929
0.0023262 0.00242619 0.00345828
0.00221005 0.00287733 0.00173695
0.00246939 0.00247089 0.00259321
0.00271166 0.00251085 0.00241625
0.00308741 0.00359204 0.00323831
0.00186126 0.00281264 0.0032613
0.00192932 0.00181876 0.00224139
0.00119088 0.00246778 0.00156282
0.00260396 0.00229839 0.00267232
0.00188087 0.002649 0.00258562
0.00202421 0.00240488 0.00246193
0.00189539 0.00203799 0.00157747
0.00147026 0.00152016 0.00171523
0.00292317 0.00230326 0.00308492
0.003229 0.00215308 0.00223475
0.00343309 0.00376577 0.00242578
0.00208355 0.00347303 0.00236382
0.00298567 0.00225702 0.00225974
0.0025538 0.00276897 0.0033806
0.0019524 0.00272228 0.00328643
0.00188998 0.00283488 0.00183508
0.00449992 0.00272741 0.0028024
0.00258285 0.0015941 0.00219267
0.00265444 0.00271033 0.00233998
0.00194425 0.00172402 0.00231194
0.00134693 0.0012481 0.00239617
0.00201586 0.00237381 0.00237193
0.00231035 0.00306087 0.00341854
0.00271455 0.00257248 0.00307558
0.00405614 0.00302788 0.00355836
0.00273884 0.00356725 0.00304816
0.00360372 0.0030943 0.00334204
0.00335326 0.00301172 0.00362665
0.00292917 0.00256177 0.00284346
0.00249087 0.0026028 0.00274068
0.00334497 0.00274361 0.00274882
0.00381614 0.00409139 0.00358013
0.00266679 0.00229197 0.00273785
0.00245711 0.00378161 0.00383224
0.00236308 0.00330518 0.00346448
0.00308384 0.00342732 0.00365858
0.00279123 0.00263089 0.00447044
0.00272721 0.00267554 0.00232499
0.00263477 0.00257646 0.00315149
0.00316881 0.00289478 0.00348554
0.00175424 0.00205663 0.00245253
0.00247057 0.00199468 0.00253425
0.00310955 0.00291702 0.00341529
0.00339768 0.00242041 0.00366452
0.00388932 0.00323044 0.00308968
0.00390295 0.00337868 0.00322217
0.00285131 0.001931 0.00247298
0.00265818 0.00258137 0.00231119
0.00204606 0.00291148 0.00270344
0.00311363 0.00342211 0.00279283
0.0025828 0.0028847 0.00278891
0.00232503 0.00232527 0.00247034
0.00400841 0.00201771 0.0021952
0.00310514 0.00319718 0.00330838
0.00327011 0.00359932 0.00345399
0.00313375 0.00341642 0.00312457
0.0032591 0.00309977 0.00374236
0.0030525 0.00270719 0.00232089
0.00251197 0.0022932 0.00233886
0.002883 0.00323106 0.00383917
0.00394018 0.00290499 0.00316638
0.00445997 0.00331128 0.00373223
0.00291798 0.00297532 0.00306092
0.00360946 0.00368534 0.00424451
0.00321298 0.00339243 0.00373454
0.00362603 0.00297812 0.00290956
0.00382022 0.00355961 0.0039446
0.00280739 0.00242539 0.00331508
0.00246046 0.00263794 0.00292304
0.0025228 0.00349871 0.00399282
0.0028221 0.00360927 0.00361061
0.00332408 0.00326063 0.00380917
0.00324146 0.00364542 0.00359061
0.00313015 0.00207988 0.00241954
0.00327625 0.0039506 0.00335457
0.00378036 0.00346394 0.00443859
0.00381085 0.0037837 0.00431171
0.0028417 0.00293478 0.00292414
0.0040293 0.00324906 0.00323014
0.00280282 0.00438595 0.00427452
0.00331776 0.00365106 0.00377288
0.00327025 0.00314984 0.00402859
0.00335578 0.00428409 0.0042503
0.00292542 0.0034596 0.00454496
0.00323099 0.00369491 0.00402852
0.00291233 0.00440652 0.00428248
0.0030869 0.00278724 0.0039879
0.00300922 0.0034417 0.00344444
0.00356236 0.00297329 0.00299127
0.00372409 0.00377052 0.00373311
0.00372003 0.0031586 0.00316772
0.00390084 0.00457103 0.00453804
0.00504529 0.00335907 0.00416822
0.0036629 0.00439959 0.00446296
0.00315605 0.0031628 0.00238037
0.00299926 0.00308413 0.00229209
0.00354993 0.00313108 0.00325889
0.00271688 0.00333818 0.00385855
0.00298285 0.00363998 0.00336492
0.00239022 0.00316413 0.00330143
0.00450328 0.00375333 0.00430089
0.00255822 0.00364675 0.00215111
0.00387475 0.00242439 0.00356939
0.0031937 0.00251523 0.00245686
0.00230309 0.00289182 0.00327938
0.00354296 0.0037271 0.00335294
0.00390734 0.00287278 0.00342527
0.00283527 0.00268095 0.0037328
0.00271674 0.00263642 0.00289791
0.00333672 0.00222238 0.00299842
0.00382828 0.00422169 0.00354567
0.0024184 0.00317476 0.00335566
0.00198067 0.00226859 0.00395588
0.004319 0.00440379 0.00326599
0.00386154 0.00318143 0.00379305
0.00296089 0.00332433 0.00288705
0.00424088 0.00410454 0.00411985
0.00410679 0.00369728 0.00377377
0.00284723 0.00306815 0.00338494
0.00266293 0.00259403 0.00394799
0.00386501 0.00353345 0.00356794
0.00452714 0.00380566 0.00412475
0.00386003 0.00400052 0.00448877
0.00315069 0.00343226 0.0033055
0.00282763 0.0043065 0.00357445
0.00296357 0.00312388 0.00308665
0.00249771 0.0033342 0.00367236
0.00315403 0.00297985 0.00334713
0.00363084 0.00394097 0.00345918
0.00392486 0.00391245 0.00400752
0.00192634 0.00237165 0.00254404
0.00252145 0.00379082 0.00197747
0.00347941 0.00199068 0.00387705
0.00265915 0.00361773 0.00370243
0.00222617 0.00248213 0.0032432
0.00314579 0.00418627 0.00450046
0.00393354 0.00409614 0.00442657
0.00317658 0.00354943 0.00333151
0.00311444 0.0033777 0.00365806
0.00308289 0.00322526 0.00297186
0.00331738 0.00282512 0.00299789
0.00397249 0.00370091 0.00381282
0.00290362 0.00363886 0.0038081
0.00300025 0.00349681 0.00401391
0.00319121 0.00259601 0.00316872
0.00249584 0.00237177 0.00256975
0.00383717 0.0035486 0.0034697
0.00239776 0.00289538 0.00315545
0.00368575 0.00382087 0.00388289
0.00435416 0.00432772 0.00420711
0.00392716 0.00455691 0.00413062
0.0035678 0.0043087 0.00397294
0.00304776 0.00351099 0.00459078
0.00328906 0.00350638 0.00484844
0.00302986 0.00421287 0.00374384
0.00325643 0.0037111 0.00448033
0.00416884 0.00388194 0.00431859
0.00248671 0.0023265 0.00343175
0.00372727 0.00400601 0.00443213
0.00312755 0.00413473 0.0042154
0.00323571 0.00271625 0.00297704
0.00263337 0.00371471 0.00303214
0.00339333 0.00320873 0.00360299
0.00325326 0.00399762 0.00369167
0.00349332 0.00307408 0.00426269
0.00372626 0.00370331 0.00389291
0.00395331 0.00402929 0.00369319
0.0033262 0.00437208 0.00425525
0.00332527 0.00338653 0.00362393
0.0036327 0.00391634 0.0042325
0.00351211 0.00327517 0.00258286
0.00245758 0.00331183 0.00268088
0.00345638 0.00382279 0.00352051
0.00315906 0.00412235 0.00322506
0.0035829 0.00406457 0.00433351
0.00352931 0.00450193 0.0038054
0.00336671 0.00285602 0.00391602
0.00299334 0.00270338 0.00337693
0.00440119 0.0041071 0.00287063
0.00295231 0.00344867 0.00315993
0.00356347 0.00433023 0.00346283
0.00225478 0.00315399 0.00226166
0.0034515 0.00379563 0.00381062
0.00364596 0.00282358 0.00380966
0.00343663 0.00311997 0.00275234
0.003643 0.00328885 0.00323856
0.00277758 0.00241169 0.00263438
0.00210072 0.00267359 0.00288899
0.00256532 0.0034904 0.00410852
0.00343959 0.00343073 0.00330867
0.00335422 0.00357055 0.00343283
0.00237527 0.00291915 0.00287746
0.00392991 0.00275487 0.00254924
0.00417555 0.00415785 0.00440233
0.00275823 0.00385069 0.00417019
0.00408708 0.00380705 0.00309463
0.00447022 0.00429097 0.00511222
0.00392033 0.00361249 0.00411043
0.00315682 0.00317357 0.00346214
0.0052769 0.00404753 0.00416565
0.00308379 0.00323733 0.00372611
0.00421602 0.00404902 0.00417956
0.00293264 0.0032536 0.00259979
0.00417589 0.00469867 0.00508301
0.00354618 0.00351227 0.00355773
0.00291152 0.00308197 0.00240068
0.00268134 0.00235875 0.00187096
0.00279508 0.00247358 0.0033818
0.00318284 0.00304346 0.00246518
0.00329871 0.00314962 0.00326162
0.00352449 0.00361125 0.00374904
0.00386792 0.00349331 0.0041522
0.0034849 0.0028208 0.00316197
0.00300893 0.00333475 0.00405522
0.00269723 0.00279837 0.00324419
0.0020077 0.00196107 0.00200285
0.00235226 0.00394317 0.00320369
0.00275172 0.0029512 0.00344769
0.00327851 0.0036873 0.0033006
0.00315529 0.00322689 0.00385123
0.00197886 0.00333072 0.00223485
0.00319789 0.00284012 0.00310274
0.00326694 0.00281836 0.00350468
0.00267013 0.0034901 0.00351018
0.00347363 0.00440329 0.00368456
0.00376503 0.00422354 0.00373999
0.00351256 0.00390215 0.00504442
0.00303271 0.00403723 0.00338657
0.0025856 0.00385589 0.00343956
0.00288694 0.00341703 0.00302192
0.00360827 0.00265059 0.00296334
0.00338169 0.00402818 0.00416474
0.00315687 0.0022515 0.00264831
0.00329727 0.00345424 0.00349387
0.0019444 0.00289009 0.00287861
0.0025596 0.00313215 0.00292588
0.00260021 0.0035979 0.00390516
0.00262951 0.00311368 0.00270313
0.00282193 0.00441866 0.00406236
0.00338509 0.00275359 0.00286572
0.00185323 0.00214547 0.00224021
0.00204187 0.00164157 0.00173681
0.00277455 0.00251058 0.00218508
0.00224077 0.00270037 0.00263818
0.00270483 0.00306337 0.00378222
0.00264019 0.0033425 0.00316952
0.00216002 0.0030286 0.0030546
0.00248618 0.00255178 0.00261334
0.00261562 0.00301695 0.00272286
0.00259419 0.00249869 0.00308585
0.00157765 0.0024794 0.00222142
0.00269075 0.0033511 0.00275494
0.00271971 0.00215721 0.00265362
0.00226805 0.0019976 0.00191933
0.00278215 0.0023776 0.00319265
