0.00313289 0.00380979 0.00326095
0.00392733 0.0037111 0.00361798
0.00368353 0.00379582 0.00348304
0.00338461 0.00298226 0.00251064
0.00204204 0.00273607 0.00227467
0.00169383 0.00210687 0.00116061
0.00253419 0.00210867 0.00119571
0.0024516 0.00284512 0.00200026
0.00173854 0.00251672 0.001949
0.00267103 0.00228027 0.00196144
0.0023349 0.00283544 0.00256277
0.00363432 0.00216344 0.00198496
0.00218013 0.0018455 0.00167972
0.00214153 0.00238677 0.00216526
0.00193513 0.00153504 0.0012745
0.00172192 0.00169201 0.00133132
0.00150942 0.0015056 0.00146404
0.00137632 0.00155629 0.00125531
0.00159149 0.00171449 0.00140152
0.00196949 0.00163969 0.00129466
0.00178903 0.00178882 0.00138141
0.00135729 0.00156188 0.00124267
0.00153269 0.00158529 0.00136809
0.00147276 0.00194434 0.00128732
0.00141011 0.00158059 0.00110928
0.00176072 0.00171716 0.00126079
0.00143409 0.00159291 0.00117782
0.00189908 0.00161054 0.00134422
0.00158276 0.00191699 0.00158511
0.00178092 0.00206297 0.00209145
0.00179919 0.00227425 0.00212288
0.00192983 0.00148838 0.00132162
0.00209708 0.00172345 0.00151397
0.00270776 0.00244655 0.0019115
0.00183616 0.00279688 0.00248653
0.00181189 0.00259421 0.00237336
0.00254258 0.0019037 0.00166079
0.00379164 0.00166119 0.0016687
0.0023207 0.00195083 0.00150705
0.0017082 0.00202868 0.0017384
0.00186531 0.00169977 0.0013567
0.00204346 0.00175171 0.0016065
0.00177891 0.00211452 0.00165314
0.00165936 0.00191442 0.00114498
0.00203798 0.00221933 0.00190841
0.00233096 0.0021722 0.00219949
0.00228621 0.00201791 0.00206765
0.00221874 0.00170914 0.00174779
0.00305229 0.00207149 0.0021205
0.00248849 0.00168229 0.00170911
0.00267025 0.00254261 0.00240497
0.00311758 0.00270907 0.00250707
0.00163899 0.00141582 0.00114001
0.00192337 0.00173164 0.00144341
0.00252124 0.0021018 0.00207114
0.00254593 0.00265288 0.00235149
0.00175031 0.00227254 0.00192127
0.00160625 0.00230883 0.00187034
0.00231417 0.00187346 0.00153928
0.00129194 0.00193439 0.00117849
0.00141746 0.00209647 0.00147424
0.00215219 0.00185181 0.00167373
0.0016867 0.00216794 0.00140316
0.00188287 0.0023133 0.00216965
0.00253248 0.00198315 0.0019367
0.001616 0.00151867 0.00162075
0.00164584 0.00210546 0.00191162
0.0020171 0.00256252 0.0022813
0.00184694 0.0023207 0.00203443
0.00178932 0.00245639 0.00201628
0.0017478 0.00211061 0.00192473
0.00150397 0.00197813 0.00149319
0.00174374 0.00223181 0.00170062
0.00186293 0.00254414 0.00200763
0.0015418 0.00217452 0.00165291
0.00121992 0.00189268 0.00125846
0.00137736 0.00188441 0.00122041
0.00189511 0.00213799 0.00131183
0.00175776 0.00235917 0.00170763
0.00179558 0.00241969 0.00179074
0.00166912 0.00220819 0.00135928
0.00178285 0.0019525 0.00200201
0.00184007 0.00237938 0.00195744
0.00193275 0.0023756 0.00234678
0.00225977 0.00210188 0.00208065
0.00211215 0.0016959 0.00160314
0.00267239 0.00199597 0.00195348
0.00236415 0.00241408 0.00233519
0.00191921 0.00268118 0.00261249
0.00212459 0.00294322 0.00297241
0.001497 0.00302519 0.00270814
0.00198029 0.00246303 0.00218247
0.00169819 0.00250048 0.00221325
0.00149279 0.00257193 0.00227746
0.00167784 0.00232086 0.00212426
0.00152842 0.00266357 0.00212887
0.00174569 0.00279908 0.00246223
0.00197271 0.00242826 0.00203206
0.0017548 0.0026622 0.00221116
0.00186739 0.00294096 0.00261431
0.00179457 0.00234578 0.00204413
0.00208838 0.00295514 0.00261695
0.00189621 0.00333573 0.00320319
0.00190171 0.00286553 0.00287161
0.00187813 0.0030211 0.00292487
0.00201207 0.00335039 0.00311208
0.00191386 0.00285286 0.00280194
0.00173979 0.00279605 0.00279013
0.00170634 0.00343736 0.0029947
0.00198157 0.00291085 0.00264948
0.00160957 0.00295307 0.00241719
0.00171875 0.00342427 0.0028191
0.00220214 0.0029752 0.00253965
0.00178515 0.00327911 0.00262113
0.00155645 0.00350167 0.00275927
0.00232252 0.00296609 0.0023296
0.00187136 0.00324895 0.00248182
0.00195449 0.00273624 0.00281571
0.00189483 0.00291819 0.002937
0.00205307 0.00327823 0.00282727
0.00274516 0.00341564 0.00286156
0.00202342 0.00315963 0.0030009
0.00180029 0.00313867 0.00303474
0.00183322 0.00246868 0.00242231
0.00177724 0.0023852 0.00241542
0.00155771 0.00318964 0.0031152
0.00199708 0.00395785 0.00369372
0.00220732 0.00408578 0.00368751
0.0022976 0.00323377 0.00351238
0.00246982 0.00361814 0.00355433
0.00248915 0.00369953 0.00377335
0.00217145 0.00346369 0.00330145
0.00258864 0.00401168 0.00353348
0.00246569 0.0038902 0.00364953
0.0026191 0.00367543 0.0038998
0.00239203 0.00456616 0.00418066
0.00262078 0.00486363 0.00453781
0.00294461 0.00494017 0.00511528
0.00325394 0.00557033 0.00531764
0.00308525 0.00578772 0.005755
0.00383637 0.00615878 0.00591184
0.00381707 0.00613285 0.00581905
0.00376599 0.00506706 0.00577729
0.00359612 0.00583944 0.00580881
0.00391734 0.00474307 0.005837
0.00419227 0.00465637 0.00592173
0.00368425 0.004226 0.00573517
0.0040588 0.00501481 0.00577801
0.00384657 0.00459122 0.0055047
0.00351757 0.00544066 0.00528796
0.00362069 0.00573403 0.00552546
0.00344988 0.0047718 0.00525785
0.0030656 0.00520432 0.00498188
0.00305345 0.00396597 0.00431364
0.00263598 0.0042602 0.00406267
0.00333235 0.00524133 0.00507138
0.00382308 0.00470929 0.005625
0.00421852 0.00479707 0.00576906
0.0034782 0.00386514 0.00533745
0.00411839 0.00458752 0.00580438
0.00419402 0.00502887 0.00584224
0.00389173 0.00394193 0.00555209
0.00426116 0.00450544 0.00593499
0.00520123 0.00517922 0.0058085
0.00393232 0.00462539 0.00563964
0.00452184 0.00555361 0.00589803
0.0041755 0.00452899 0.0058574
0.00438133 0.00428758 0.00537435
0.004536 0.00494617 0.0060096
0.00382878 0.00366613 0.00524259
0.003773 0.00376522 0.00524878
0.00367442 0.00371555 0.00548299
0.00423502 0.00423502 0.00498513
0.00411644 0.00411644 0.00490584
0.00450178 0.00450178 0.00505793
0.0044303 0.0044303 0.00506756
0.00428389 0.00428389 0.00492653
0.00465156 0.00465156 0.00521003
0.00460436 0.00460436 0.00504634
0.00449301 0.00449301 0.00499181
0.0048423 0.0048423 0.00521156
0.00461767 0.00461767 0.00497703
0.00487521 0.00442327 0.00517326
0.00495695 0.00401685 0.00520001
0.00366804 0.00458452 0.00484645
0.00384072 0.00482178 0.00523919
0.00452417 0.00443569 0.00507522
0.00381219 0.00472407 0.00468373
0.00425191 0.00407953 0.00494953
0.00418237 0.00444847 0.0047558
0.00425144 0.00425199 0.00478891
0.00379211 0.00423136 0.00437135
0.00398135 0.00437937 0.00451847
0.00385562 0.00414228 0.00406035
0.00391977 0.00410959 0.00429139
0.00369245 0.00395824 0.00418341
0.00382418 0.00408154 0.00416013
0.00366462 0.0038209 0.00413604
0.00429072 0.00367806 0.00388605
0.00458166 0.00482964 0.00414161
0.00398082 0.00412806 0.00396894
0.00410953 0.00407817 0.0040547
0.00389416 0.00428708 0.00418761
0.0044615 0.00474669 0.003911
0.00461081 0.00508123 0.00408586
0.00311439 0.00481538 0.00431957
0.0031311 0.00474528 0.00420634
0.00325783 0.00493676 0.00449575
0.00404773 0.00404773 0.00422736
0.00402319 0.00402319 0.00418495
0.00390719 0.00331651 0.00409772
0.00405904 0.00405904 0.00424877
0.00407023 0.00407023 0.00426398
0.00400762 0.00400762 0.00419745
0.00423897 0.00413155 0.00425507
0.0041009 0.00414653 0.00422766
0.0037725 0.0037725 0.00402175
0.00379444 0.00379444 0.00404074
0.00373395 0.00373395 0.00397887
0.00367933 0.00367933 0.00395666
0.00377027 0.00377027 0.00406891
0.00372457 0.00372457 0.00404219
0.00363702 0.00363702 0.00395959
0.00384164 0.00384164 0.00414241
0.00367655 0.00367655 0.00399275
0.00273909 0.00384299 0.00413408
0.00380142 0.00380142 0.0040792
0.00375357 0.00375357 0.00402679
0.00386792 0.00386792 0.00420801
0.00387557 0.00387557 0.00424734
0.00374929 0.00374929 0.00420923
0.00385251 0.00385251 0.00416007
0.0037559 0.0037559 0.00412206
0.00394432 0.00394432 0.00425917
0.00397099 0.00397099 0.00431408
0.00394229 0.00394229 0.00432907
0.00419535 0.00419535 0.00463363
0.00408768 0.00408768 0.00438174
0.00386826 0.00386826 0.00418577
0.00415736 0.00415736 0.00444095
0.00395616 0.00395616 0.00425494
0.0040664 0.0040664 0.00436228
0.00395049 0.00395049 0.00426192
0.00400023 0.00400023 0.00433359
0.00410123 0.00410123 0.00438898
0.00397865 0.00397865 0.00424406
0.00399513 0.00399513 0.00426924
0.00403603 0.00403603 0.00427306
0.00390543 0.00390543 0.00409462
0.00389797 0.00389797 0.00410111
0.00380667 0.00380667 0.00406471
0.00383825 0.00383825 0.00409415
0.00382091 0.00382091 0.0040049
0.00378817 0.00378817 0.0040252
0.00371942 0.00371942 0.00396851
0.00375556 0.00375556 0.00399713
0.00366328 0.00366328 0.00391983
0.00365805 0.00365805 0.00390247
0.00362409 0.00362409 0.00385851
0.00359063 0.00359063 0.00383249
0.00354433 0.00354433 0.0037793
0.00351041 0.00351041 0.00374992
0.00350545 0.00350545 0.00373504
0.00353874 0.00353874 0.00377269
0.00379957 0.00379957 0.0040764
0.00388754 0.00388754 0.00413783
0.00383548 0.00383548 0.00410987
0.00376437 0.00376437 0.00406716
0.00379669 0.00379669 0.00409317
0.0036986 0.0036986 0.00403684
0.00385028 0.00385028 0.00415853
0.00387117 0.00387117 0.00414979
0.00387918 0.00387918 0.00419712
0.0040043 0.0040043 0.00428967
0.00402902 0.00402902 0.00432182
0.00400638 0.00400638 0.00433302
0.00414859 0.00414859 0.00444649
0.00408778 0.00408778 0.00440237
0.0041336 0.0041336 0.00445243
0.00420545 0.00420545 0.00455122
0.00422305 0.00422305 0.00455774
0.00428661 0.00428661 0.0046139
0.00436668 0.00436668 0.00474909
0.00444014 0.00444014 0.00483278
0.00448883 0.00448883 0.00490444
0.00458038 0.00458038 0.00498246
0.00452781 0.00452781 0.0049372
0.00459983 0.00459983 0.00498901
0.00456266 0.00456266 0.00510979
0.0045522 0.0045522 0.00511748
0.00470598 0.00470598 0.00527808
0.00470059 0.00470059 0.00518722
0.00466585 0.00466585 0.00518107
0.0048076 0.0048076 0.00528383
0.00485349 0.00485349 0.00532294
0.0047797 0.0047797 0.00522683
0.00491067 0.00491067 0.00540702
0.00496312 0.00496312 0.00545924
0.00484299 0.00484299 0.00537255
0.00499372 0.00499372 0.00546498
0.00494896 0.00494896 0.00543085
0.0048814 0.0048814 0.0053574
0.00491489 0.00491489 0.00536015
0.00482525 0.00482525 0.00527128
0.00491249 0.00491249 0.00536462
0.00495154 0.00495154 0.00542387
0.00497718 0.00497718 0.00546329
0.00496021 0.00496021 0.00544638
0.00485904 0.00485904 0.00536155
0.00489074 0.00489074 0.00538117
0.0047996 0.0047996 0.00529935
0.00487958 0.00487958 0.00535608
0.00489671 0.00489671 0.00536412
0.00485964 0.00485964 0.00533801
0.00491183 0.00491183 0.00539462
0.00484658 0.00484658 0.00532475
0.00493195 0.00493195 0.00545436
0.00492198 0.00492198 0.00546484
0.00500903 0.00500903 0.00552917
0.00512475 0.00512475 0.00564406
0.0051474 0.0051474 0.00560381
0.00504151 0.00504151 0.00551886
0.00521468 0.00521468 0.00565632
0.00522341 0.00522341 0.00566723
0.0054307 0.0054307 0.00586931
0.00538297 0.00538297 0.00579743
0.00529834 0.00529834 0.00569227
0.00539637 0.00539637 0.00584536
0.00532597 0.00532597 0.00577246
0.0054072 0.0054072 0.0058389
0.00542234 0.00542234 0.00585639
0.00539269 0.00539269 0.00582463
0.00554134 0.00554134 0.00596506
0.00554376 0.00554376 0.00597429
0.00550123 0.00550123 0.00592617
0.00564355 0.00564355 0.0060545
0.00556061 0.00556061 0.00591541
0.00565108 0.00565108 0.00599853
0.00562541 0.00562541 0.00607448
0.00567664 0.00567664 0.00607152
0.00566854 0.00566854 0.0060361
0.00572571 0.00572571 0.0060686
0.00568773 0.00568773 0.00606926
0.00563116 0.00563116 0.00602927
0.00569604 0.00569604 0.00605836
0.00558619 0.00558619 0.00597981
0.00567494 0.00567494 0.00604746
0.00564369 0.00564369 0.0060793
0.00557853 0.00557853 0.00599624
0.00564576 0.00564576 0.00599008
0.00556827 0.00556827 0.00596353
