89.7624270866
89.7972578108
89.742897347
89.7208979242
89.7197146298
89.7416727627
89.7617696601
88.5340299828
84.5966251823
84.8752461534
83.3038492725
82.488801495
82.4562331319
82.4606478004
82.4674083248
82.4754271509
82.5188714535
82.5251652424
82.5047903538
82.5331174582
82.5476225976
82.5740167665
82.5848019591
82.5801714392
82.5892137634
82.5514732155
80.3492248565
80.3877226466
75.569583532
75.5242011632
75.454930611
75.4851587447
75.4552744657
75.4294119848
75.3715635276
75.3643695903
75.390076404
75.4304776769
75.4391665149
75.4687364791
75.5018746721
75.4915195912
75.4349220906
74.6461676495
70.5370124302
70.0230637267
68.6797179558
68.6576728927
68.5576495783
68.5382630038
68.5479956823
68.6962276746
68.9073342174
68.8977145181
68.8702853322
68.848848462
68.9189972161
68.9021223319
68.9152686267
68.9468726061
68.9380309617
66.9188655779
64.5569690038
63.9320847591
62.3188852585
62.296027877
62.2887835852
62.1852364451
62.175947307
62.2487227449
62.1777424716
62.2165431167
62.2598527415
62.1930484687
62.2570069765
62.259115697
62.3104257937
62.3193026398
62.3013632406
62.2994174802
58.8836287693
59.0530467555
57.0028837895
56.1258789241
55.7926755812
55.6999349212
55.5880009925
55.6592236287
55.643448055
55.6058423539
55.6620833711
55.6586478672
55.71159333
55.7239376221
55.7984394613
55.833333678
55.8356704518
55.0555837406
53.1086662878
53.8071394025
52.7674501901
51.2337033621
50.7623921119
50.3437209042
49.4287392828
49.438741936
49.4145791872
49.3484346592
49.3840369879
49.384283815
49.4210654293
49.4106773427
49.3828118717
49.5177746219
49.5910239722
49.6110062258
49.0310512838
48.1202754513
47.7112266463
46.8655336582
46.4198948129
44.9593891861
44.3620375621
44.2415320124
44.203841825
44.186396543
44.2390050196
44.3723685567
44.4687963153
43.9875914074
44.5188831454
43.7124908294
42.7017099816
42.7075311029
41.872517851
41.4080490151
40.9455606111
39.6237746428
38.6303479496
38.6324995605
38.6884205342
38.8504774448
38.3824248065
37.9754633695
37.3684471108
37.3180772291
37.0955722404
36.7035207811
37.1377427891
36.2188458993
36.061910936
35.5673137588
35.4116008095
34.626786519
34.0406935276
33.5692524958
33.6248941089
33.761313736
33.5230201297
33.0119641377
33.304852788
32.7066876013
32.2846924644
32.4462611272
32.0941079918
32.0226847882
32.0494619072
31.2986518634
32.0215359779
31.7614522731
31.4942155994
30.9589404861
30.9858626915
30.5865242468
30.4981767559
30.6168428007
30.1286591844
30.0083378536
30.0871265625
29.7954052902
29.8979568248
29.5266447944
29.2247470515
29.7349068841
29.5333114547
29.2175761168
29.0004001705
28.6694602777
28.8761973809
28.8065994628
28.8596021087
28.8139338364
28.6069383496
28.5689514325
28.4258206279
28.0897254145
28.0940139881
28.1320343639
28.0206169935
27.9879536656
28.044157817
28.0597321934
28.1607838342
28.2189428222
28.1342829105
28.2424855731
28.2408962242
28.4878205764
28.5088719626
28.5051125902
28.5287026343
28.1471045858
28.1496696029
28.086730287
27.7452005988
27.8538042733
27.8743678979
27.8531945141
27.8713320561
27.7310272018
27.66775747
27.5483222542
27.5198842386
27.4947459091
27.5303487948
27.5259085138
27.5591915548
27.1589400749
27.1249341769
27.1290461329
26.9554269841
26.9699081438
26.9548029504
26.7932984474
26.8263624607
26.8094164881
26.5734350929
26.5625819079
26.566110907
26.5421432818
26.2863706553
26.2548948785
26.252990664
26.2451395733
26.2426121979
26.2460478971
26.2084128039
25.7786553167
25.7497339418
25.7443061248
25.7510002374
25.7395458215
25.7284996494
25.5890668154
25.5622565405
25.4350404708
25.4100281673
25.3811933031
25.3798032875
25.3458071313
25.290492863
25.3057204457
25.2945670036
25.3195095129
25.3179041666
25.3317062519
25.3206482305
25.3118873466
25.328011592
25.3221320532
25.275901014
25.3080925595
25.134567057
25.1433662011
25.1897332546
25.2451198206
25.2481906227
25.2589510704
25.0558957799
25.1365849831
25.192258339
24.7841442516
24.8161836237
24.8606406208
24.7993883109
24.7793935201
24.8688174538
24.6127579548
24.5883201055
24.4002788988
24.016310073
24.1262779269
23.9809720449
24.2277670647
24.2342536773
23.5340835178
23.9872102263
23.9747063509
24.0527192479
23.815497048
23.819369287
23.8329794784
23.8460028743
23.7972707688
23.0059547025
22.6790931446
22.6726836125
22.6945437276
22.5875666163
22.5864811628
22.5885262272
22.5720278411
22.93777946
22.9493285596
22.9515101616
22.6114110507
22.5442336495
22.3816783295
22.2453402811
21.4655252609
21.4995741948
21.4474005177
21.4378187798
21.3229024126
21.3639036723
21.4017798357
21.2680267289
21.2699360566
21.2163977644
21.1564783433
21.2024240461
21.2534622851
21.1326210452
21.1874614555
21.1232439128
21.1368693921
21.1199503255
20.6941399372
20.5105242732
20.5429375884
20.4588429327
20.469692922
20.4609753999
20.2377048387
20.2007587926
20.0973793543
20.0253957401
19.9272098691
19.9144108279
19.8659166296
19.8199010898
