1.08269 1.08812 1.08549
1.08522 1.07877 1.07856
1.07409 1.06813 1.07002
1.06832 1.06203 1.06298
1.06716 1.06984 1.07131
1.07446 1.06572 1.06919
1.08048 1.07132 1.07174
1.0798 1.07817 1.08292
1.08096 1.07172 1.07145
1.08098 1.07109 1.07049
1.08173 1.08426 1.08255
1.08517 1.07494 1.07677
1.08389 1.0781 1.07373
1.07925 1.08993 1.08566
1.08219 1.08447 1.08035
1.07859 1.0816 1.08245
1.08466 1.07359 1.08401
1.08251 1.08201 1.07654
1.07748 1.07885 1.08177
1.08014 1.07096 1.07049
1.06921 1.06956 1.07062
1.06161 1.06167 1.06453
1.06392 1.06786 1.07141
1.06521 1.07245 1.07254
1.05663 1.06421 1.06564
1.05768 1.06575 1.06013
1.05436 1.06643 1.06817
1.05582 1.07238 1.06834
1.04472 1.05006 1.05196
1.06273 1.05602 1.0572
1.05954 1.06641 1.068
1.05285 1.06508 1.06314
1.06654 1.07392 1.07241
1.06422 1.08022 1.08137
1.06491 1.06955 1.06389
1.08168 1.08294 1.08174
1.08908 1.08436 1.08073
1.07373 1.08811 1.08195
1.07382 1.09075 1.08936
1.07212 1.09979 1.09094
1.08901 1.07159 1.06872
1.06966 1.08136 1.07407
1.06967 1.08079 1.07546
1.05551 1.06997 1.06608
1.08558 1.1101 1.1054
1.07289 1.0843 1.09105
1.06373 1.08161 1.08166
1.07922 1.096 1.09419
1.09224 1.09772 1.09581
1.07248 1.08777 1.08614
1.06847 1.08498 1.08203
1.07316 1.08256 1.08511
1.05413 1.068 1.06777
1.0549 1.07306 1.07049
1.05475 1.07613 1.07351
1.0641 1.05804 1.05419
1.06106 1.06375 1.06087
1.04764 1.06684 1.05977
1.06077 1.05941 1.05087
1.07258 1.07153 1.06585
1.04835 1.08262 1.06481
1.05329 1.05929 1.05038
1.07139 1.07603 1.06672
1.05307 1.07197 1.07235
1.0429 1.06247 1.06614
1.06657 1.07773 1.07885
1.0744 1.08022 1.07944
1.05559 1.07466 1.07258
1.06492 1.08208 1.0764
1.06154 1.0883 1.07685
1.06636 1.07717 1.07033
1.08769 1.09342 1.08714
1.08855 1.08116 1.07897
1.0761 1.10447 1.09751
1.08344 1.10556 1.10248
1.07603 1.1103 1.09852
1.06646 1.08526 1.07229
1.07965 1.10586 1.09042
1.10538 1.09118 1.08887
1.08732 1.11806 1.11097
1.09703 1.126 1.11824
1.10039 1.12362 1.12007
1.08097 1.10129 1.09792
1.10575 1.12285 1.12323
1.12359 1.14001 1.14103
1.10399 1.10459 1.10308
1.11015 1.13007 1.14911
1.10495 1.12963 1.12807
1.11148 1.11818 1.1167
1.10977 1.12363 1.12076
1.10859 1.10982 1.10465
1.10779 1.12472 1.12451
1.11498 1.14585 1.136
1.13162 1.1566 1.14597
1.10312 1.14268 1.13054
1.13355 1.16331 1.15337
1.14637 1.17245 1.16166
1.12893 1.15419 1.14595
1.14116 1.17082 1.16341
1.15079 1.18735 1.17383
1.1342 1.15254 1.14897
1.13609 1.16384 1.16129
1.15179 1.17778 1.17004
1.12047 1.1525 1.14912
1.13814 1.16728 1.16021
1.1467 1.17343 1.16726
1.16175 1.13495 1.14112
1.11043 1.13841 1.13417
1.11945 1.14525 1.13666
1.09572 1.12334 1.11344
1.10941 1.1369 1.13041
1.11783 1.12704 1.13381
1.09043 1.11993 1.11301
1.10623 1.14108 1.12695
1.11345 1.14248 1.1295
1.11131 1.14228 1.13021
1.07797 1.11456 1.10214
1.09831 1.12963 1.12149
1.09831 1.13582 1.12323
1.1448 1.1259 1.12641
1.11606 1.13928 1.13012
1.11354 1.14385 1.13427
1.15057 1.15142 1.13892
1.14807 1.15401 1.16881
1.1234 1.15762 1.14716
1.13123 1.15228 1.15523
1.14575 1.17906 1.16614
1.17492 1.20354 1.19891
1.18457 1.21907 1.21029
1.20808 1.24246 1.22974
1.21005 1.2437 1.23462
1.18128 1.21464 1.20331
1.20526 1.23423 1.22341
1.20793 1.2429 1.23139
1.217 1.24824 1.23969
1.23755 1.2675 1.25785
1.23976 1.27142 1.26391
1.26111 1.29594 1.28827
1.27047 1.30546 1.3003
1.28974 1.3286 1.3203
1.30408 1.33289 1.33248
1.31539 1.34144 1.3468
1.32801 1.33771 1.35719
1.34556 1.34523 1.36801
1.32465 1.35611 1.34758
1.33041 1.3384 1.35639
1.31568 1.35187 1.34182
1.32221 1.36133 1.35131
1.33943 1.34112 1.3647
1.3124 1.34679 1.33956
1.33275 1.3382 1.35807
1.34242 1.35105 1.37094
1.32644 1.33854 1.3531
1.33322 1.34268 1.3602
1.32221 1.34888 1.34296
1.32792 1.33926 1.35364
1.34326 1.35118 1.36893
1.33189 1.34088 1.3574
1.34777 1.35509 1.36729
1.32968 1.33997 1.3544
1.33933 1.34229 1.35947
1.32143 1.34228 1.33999
1.32998 1.35464 1.34539
1.33542 1.33537 1.35291
1.31061 1.34388 1.33426
1.31454 1.33278 1.34076
1.32453 1.3541 1.34632
1.34055 1.352 1.3656
1.35688 1.3572 1.37278
1.33151 1.33622 1.35634
1.31089 1.34202 1.33241
1.34156 1.34697 1.33588
1.34263 1.34656 1.36071
1.3504 1.35527 1.36907
1.35033 1.35033 1.35528
1.35638 1.34881 1.35917
1.35007 1.35135 1.3631
1.35605 1.35256 1.34847
1.34924 1.34924 1.35235
1.34945 1.34945 1.35229
1.34437 1.34569 1.35584
1.34849 1.34911 1.36008
1.35919 1.35754 1.34605
1.36163 1.35741 1.34956
1.35251 1.35237 1.3682
1.35536 1.35978 1.37237
1.35357 1.35357 1.35569
1.35673 1.35673 1.35908
1.35635 1.35635 1.35848
1.35972 1.35972 1.36157
1.36023 1.36023 1.36211
1.3603 1.3603 1.36221
1.3635 1.3635 1.36527
1.35497 1.35832 1.36795
1.34252 1.34163 1.35489
1.34322 1.34368 1.35644
1.35891 1.34724 1.34068
1.36256 1.36146 1.34425
1.35107 1.35353 1.37414
1.35625 1.36878 1.37814
1.36998 1.37035 1.38118
1.35327 1.35113 1.36814
1.35791 1.35861 1.37184
1.34643 1.35435 1.35601
1.35766 1.35766 1.35971
1.3495 1.34645 1.35972
1.3487 1.35139 1.36217
1.35921 1.35745 1.34713
1.34164 1.36375 1.3483
1.36416 1.36295 1.35096
1.35372 1.35427 1.3717
1.35726 1.36314 1.37435
1.34534 1.34833 1.35929
1.34546 1.3467 1.36004
1.35323 1.35784 1.34264
1.3514 1.35589 1.34471
1.34537 1.34583 1.35722
1.35441 1.34689 1.34202
1.34196 1.34984 1.3453
1.3555 1.3515 1.34813
1.34471 1.34341 1.35595
1.35015 1.35015 1.35967
1.35681 1.35881 1.34491
1.35844 1.35849 1.34692
1.35232 1.35295 1.36617
1.35599 1.35572 1.37003
1.35775 1.36273 1.34941
1.35041 1.35041 1.35142
1.34998 1.34998 1.35109
1.35209 1.35209 1.35313
1.35506 1.35506 1.35601
1.3558 1.3558 1.35684
1.35799 1.35799 1.35894
1.35831 1.34909 1.35931
1.36073 1.36073 1.36176
1.36148 1.35258 1.36226
1.35479 1.35488 1.36449
1.35799 1.3575 1.36662
1.35251 1.35251 1.35359
1.35317 1.35317 1.35405
1.35238 1.35238 1.3533
1.35416 1.35416 1.35517
1.35526 1.35526 1.35574
1.35721 1.35721 1.35809
1.35924 1.35924 1.36019
1.35971 1.35971 1.36073
1.36014 1.36014 1.36098
1.36184 1.36184 1.36234
1.3622 1.3622 1.36285
1.36395 1.36395 1.36448
1.36583 1.36583 1.36657
1.36628 1.36628 1.36705
1.36811 1.36811 1.36891
1.3686 1.3686 1.36942
1.37045 1.37045 1.37153
1.36953 1.36953 1.37034
1.37047 1.37047 1.37192
1.37086 1.37086 1.37195
1.37377 1.37377 1.37506
1.37539 1.37539 1.37624
1.37846 1.37846 1.3795
1.3803 1.3803 1.38106
1.38006 1.38006 1.38108
1.38219 1.38219 1.3832
1.38221 1.38221 1.38325
1.3849 1.3849 1.38599
1.38726 1.38726 1.38844
1.38781 1.38781 1.38887
1.39023 1.39023 1.39124
1.39073 1.39073 1.39166
1.39277 1.39277 1.3938
1.39318 1.39318 1.39419
1.39559 1.39559 1.39656
1.3985 1.3985 1.39978
1.39912 1.39912 1.40011
1.4014 1.4014 1.4023
1.40143 1.40143 1.40271
1.40366 1.40366 1.40487
1.404 1.404 1.40506
1.40592 1.40592 1.40696
1.40625 1.40625 1.40729
1.40818 1.40818 1.40824
1.40858 1.40858 1.40874
1.40978 1.40978 1.40993
1.41016 1.41016 1.41043
1.41116 1.41116 1.41171
1.41233 1.41233 1.41246
1.41377 1.41377 1.41466
1.4169 1.4169 1.41762
1.41864 1.41864 1.41883
1.42083 1.42083 1.42135
1.42195 1.42195 1.42226
1.42397 1.42397 1.42445
1.42667 1.42667 1.42685
1.42701 1.42701 1.42759
1.42979 1.42979 1.43064
1.43013 1.43013 1.4304
1.43291 1.43291 1.43259
1.4341 1.4341 1.43448
1.43637 1.43637 1.43606
1.4393 1.4393 1.43907
1.44096 1.44096 1.44118
1.44296 1.44296 1.44261
1.44359 1.44359 1.44435
1.44601 1.44601 1.44629
1.44715 1.44715 1.44729
1.44943 1.44943 1.45032
1.45062 1.45062 1.45134
1.45312 1.45312 1.45349
1.45431 1.45431 1.45502
1.45739 1.45739 1.45787
1.46121 1.46121 1.46169
1.46245 1.46245 1.46309
1.46467 1.46467 1.46549
1.46527 1.46527 1.46624
1.46536 1.46536 1.46605
1.46777 1.46777 1.46813
1.47111 1.47111 1.47211
1.47276 1.47276 1.47362
1.47494 1.47494 1.4759
1.47709 1.47709 1.47727
1.47754 1.47754 1.47738
1.47843 1.47843 1.47895
1.48061 1.48061 1.48146
1.48196 1.48196 1.48204
1.48326 1.48326 1.48354
1.48341 1.48341 1.48432
1.48515 1.48515 1.48615
1.48614 1.48614 1.48679
1.48764 1.48764 1.48846
1.49006 1.49006 1.49112
1.49133 1.49133 1.49209
1.49311 1.49311 1.49391
1.49381 1.49381 1.49432
1.49563 1.49563 1.49641
1.49773 1.49773 1.49906
1.49815 1.49815 1.49887
1.49971 1.49971 1.50046
1.50042 1.50042 1.50134
1.50185 1.50185 1.5028
1.5043 1.5043 1.50533
1.50441 1.50441 1.50554
1.50419 1.50419 1.50608
1.50792 1.50792 1.50951
1.50974 1.50974 1.51105
1.51186 1.51186 1.51344
1.51413 1.51413 1.51571
1.51677 1.51677 1.51833
1.51957 1.51957 1.52078
1.51967 1.51967 1.52124
1.52197 1.52197 1.52344
