82.3817990491
82.394882354
82.4093863932
82.4163041634
82.4976974608
82.5159216111
82.4473255793
82.4298796297
80.2464481975
79.7799701983
77.4291553454
76.2904435954
75.8248040889
75.4492453745
75.4372128367
75.4870581253
75.4407837759
75.5512140063
75.5571668329
75.5926243806
75.6092187585
75.5929155132
75.582275536
73.0573625502
72.4664192972
70.9980393374
70.324939217
69.9644654307
69.8811638119
69.466053991
69.0290551645
68.6368097911
68.6375936984
68.6485739041
68.6103933375
68.6259417023
68.4508087372
66.072314642
65.312501745
63.9018166787
63.2976719793
62.8729802995
62.5014281165
62.2333625715
61.7468325306
61.7174279553
61.7734530539
61.6450995928
61.6242123221
61.7107993606
61.4111360065
61.4846256703
59.6416581159
58.3321500257
58.3322699401
57.4406269681
56.1265791693
56.1037421155
56.0743419367
55.7922651267
55.7764393587
55.2906062395
55.3451235517
55.3806712638
55.2024543514
55.2603312388
55.2445943049
54.3531451689
52.9353296708
53.2488944647
53.0395661827
51.4967136738
51.4758111301
50.717909215
50.6834960804
50.6554618625
50.6222864758
50.3663996389
50.684743936
50.5971580034
50.1917205507
49.9806632239
49.9273930854
49.7911628892
49.8297834909
49.8730487721
48.6754690269
48.9516233359
47.7283302588
47.3911251072
47.1402229796
46.5363821238
45.6111841845
45.6590539894
45.4733222528
45.3286898229
45.3085712947
45.0018192304
44.6316017705
44.8710398962
44.8357076108
44.6408617661
44.7362870211
44.7898836275
44.5129074709
43.0148133464
42.8881370076
42.1570298039
42.405087958
41.5177041469
40.505857533
40.5653011124
40.4791201702
40.3347878605
40.0174883028
40.1068662086
39.5471640287
39.5474353164
39.2362074579
39.39682109
39.5329139119
39.2336044478
38.0333600267
37.1715560282
36.9719449478
36.8290295842
35.7670136861
35.5929726978
35.0329777383
34.6351745628
35.0758858574
34.7072613496
34.1530126548
34.1228353054
33.8345129366
33.6272945826
33.6456947806
33.3595515749
33.3645028869
32.4572767084
32.1550344477
31.963291393
31.6501388345
31.4381009075
31.4183410682
30.8375442843
30.1385878266
29.8577427213
30.3078949721
29.7710463797
29.6578892669
29.576509185
29.561694438
29.4372923001
29.347794529
29.4676717432
29.4646730951
28.9229378779
29.3655403408
29.2830802426
29.433882313
29.4086092329
29.1545920855
29.091685848
29.2605245933
29.2458388369
29.1233774283
29.0817711347
29.1091122875
29.1157178727
29.0137380556
29.1029690872
29.2189048312
28.9664884354
28.8943665258
29.269342581
29.3758750976
29.3462613842
29.3649363015
29.2237853788
28.9594112943
29.2827863555
29.0271488971
28.8094828715
28.8531431423
28.7115483771
28.6321843561
28.5763890774
28.6268264399
28.7554501651
28.6990706718
28.6351953198
28.6043654526
28.5980684055
28.2122422795
28.2528344803
28.2665707323
28.3269540513
28.2395270063
28.1391171351
28.1880999898
28.1468306876
28.1850432772
28.1975149462
28.0680322735
28.2207513999
27.6331021323
27.5206774041
27.968938149
27.931500038
27.7798327708
27.7904144411
27.5241591271
27.5116001269
27.3995156448
27.4050476879
27.4047550896
27.4018619189
27.3781037211
27.3751158458
27.4150220441
27.4140408129
27.4207625835
27.4008104089
27.3770344582
27.366859613
27.3759313013
27.4091243023
27.3983263043
27.3918137014
27.4372442915
27.7696809126
27.447122067
27.3805869346
27.3722490604
27.3991741184
27.393405438
27.4238081075
27.4268836972
27.0767391102
27.0934059061
27.1217872357
27.1167894322
27.0939157089
27.1177869673
27.0912033695
27.0859006593
27.1268595114
27.1224024522
27.08791046
27.0609734471
27.0545358057
26.8992174723
26.8869366484
26.8393048073
26.80817494
26.8277453906
26.6501976548
26.6635878215
26.5812977002
26.5659063768
26.5895165094
26.3680160149
26.3384242091
26.2833020213
26.1541377764
26.1377716325
26.0908218573
26.0791040296
25.8801607805
25.5729399999
25.5643516614
25.569923072
25.572443756
25.5143177599
25.4327581747
25.417187738
25.4762846739
25.4089999167
25.2242179752
24.841184395
24.8036517389
24.7890866362
24.7870552879
24.751578178
24.7708044984
24.7452216569
24.7255185796
24.6589271052
24.7156317643
24.7240044251
24.71418133
24.72641946
24.7160733365
24.7298201411
24.7115390977
24.7543727925
24.7635348406
24.5127731841
24.5252275213
24.6002820737
24.6008752515
24.703445225
24.6988110968
24.7427098811
24.7189973728
24.7668076708
24.8308826007
24.8484135398
24.5589104356
24.5674527007
24.5855419591
24.5129630293
24.4713989749
23.8202160638
23.6968082909
23.6924532065
23.5893963118
23.5817245619
23.5684861299
23.130213175
23.0185741304
23.0470746241
23.0267214296
23.0283737402
23.0359244758
23.0213566388
22.8356438987
22.8171864439
22.7732894717
22.7653179055
22.8193463157
22.7223363359
22.6682396126
22.6756805033
22.676803533
22.6093357679
22.6600169197
22.4327789847
21.9954531716
21.7662124711
21.7114703878
21.7665563505
21.7371752947
21.7149018181
21.7465214555
21.7229053729
21.3612109149
21.250560627
21.2164158194
21.0776190938
21.1293182808
21.201390123
21.1214910408
21.0658771987
21.1184117602
21.0926915164
20.9925208366
21.1488318344
21.0043594484
21.0463593978
20.8149227258
20.8797887378
20.7731612353
20.7881663712
20.7109259439
20.6439505795
20.650619621
20.7082712526
20.6912164695
20.7282540153
20.6007790174
20.6529012423
20.6125308886
20.6985390725
20.6290357405
20.4757117035
20.563294707
20.5860227924
20.5992186011
20.4312909794
20.4192184987
20.0418135548
19.9766154004
20.0324722995
19.9302708357
19.9478457609
19.9338363928
19.9334681884
19.8300436475
19.8243821875
19.8083987418
19.7917544404
19.7658352908
19.7974717518
19.79062959
19.7869330197
19.7838827424
19.7396986325
19.704846182
19.6738152782
19.6843284328
19.7166716136
19.6484786688
19.5742905927
19.5624576413
19.4952028322
19.4810373298
19.4998981645
19.4957720966
19.4212583964
19.4026543276
19.3387929499
19.3173474963
19.2622965334
19.2981304457
19.2929720092
19.3128674627
19.3055376645
19.295398947
19.2407398442
19.1346454487
19.1164881918
19.1538948827
19.0685615665
19.033220535
19.0569722037
19.0901206166
19.1211688783
19.0668803231
19.0688960943
19.1156702845
19.1157842079
19.0973891648
19.1378396045
19.1095795907
19.0909866756
19.0400817875
18.9932978946
18.9503618981
18.942488765
18.9196276112
18.9520805378
19.0185919654
18.9752122476
19.0091020442
18.9865667935
18.9849512724
18.9644487643
18.9565165272
19.0118905971
18.982086133
18.9816110982
18.9809006041
18.9816844696
19.0075544591
19.0166663799
19.0437402132
19.0714824537
18.97367873
18.9757668259
19.0475470539
19.0461199099
19.0478789723
19.053371138
19.0468601862
19.0455944684
19.0571629724
19.1028318963
19.1267679514
18.9541288081
18.9674812723
18.9741742511
19.0135967432
18.9814909505
18.9875731352
19.0133728195
18.9880972311
18.9890845677
18.9398019212
18.9692477032
18.9657003203
18.9908907577
18.9906461814
19.0140102464
19.0272508434
19.0199534009
19.0198591777
19.0742176614
19.0698936242
19.0654861473
19.0662571125
19.0707269054
19.0510700444
19.0781261841
19.0812059051
19.0354779046
19.0156475074
19.0308046765
19.0303603926
19.0336343635
