0.00368191 0.00338695 0.00326095
0.00424384 0.00458606 0.00429899
0.00335939 0.0032718 0.00276446
0.00209942 0.00209598 0.00139527
0.00167929 0.00215765 0.00136797
0.00161917 0.00258524 0.00163042
0.00194043 0.00269324 0.00171978
0.00179656 0.00233617 0.00179168
0.00211206 0.00252119 0.00209643
0.00226314 0.00225138 0.00210734
0.00140177 0.00184954 0.00195333
0.00158627 0.00185777 0.00157078
0.00135734 0.00174491 0.00164619
0.00185957 0.00181954 0.00141961
0.00167858 0.00168801 0.00156919
0.00198373 0.00174217 0.00136139
0.00122731 0.00183696 0.00139472
0.00175643 0.00189193 0.00160633
0.00135391 0.00173847 0.00134918
0.00164337 0.00172258 0.00135152
0.00166933 0.00162044 0.00126828
0.0017095 0.00171526 0.00117117
0.00158283 0.00190877 0.00181645
0.00176532 0.00190982 0.00172754
0.00218345 0.00198666 0.00164714
0.00139721 0.00175018 0.00172881
0.00177825 0.00218224 0.00203183
0.00157738 0.00239816 0.0022863
0.0019131 0.00164949 0.00155161
0.00230928 0.00200165 0.00176112
0.00242662 0.00251602 0.00212836
0.00175845 0.00234895 0.00224777
0.00219736 0.00194308 0.0015887
0.00154735 0.0017244 0.00143789
0.0018284 0.00171664 0.00121406
0.00248071 0.00229438 0.00184524
0.00247135 0.00266638 0.00225499
0.00162737 0.00219288 0.00185818
0.00167824 0.00213923 0.00186523
0.00234529 0.00201071 0.00213102
0.00219952 0.0018836 0.00188194
0.00294453 0.00256951 0.00259902
0.00282216 0.00247817 0.00250911
0.0017516 0.00226235 0.00219498
0.00209884 0.00279458 0.00270346
0.00209153 0.00286543 0.00260468
0.00135942 0.00207293 0.00180569
0.00132708 0.00230943 0.0018566
0.00236186 0.00238849 0.0019034
0.00156146 0.00251081 0.00195349
0.00154143 0.00278184 0.00216441
0.00205059 0.00293059 0.00249319
0.00144888 0.00234568 0.00181237
0.00140682 0.00199538 0.00213915
0.00187565 0.00261872 0.00254364
0.00169123 0.00199794 0.00196459
0.00181336 0.00224813 0.00184984
0.00141789 0.00245861 0.00217452
0.00202654 0.00240129 0.00229984
0.00113176 0.00215874 0.00196028
0.00151452 0.00263863 0.00221049
0.00207684 0.00262964 0.00218225
0.00184047 0.00257358 0.00181247
0.00172922 0.00262246 0.00186419
0.00180234 0.00235326 0.00205176
0.00176076 0.00197884 0.00138534
0.00183611 0.00245001 0.00168156
0.0017955 0.00264142 0.00236286
0.00133852 0.00265381 0.00217771
0.00225607 0.00273412 0.00257541
0.00160103 0.00276983 0.00231146
0.00161157 0.00206639 0.00209383
0.00214532 0.00220399 0.00212292
0.00215424 0.00186425 0.00168186
0.00225138 0.00195743 0.00194858
0.00206272 0.00276837 0.00265142
0.00245852 0.0031256 0.00300874
0.00180437 0.00291824 0.0027569
0.00162961 0.00289064 0.00268987
0.00195663 0.00261135 0.00239657
0.00155604 0.0025946 0.00225026
0.00157841 0.00274424 0.00249928
0.00187774 0.00249943 0.00198669
0.00185836 0.00228617 0.00260937
0.00170771 0.00295784 0.00268707
0.00199415 0.00253225 0.00224571
0.0022142 0.00255901 0.00246549
0.00168907 0.00286675 0.00268471
0.00166965 0.0026876 0.00228583
0.00212312 0.00274558 0.00248909
0.00154335 0.00316891 0.00295917
0.00216431 0.00272746 0.00242398
0.00213136 0.00275956 0.00238673
0.00157387 0.00307629 0.00272845
0.0020618 0.0029604 0.0025617
0.00173082 0.00291988 0.00242124
0.00152837 0.00297496 0.00257623
0.00169507 0.00269059 0.00210463
0.00211659 0.00283091 0.00238342
0.00235533 0.00308903 0.00239021
0.00136759 0.00269893 0.00230208
0.00158789 0.00316763 0.00239311
0.00176478 0.00306064 0.00284808
0.00159224 0.00254942 0.00270486
0.00185693 0.00300241 0.00268539
0.001725 0.00300096 0.00287588
0.0026453 0.00258445 0.00296672
0.00173355 0.00285144 0.00282616
0.00208701 0.00323336 0.00290296
0.00197708 0.00229174 0.00278167
0.00182812 0.0027106 0.00251543
0.00221344 0.00272542 0.00253817
0.00179717 0.00303694 0.00253074
0.00185525 0.00236602 0.00212477
0.00184379 0.00222281 0.00204252
0.00165684 0.00283242 0.00266305
0.00244777 0.0032362 0.00311977
0.00260733 0.00314777 0.0029237
0.00186381 0.00346239 0.00312386
0.00229068 0.00388988 0.00341814
0.0021821 0.00333283 0.00365312
0.00246894 0.00349715 0.00373437
0.00281229 0.00425166 0.0042241
0.00293899 0.00479696 0.00457304
0.00332036 0.00521793 0.00497944
0.00354669 0.00577159 0.00559686
0.00392334 0.00538162 0.0059446
0.00344757 0.00529166 0.00596806
0.00389247 0.0058492 0.00593447
0.00378998 0.00500172 0.00604085
0.00389789 0.00580931 0.00576165
0.00356069 0.00576086 0.0055766
0.00370297 0.00601091 0.00566186
0.00373993 0.00592111 0.00549751
0.00402067 0.00476504 0.00570361
0.00403232 0.00559072 0.00569801
0.00399259 0.00454781 0.00574599
0.00368735 0.00595023 0.00560294
0.0038488 0.00565075 0.00559376
0.00363808 0.00582037 0.00532252
0.00368758 0.00477754 0.00528636
0.0032871 0.00425408 0.00524983
0.00305405 0.00406828 0.00439084
0.00304277 0.00363211 0.00424446
0.00297208 0.0046193 0.00450842
0.00347564 0.00444915 0.00493648
0.00323414 0.00445217 0.00463229
0.00327506 0.00485302 0.00460791
0.00352354 0.00434695 0.00465747
0.00338036 0.00458603 0.00421016
0.00369463 0.0053836 0.00487369
0.00372837 0.00485479 0.00484102
0.00368124 0.00405675 0.00493594
0.00395221 0.00460852 0.00517882
0.00398962 0.00418187 0.00496864
0.00371598 0.00399817 0.00516158
0.0044591 0.00455705 0.00452795
0.00361534 0.00486903 0.00499738
0.00378676 0.00459062 0.00508793
0.00443966 0.00539321 0.0045798
0.0043163 0.00465551 0.00555906
0.0034662 0.00411063 0.00495863
0.00332414 0.00415142 0.00458129
0.00386457 0.00443985 0.00496572
0.00453851 0.00483609 0.00428558
0.00400867 0.00470194 0.00473442
0.00340355 0.00487862 0.00466912
0.00363469 0.00432726 0.00420573
0.00416731 0.00524817 0.00404477
0.0034595 0.00355124 0.00403106
0.0040443 0.00482636 0.00367725
0.00335854 0.0043109 0.00421181
0.00367647 0.00440829 0.00423423
0.00454196 0.00477247 0.00371513
0.0035344 0.00413445 0.00387503
0.00340081 0.00303137 0.00368511
0.00352039 0.00411027 0.00424523
0.00375048 0.00375048 0.00386359
0.00378945 0.00378945 0.0038412
0.00379363 0.00379363 0.0038778
0.0036659 0.0036659 0.00378032
0.00369436 0.00369436 0.00379435
0.00372957 0.00372957 0.00381396
0.0038061 0.0038061 0.00391539
0.00375936 0.00375936 0.00386208
0.00377156 0.00377156 0.00388088
0.00379267 0.00392873 0.00401394
0.00384129 0.00384129 0.0039511
0.00396262 0.00396262 0.00406395
0.00390062 0.00367493 0.00401118
0.00391696 0.00391696 0.00402953
0.00365591 0.00371043 0.00404535
0.0040284 0.0040284 0.0041191
0.00393954 0.00393954 0.00404571
0.0039725 0.0039725 0.00408192
0.00405992 0.00405992 0.00416242
0.00393412 0.00393412 0.004039
0.00404405 0.00404405 0.00414359
0.00399623 0.00399623 0.00411222
0.0040361 0.0040361 0.00413524
0.0040425 0.0040425 0.00415017
0.00406991 0.00406991 0.00420955
0.00397962 0.00397962 0.00412198
0.00402538 0.00402538 0.00416536
0.00341869 0.00410485 0.00425842
0.00385606 0.00421637 0.00405468
0.00347352 0.00400498 0.00410853
0.00349985 0.00349985 0.00377986
0.00344027 0.00339032 0.00381871
0.00355303 0.00370434 0.0038229
0.00382067 0.00352466 0.00374624
0.00358226 0.00358226 0.00379493
0.00371785 0.00369666 0.00384824
0.00409149 0.00434961 0.00368032
0.00325056 0.00389747 0.00396812
0.00328728 0.00356627 0.00379407
0.00353842 0.00389908 0.00391014
0.00354311 0.00365495 0.00378905
0.00271286 0.00321375 0.00372206
0.00343688 0.00450916 0.00344154
0.00345537 0.00358502 0.00396229
0.00229142 0.00337649 0.00356548
0.00268672 0.00379673 0.00367798
0.0033652 0.00325026 0.00327087
0.0036487 0.00409147 0.00344732
0.00240606 0.00378231 0.00353379
0.00326818 0.00338152 0.00321954
0.00322531 0.00420175 0.00370621
0.00247713 0.00370882 0.00347726
0.0025613 0.00280525 0.0036833
0.00306074 0.00317424 0.0038342
0.00394086 0.00389589 0.00345162
0.00268515 0.00256102 0.00384587
0.00320054 0.00332887 0.00388836
0.00329158 0.00329158 0.00352078
0.0041506 0.00416345 0.00369565
0.00346896 0.00346896 0.00365816
0.00328211 0.00328211 0.00351912
0.00349946 0.00349946 0.00375008
0.00336608 0.00336608 0.00362001
0.00342901 0.00342901 0.00369488
0.00351181 0.00351181 0.00375217
0.00342361 0.00342361 0.00366607
0.00348882 0.00348882 0.00372929
0.00352011 0.00352011 0.00376923
0.00346541 0.00346541 0.00370446
0.00334479 0.00351181 0.00375048
0.00355631 0.00355631 0.00378419
0.00273178 0.00349963 0.00373211
0.00353084 0.00353084 0.00377439
0.00319385 0.00320528 0.00379835
0.00342073 0.00342073 0.00367479
0.00351891 0.00351891 0.00376118
0.00346094 0.00346094 0.00368731
0.00345056 0.00345056 0.00369166
0.00354376 0.00354376 0.0037965
0.00349639 0.00349639 0.00375316
0.00353904 0.00353904 0.00379928
0.00359557 0.00359557 0.00384373
0.00355584 0.00355584 0.00379369
0.00359667 0.00359667 0.00384245
0.00363006 0.00363006 0.00386084
0.00356606 0.00356606 0.00380964
0.00360377 0.00360377 0.00384952
0.00363697 0.00363697 0.00388583
0.00355339 0.00355339 0.00378692
0.0035852 0.0035852 0.00381217
0.00360841 0.00360841 0.00386948
0.00246635 0.00357662 0.00386468
0.00368874 0.00368874 0.00396381
0.00368602 0.00368602 0.00398923
0.00361734 0.00250082 0.00391487
0.00335572 0.00335572 0.0035845
0.0037101 0.0037101 0.00393652
0.00338676 0.00338676 0.00364095
0.00342617 0.00342617 0.00369053
0.00352042 0.00352042 0.00376209
0.00342688 0.00342688 0.0036679
0.00347693 0.00347693 0.00371746
0.00351125 0.00351125 0.00374274
0.00346837 0.00346837 0.00369698
0.00352229 0.00352229 0.00374855
0.00354464 0.00354464 0.00376896
0.00346297 0.00346297 0.00368678
0.00351672 0.00351672 0.00376559
0.00356937 0.00356937 0.00387524
0.00357799 0.00357799 0.0038791
0.00356969 0.00356969 0.00387463
0.00370074 0.00370074 0.00397699
0.00362145 0.00362145 0.00389842
0.00361977 0.00361977 0.00388638
0.00370969 0.00370969 0.00397763
0.00359562 0.00359562 0.00387545
0.0036556 0.0036556 0.00394106
0.00372597 0.00372597 0.0040054
0.00368301 0.00368301 0.00395539
0.00370929 0.00370929 0.00399218
0.0038282 0.0038282 0.00407531
0.00376664 0.00376664 0.00400494
0.00377683 0.00377683 0.00403777
0.00380427 0.00380427 0.00409071
0.0037908 0.0037908 0.00412936
0.00380342 0.00380342 0.00410034
0.00388194 0.00388194 0.00420155
0.00370598 0.00370598 0.00403562
0.00376827 0.00376827 0.00409773
0.00384854 0.00384854 0.00417819
0.00378622 0.00378622 0.00412489
0.00381046 0.00381046 0.00413685
0.00384894 0.00384894 0.0041392
0.00376447 0.00376447 0.0040664
0.0037934 0.0037934 0.00409995
0.00386461 0.00386461 0.0041815
0.00379385 0.00379385 0.00412211
0.00384548 0.00384548 0.0041796
0.00373736 0.00373736 0.00408531
0.00373359 0.00373359 0.00406547
0.00378016 0.00378016 0.00408839
0.0036939 0.0036939 0.00402215
0.00372405 0.00372405 0.00403957
0.00374111 0.00374111 0.00404278
0.00372248 0.00372248 0.00398885
0.00385234 0.00385234 0.00416061
0.00379235 0.00379235 0.00407161
0.0038064 0.0038064 0.00408648
0.00374743 0.00374743 0.004023
0.00376441 0.00376441 0.00405109
0.00380384 0.00380384 0.0041226
0.00366188 0.00366188 0.00398574
0.00371323 0.00371323 0.00402579
0.00363287 0.00363287 0.00396289
0.00364486 0.00364486 0.00398119
0.00375739 0.00375739 0.0040641
0.00366099 0.00366099 0.00396013
0.00372302 0.00372302 0.00401638
0.00369471 0.00369471 0.00398373
0.00362999 0.00362999 0.00390484
0.00366209 0.00366209 0.00393984
0.00364021 0.00364021 0.00393165
0.00360353 0.00360353 0.0038907
0.00380061 0.00380061 0.00409297
0.00378322 0.00378322 0.00410915
0.00371732 0.00371732 0.0040041
0.00362799 0.00362799 0.00388481
0.00365317 0.00365317 0.0039331
0.00366771 0.00366771 0.00393887
0.00363852 0.00363852 0.00390578
0.00370774 0.00370774 0.00398518
0.00370223 0.00370223 0.00394747
0.00376575 0.00376575 0.00402596
0.00375905 0.00375905 0.00402881
