1.08053 1.08563 1.08549
1.07662 1.07336 1.07416
1.07666 1.07089 1.07229
1.0794 1.07266 1.07728
1.07015 1.07635 1.07896
1.06759 1.0715 1.0753
1.07468 1.06672 1.07526
1.09153 1.08764 1.08402
1.1045 1.09428 1.09063
1.11163 1.09126 1.08663
1.10617 1.11145 1.11468
1.09552 1.11037 1.1031
1.08517 1.09231 1.09534
1.09585 1.08097 1.07615
1.06844 1.07532 1.07755
1.09229 1.0725 1.07383
1.0807 1.10148 1.09349
1.09091 1.10228 1.10078
1.08428 1.09844 1.09693
1.09375 1.07928 1.0762
1.09139 1.07607 1.07986
1.09328 1.07382 1.07837
1.08483 1.09628 1.10017
1.08452 1.09427 1.09472
1.1121 1.10034 1.0936
1.1019 1.11331 1.11674
1.09635 1.1177 1.1134
1.09753 1.11777 1.11646
1.08487 1.08773 1.0885
1.10874 1.08941 1.08707
1.1058 1.09842 1.09047
1.09481 1.11355 1.11411
1.12876 1.11631 1.10891
1.08763 1.10581 1.10541
1.08124 1.09362 1.09153
1.10957 1.09602 1.0932
1.10587 1.09687 1.0912
1.09182 1.1155 1.10938
1.09665 1.12319 1.11604
1.0948 1.12111 1.10899
1.09737 1.09066 1.08887
1.09707 1.10576 1.10119
1.10321 1.10545 1.10388
1.09596 1.11814 1.11597
1.11168 1.13061 1.12765
1.11901 1.13936 1.13592
1.09881 1.11762 1.11371
1.10307 1.12692 1.1194
1.13889 1.13201 1.12157
1.12995 1.15845 1.14668
1.14722 1.17146 1.16616
1.14966 1.17568 1.16859
1.11935 1.15164 1.14031
1.13599 1.14803 1.15472
1.14229 1.15159 1.15694
1.11763 1.12907 1.13527
1.14237 1.13374 1.12406
1.10261 1.13411 1.12555
1.11412 1.10591 1.09667
1.08481 1.10973 1.10854
1.09156 1.11584 1.11119
1.09567 1.09221 1.08511
1.11155 1.10387 1.09339
1.10677 1.10572 1.09428
1.08894 1.10833 1.10998
1.11925 1.10644 1.10201
1.11436 1.10778 1.09904
1.09938 1.12709 1.11976
1.1094 1.14028 1.12831
1.14432 1.12622 1.12988
1.12895 1.16111 1.15012
1.14332 1.17234 1.17423
1.14456 1.16676 1.16406
1.1156 1.14521 1.13453
1.13392 1.1466 1.15311
1.14654 1.17517 1.17355
1.15117 1.14222 1.13742
1.1318 1.16263 1.15728
1.14497 1.17307 1.16878
1.15211 1.14376 1.14086
1.13208 1.15818 1.15072
1.13448 1.16206 1.15936
1.14145 1.13183 1.12908
1.11692 1.14849 1.14133
1.12614 1.15539 1.14942
1.136 1.13032 1.12052
1.15158 1.1414 1.13869
1.12862 1.15055 1.14524
1.09863 1.13102 1.12487
1.15402 1.14618 1.13893
1.12108 1.15292 1.14855
1.13444 1.11888 1.11402
1.14205 1.13272 1.12668
1.11487 1.13611 1.13286
1.08466 1.12053 1.11069
1.10807 1.13181 1.12874
1.11007 1.12955 1.13239
1.07632 1.10292 1.10158
1.12351 1.12006 1.10882
1.12815 1.115 1.11284
1.11426 1.15173 1.13542
1.13674 1.16537 1.15768
1.1368 1.16526 1.15833
1.10783 1.14095 1.13072
1.13025 1.16252 1.14697
1.12897 1.16002 1.14882
1.13857 1.13538 1.1241
1.12173 1.14328 1.14273
1.12303 1.14983 1.14617
1.10166 1.11953 1.11813
1.10024 1.1324 1.12431
1.13844 1.13191 1.12938
1.12732 1.15661 1.14755
1.17029 1.16351 1.1628
1.14396 1.17466 1.16668
1.16642 1.19388 1.1912
1.17504 1.17036 1.16389
1.19176 1.1832 1.17329
1.1724 1.20438 1.19797
1.20159 1.22587 1.21731
1.21573 1.24591 1.23872
1.23421 1.2632 1.25391
1.25209 1.28337 1.27244
1.27054 1.30937 1.29761
1.29992 1.33723 1.32792
1.32866 1.36293 1.3584
1.35036 1.36233 1.38274
1.33674 1.35027 1.36857
1.33029 1.35048 1.35755
1.33016 1.34449 1.36355
1.32203 1.34782 1.34902
1.29196 1.32635 1.32221
1.30205 1.33743 1.33109
1.32293 1.35622 1.34934
1.34091 1.3486 1.36658
1.32025 1.35408 1.34576
1.32382 1.33476 1.35006
1.30699 1.34733 1.33438
1.31353 1.35147 1.34016
1.32305 1.35716 1.34938
1.34272 1.353 1.36829
1.348 1.35294 1.37536
1.32613 1.33519 1.35195
1.33804 1.34345 1.36173
1.32106 1.34913 1.34755
1.33766 1.3437 1.3621
1.32439 1.33972 1.34802
1.3185 1.34556 1.34385
1.32792 1.33732 1.35056
1.30622 1.32762 1.3241
1.30866 1.34405 1.33472
1.32159 1.34777 1.34325
1.33821 1.33813 1.35795
1.34039 1.35217 1.36382
1.32497 1.33363 1.35074
1.33164 1.3394 1.35765
1.34504 1.3461 1.33797
1.32235 1.35468 1.34387
1.34683 1.34916 1.36677
1.35322 1.3561 1.34463
1.34893 1.35061 1.36829
1.34999 1.35973 1.37614
1.34001 1.34468 1.35877
1.34175 1.3435 1.36123
1.3501 1.34987 1.33773
1.34301 1.34144 1.35853
1.34597 1.35178 1.365
1.33867 1.34059 1.35054
1.34118 1.35303 1.34028
1.3463 1.34902 1.36237
1.35479 1.35739 1.34457
1.34589 1.35257 1.36392
1.35183 1.35232 1.36865
1.35466 1.35899 1.34855
1.35562 1.36689 1.36914
1.35248 1.3585 1.36897
1.35949 1.35565 1.37195
1.35343 1.35343 1.35628
1.35308 1.35308 1.35497
1.35604 1.35604 1.3579
1.35634 1.35634 1.35816
1.35609 1.35609 1.35794
1.35627 1.35627 1.35803
1.35891 1.35891 1.36065
1.35925 1.35925 1.36094
1.35915 1.35915 1.36099
1.35059 1.362 1.36337
1.36178 1.36178 1.36376
1.36465 1.36465 1.36644
1.36487 1.35528 1.36673
1.36493 1.36493 1.36675
1.35427 1.35366 1.36675
1.36763 1.36763 1.3693
1.36791 1.36791 1.36971
1.36805 1.36805 1.36989
1.37078 1.37078 1.37242
1.3709 1.3709 1.37271
1.37383 1.37383 1.37566
1.37413 1.37413 1.37599
1.37419 1.37419 1.37603
1.37419 1.37419 1.37599
1.37683 1.37683 1.37842
1.37719 1.37719 1.37879
1.37733 1.37733 1.37895
1.37058 1.37344 1.38161
1.3599 1.35963 1.36994
1.35971 1.35919 1.373
1.35271 1.35271 1.35404
1.34331 1.34248 1.35293
1.35428 1.3438 1.35556
1.34557 1.35538 1.35595
1.35577 1.35577 1.35628
1.34828 1.3477 1.35813
1.3626 1.35662 1.34486
1.35369 1.36562 1.37488
1.353 1.35336 1.36417
1.35624 1.357 1.36729
1.35276 1.34318 1.35417
1.34656 1.34538 1.35591
1.35207 1.34904 1.34223
1.34374 1.34441 1.35474
1.3461 1.34749 1.35804
1.3364 1.3484 1.34619
1.33345 1.32793 1.33047
1.33524 1.33501 1.33069
1.33515 1.34538 1.3406
1.33725 1.33971 1.33267
1.33572 1.35918 1.34547
1.3383 1.35572 1.3477
1.3496 1.34968 1.36281
1.35264 1.35476 1.36814
1.35815 1.35521 1.34468
1.3518 1.35243 1.36256
1.35329 1.35613 1.36616
1.35009 1.35009 1.35112
1.36509 1.35972 1.35038
1.35227 1.35227 1.35297
1.3516 1.3516 1.35273
1.3547 1.3547 1.35552
1.35481 1.35481 1.35601
1.35505 1.35505 1.35634
1.35724 1.35724 1.35831
1.35813 1.35813 1.3591
1.35841 1.35841 1.35934
1.36007 1.36007 1.36127
1.36046 1.36046 1.36149
1.35135 1.36057 1.3616
1.36254 1.36254 1.36343
1.35363 1.36298 1.36378
1.363 1.363 1.36388
1.3567 1.35623 1.36593
1.35148 1.35148 1.35239
1.35247 1.35247 1.35327
1.35344 1.35344 1.35409
1.35316 1.35316 1.35392
1.35507 1.35507 1.356
1.3557 1.3557 1.35667
1.356 1.356 1.35701
1.35823 1.35823 1.35916
1.35873 1.35873 1.35952
1.35878 1.35878 1.35967
1.36058 1.36058 1.36143
1.36089 1.36089 1.36172
1.36101 1.36101 1.36204
1.36277 1.36277 1.36382
1.36319 1.36319 1.36398
1.36316 1.36316 1.36391
1.36477 1.36477 1.36573
1.35825 1.36535 1.36644
1.36735 1.36735 1.36812
1.36787 1.36787 1.36892
1.36785 1.36144 1.36886
1.3536 1.3536 1.35444
1.35266 1.35266 1.35357
1.3527 1.3527 1.35381
1.35336 1.35336 1.35453
1.35568 1.35568 1.35672
1.35598 1.35598 1.35699
1.35594 1.35594 1.35694
1.3579 1.3579 1.35886
1.35837 1.35837 1.35917
1.3584 1.3584 1.3592
1.3603 1.3603 1.36123
1.36069 1.36069 1.36157
1.3608 1.3608 1.36184
1.36266 1.36266 1.36387
1.36557 1.36557 1.36657
1.36573 1.36573 1.36708
1.36813 1.36813 1.36915
1.36836 1.36836 1.36959
1.36739 1.36739 1.36844
1.36861 1.36861 1.37001
1.36917 1.36917 1.37044
1.37027 1.37027 1.37156
1.37319 1.37319 1.37443
1.37363 1.37363 1.37479
1.37331 1.37331 1.37459
1.37512 1.37512 1.37625
1.37535 1.37535 1.37649
1.37566 1.37566 1.3767
1.37795 1.37795 1.37902
1.37839 1.37839 1.37974
1.3786 1.3786 1.37982
1.38141 1.38141 1.38268
1.38096 1.38096 1.38229
1.38085 1.38085 1.38215
1.38354 1.38354 1.38473
1.38402 1.38402 1.38518
1.38404 1.38404 1.38532
1.38629 1.38629 1.38733
1.38655 1.38655 1.38772
1.38689 1.38689 1.38805
1.38917 1.38917 1.39004
1.38931 1.38931 1.39025
1.39177 1.39177 1.39288
1.392 1.392 1.39324
1.39221 1.39221 1.39336
1.39467 1.39467 1.39583
1.395 1.395 1.39624
1.39516 1.39516 1.39629
1.39785 1.39785 1.39853
1.39842 1.39842 1.3985
1.39972 1.39972 1.4007
1.40025 1.40025 1.40092
1.40197 1.40197 1.40303
1.40202 1.40202 1.40289
1.4023 1.4023 1.40332
1.40435 1.40435 1.40461
1.4042 1.4042 1.40437
1.406 1.406 1.40557
1.40561 1.40561 1.40599
1.40586 1.40586 1.40636
1.40758 1.40758 1.40762
1.40762 1.40762 1.40818
1.40786 1.40786 1.40831
1.40912 1.40912 1.40953
1.40933 1.40933 1.4096
1.40981 1.40981 1.4101
1.40972 1.40972 1.40994
1.41132 1.41132 1.41192
1.41208 1.41208 1.41248
1.41453 1.41453 1.41522
1.41632 1.41632 1.41701
1.41639 1.41639 1.41714
1.41847 1.41847 1.41881
1.41905 1.41905 1.41938
1.41961 1.41961 1.4199
1.42154 1.42154 1.42148
1.42187 1.42187 1.42226
1.42224 1.42224 1.42262
1.4241 1.4241 1.4243
