-nan -nan -nan
-nan -nan nan
-nan -nan -nan
0.0401222585861 -nan -nan
0.0437596888426 0.0253845360822 -nan
0.04654798094 0.0265852092685 0.0471513274792
6.25564856802 0.0275534513063 0.0487068387951
6.43484041699 5.20780544529 0.0500051446463
6.58817788331 5.33168611916 2.86087951478
5.03779547799 5.43971574796 2.91867826631
5.1264799629 4.15445584462 2.96983447672
5.20591569207 4.21503214224 2.26869273118
4.221062081 4.26982701355 2.29991084994
4.27347795562 3.55222638796 2.32838284049
4.32161834742 3.59021659013 1.88923805662
3.63631870955 3.62531833838 1.90869706669
3.67067693444 3.10204823336 1.9267707352
3.70273562031 3.12801354354 1.61981171888
3.2003014518 3.15233935461 1.63299832959
3.22453558475 2.74667784365 1.64539694015
3.24739528457 2.76537356518 1.41942828927
3.60508472502 2.78306038419 1.42889636744
3.62634487276 3.1829993721 1.437877159
3.64655928913 3.20011557938 1.53292296898
3.28294187468 3.21642560991 1.54104677344
3.29927261297 2.94184163212 1.54880353199
3.31489440393 2.95499013561 1.44303613243
3.02350945279 2.96758936741 1.44938577845
3.03639121261 2.72101040999 1.45547981848
3.04877262394 2.7316289328 1.33278810576
2.80435194676 2.74184901432 1.33796852661
2.81490445592 2.53684219423 1.34296094634
2.82508619256 2.54565383627 1.23553795299
2.61468913768 2.55416542544 1.23981320457
2.62347972142 2.37465660821 1.24394723533
2.63198837974 2.38207490058 1.31164067382
2.77767635464 2.38926200686 1.31554321714
2.78574089848 2.33341338856 1.31932748663
2.79356757891 2.33977765861 1.33158159679
2.62051703163 2.34595911433 1.33503693023
2.62744476394 2.20442199889 1.33839553465
2.63418337512 2.20986459825 1.27600537457
2.48551404964 2.21516221995 1.27895512889
2.4914699748 2.10035888468 1.2818281687
2.49727458649 2.1050409222 1.22570415714
2.36091144742 2.10960670014 1.22824909308
2.36613237184 2.0019726813 1.23073223378
2.37122926835 2.00611535324 1.17355313445
2.24816904714 2.01016169844 1.17582878188
2.25277951341 1.91093018427 1.17805261402
2.25728713802 1.91461220143 1.32766849473
2.15075767669 1.91821372552 1.33000583768
2.15483047446 2.28460071849 1.33229308338
2.15881765384 2.28861006778 1.28820158918
2.05801442832 2.29253672032 1.29027278177
2.06165787055 2.19218015685 1.29230204411
2.06522889295 2.19575963396 1.24867293061
1.9729700227 2.1992692323 1.25051832528
1.97625139601 2.14286525626 1.25232832581
1.97947091845 2.14608290494 1.20959125816
1.89472787058 2.14924093196 1.21124479365
1.89769677807 2.06480587548 1.21286820065
1.90061247743 2.06773551684 1.1716197139
1.82264153441 2.07061350129 1.17314445526
1.82533869038 1.99250175132 1.17464273878
1.82798977652 1.99518426712 1.13586368902
1.79661662373 1.99782166905 1.13727557464
1.79908392278 2.17294060042 1.13866407586
1.8015109681 2.17564713894 1.12987689034
1.73919372365 2.1783101712 1.13117805356
1.74144513065 2.11064127131 1.132458605
1.74366138367 2.11311183469 1.09553835867
1.68335835389 2.11554436676 1.09673656169
1.68542334536 2.05345037121 1.09791657668
1.68745742202 2.05571405507 1.07233483734
1.62901031454 2.0579443088 1.07343404096
1.63091988997 2.00116640675 1.07451722863
1.63280200917 2.00324770286 1.04843835675
1.57794465556 2.00529946363 1.04944961308
1.57971536642 1.94510391 1.05044670345
1.58146158775 1.94704559909 1.02428862746
1.52996160101 1.94896077087 1.0252462083
1.53160713829 1.90134089702 1.02619087369
1.53323075297 1.90313726746 1.52143087851
1.48511259754 1.90490999535 1.52287497937
1.48664405203 1.85207055254 1.52430030119
1.48815582682 1.85374188407 1.48835784538
1.44267141201 1.85539198925 1.48969825028
1.44410067639 1.80667685907 1.49102182823
1.44551220312 1.8082341056 1.45838050972
1.40264615073 1.80977224434 1.45962795941
1.40399409895 1.77491884199 1.46086027347
1.40532587275 1.77637150518 1.43121121283
1.36441000473 1.77780692785 1.43237508088
1.36567339102 1.7372070724 1.43352528515
1.36692210379 1.73856512776 1.39678998814
1.32824398373 1.73990757694 1.39788822674
1.32943028376 1.69694966476 1.39897397702
1.33060323391 1.69823207749 1.36402367259
1.29369171964 1.6995002068 1.36506298902
1.29480821791 1.65843381648 1.36609084718
1.29591253078 1.65964700778 1.36165347306
1.2608239739 1.6608470902 1.36263801397
1.26187661547 1.6373697515 1.36361202151
1.26291810505 1.63851197604 1.3659110608
1.22878434553 1.63964221654 1.36684880419
1.22978156212 1.61685742734 1.36777680318
1.23076851464 1.61793451884 1.34065483023
1.19955665164 1.61900062837 1.34153849996
1.20049886019 1.58325803636 1.34241324377
1.20143163937 1.58428082406 1.31282353493
1.17236466957 1.5852934696 1.3136619178
1.17325572635 1.56039273922 1.31449206246
1.174138106 1.56135937143 1.28642091489
1.17501196953 1.53144781509 1.28721628289
1.14603119715 1.53237207711 1.28800404232
1.14686827377 1.53328757492 1.26629753207
1.14769748178 1.50625569956 1.26705040667
1.14851896219 1.47637429708 1.26779626504
1.14933285231 1.44766222179 1.26853523186
1.15013928591 1.41991614421 1.26926742855
1.15093839325 1.42525627537 1.26999297343
1.1517303013 1.40203278917 1.27071198175
1.1525151338 1.39437710603 1.27142456586
1.15329301135 1.37654185666 1.27213083527
1.15406405157 1.35781530783 1.27283089675
1.15482836912 1.35725717205 1.27352485444
1.1555860759 1.34282865295 1.27421280991
1.15633728103 1.32212053236 1.27489486225
1.157082091 1.30280362416 1.27557110814
1.12884834748 1.30344051341 1.27624164197
1.12956411464 1.30407206471 1.25704545568
1.13027392886 1.28420573331 1.25768823956
1.13097788469 1.26540023047 1.25832571827
1.13167607448 1.25007619516 1.25895797546
1.13236858845 1.25066515674 1.24924482475
1.13305551473 1.23602054261 1.24985355951
1.13373693945 1.2366025856 1.25586543474
1.13441294682 1.23718000131 1.23257377858
1.13508361912 1.22541369282 1.23314998783
1.13574903681 1.22597208744 1.22544376041
1.13640927858 1.20905916283 1.22599989674
1.13706442139 1.20960050928 1.20825147742
1.13771454049 1.19863456384 1.20878680303
1.13835970955 1.19915863544 1.19274676646
1.13900000061 1.19774446106 1.19326241214
1.1396354842 1.18173716044 1.19377418622
1.14026622933 1.18223622317 1.17424764378
1.11365906803 1.18273159018 1.17474219523
1.11426614469 1.16821830289 1.17523310929
1.11486878655 1.16869903966 1.15642134357
1.11546705556 1.15478497876 1.1569007257
1.11606101243 1.15525163827 1.14891324111
1.11665071662 1.14021430946 1.14937696972
1.11723622638 1.14066892534 1.13148911134
1.11781759881 1.12749393333 1.13193826076
1.11839488985 1.12793560443 1.11415139735
1.11896815433 1.11762321726 1.11458868419
1.09459607236 1.11805211843 1.11502294057
1.09515762827 1.10834039053 1.11545420669
1.09571534185 1.10875706397 1.1020766227
1.09626926342 1.09497856262 1.10249376692
1.09681944235 1.09538582668 1.08629578502
1.07165957726 1.09579035613 1.08670045745
1.07219056443 1.08267628182 1.08710242946
1.07271803006 1.08307074143 1.07117309765
1.07324201887 1.09591477365 1.07156353741
1.07376257475 1.08405783042 1.0719514192
1.07427974079 1.08358463447 1.0723367751
1.07479355925 1.07191633908 1.07271963663
1.05613787447 1.07228899481 1.07310003471
1.05663350594 1.07265926698 1.05865031244
1.05712598597 1.06078105731 1.05901935599
1.05761535294 1.06672662603 1.05938606676
1.05810164457 1.05479340571 1.05975047298
1.05858489787 1.05515027722 1.04464430296
1.03708602716 1.05550493187 1.04500116988
1.03755276104 1.04360553189 1.04535583267
1.03801662861 1.04395275891 1.03035187419
1.03847766362 1.03258243979 1.03069757872
1.01690446095 1.03292194785 1.03104118413
1.01735031201 1.02178881358 1.03138271485
1.01779348601 1.02212084562 1.01674745252
1.01823401378 1.011415796 1.01708055419
0.997496106359 1.01174041986 1.01741167783
0.997922435949 1.0120631266 1.00319102249
0.9983462615 1.00145713521 1.00351397545
0.998767611214 1.00177282623 0.989779038872
0.999186512825 0.991193319251 0.990093913493
0.979244124952 0.991502387382 0.990406968458
0.979649827439 0.981279309627 0.990718223936
0.980053210261 0.981581818264 0.977371003266
0.980454298859 0.971534376077 0.97767456223
0.961536745267 0.971830547187 0.977976403781
0.961925381889 0.972125051436 0.964818858316
0.962311842619 0.96236089678 0.965113578215
0.962696150828 0.962649242696 0.952297188886
0.944228137155 0.962935990837 0.952585012432
0.944600814037 0.953254054038 0.952871249262
0.944971446885 0.943770271029 0.953155916158
0.945340057211 0.944046985844 0.94287793702
0.927603161427 0.944322198256 0.943155125542
0.927960817273 0.935006888621 0.943430816639
0.928316550641 0.935276587963 0.931246456376
0.928670381364 0.926083831142 0.931515909572
0.929022328974 0.926348212532 0.919579149008
0.917715885251 0.926611193787 0.919842641987
0.918057569037 0.917486899864 0.920104746366
0.918397460934 0.917744825703 0.908704007222
0.902173875108 0.918001405462 0.908960098919
0.902503988347 0.909186566352 0.909214860558
0.902832395317 0.909438169649 0.897915235683
0.903159112951 0.901166469135 0.898164394821
0.886437782491 0.901413064366 0.898412278374
0.886755560498 0.892633900402 0.898658898881
0.887071726954 0.892875998475 0.887422206665
0.887386297555 0.884608785398 0.887663775657
0.88769928777 0.8848462724 0.876628773337
0.873981426527 0.885082571825 0.876865535151
0.874285624198 0.876553675586 0.877101118493
0.87458831471 0.87678578441 0.869909524328
0.874889512404 0.868442646827 0.870139482821
0.861216396997 0.868672486439 0.870368312375
0.861509304608 0.868901202821 0.860489775697
0.861800787251 0.860726071999 0.860713553745
0.847633047136 0.860950699116 0.860936248035
0.847916734155 0.853418190506 0.86115786865
0.848199059539 0.85363861678 0.851025722755
0.848480035846 0.845687937218 0.851242829364
0.848759675462 0.845904518533 0.841108934711
0.835144818475 0.846120074041 0.841321988438
0.835417104716 0.838579622724 0.841534037492
0.835688112574 0.838791316803 0.834297697463
0.835957853585 0.830616255236 0.834504946981
0.822524452476 0.830824978666 0.834711231887
0.822787257113 0.831032734814 0.825218124909
0.823048849066 0.823656691975 0.825420350853
0.823309239092 0.823860819634 0.818782070732
0.823568437805 0.816668839121 0.818979827156
0.810291847397 0.816869407388 0.819176682656
0.810544545855 0.81706906578 0.810029007932
0.810796102767 0.810048319742 0.810222128749
0.797921778457 0.810244514206 0.810414380809
0.798167120546 0.810439829765 0.80226406443
0.798411368124 0.803532596446 0.802452339096
0.798654530576 0.796638155375 0.802639777309
0.798896617171 0.79682771797 0.793742487777
0.786361054438 0.797016445297 0.793926576452
0.786597271554 0.790295491346 0.794109857291
0.786832456297 0.79048104203 0.788027722334
0.787066617341 0.784132766566 0.788207150829
0.787299763256 0.784315149132 0.780538760078
0.775299373939 0.784496744215 0.780714609902
0.775526934517 0.777999828057 0.78088970349
0.775753520379 0.778178417985 0.772614816861
0.775979139556 0.771631852938 0.77278678174
0.764227290551 0.771807559741 0.772958015866
0.764447603915 0.771982522833 0.764821191736
0.764666988421 0.766557183447 0.76498941048
0.764885451603 0.7603527958 0.765156922774
0.765103000903 0.76052270134 0.757231786866
0.753636171859 0.760691898884 0.757396335193
0.753848697085 0.75458026399 0.757560200497
0.754060343539 0.754746756478 0.749881790889
0.75427111821 0.748795454154 0.750042730427
0.743217432841 0.748959287956 0.75020300958
0.743423398483 0.749122452056 0.745357479155
0.743628525393 0.745410153521 0.745514622199
0.743832820145 0.745570584435 0.737921989201
0.744036289234 0.739777813791 0.738076511415
0.73335178755 0.739935732365 0.738230411466
0.733550679661 0.734145967759 0.738383694173
0.733748776921 0.734303391986 0.731216503038
0.733946085442 0.728963650467 0.731367098663
0.723433331436 0.729118580693 0.731517096897
0.723626282367 0.729272898595 0.724390035441
0.723818473506 0.724628065387 0.724537470028
0.724009910609 0.719005939757 0.724684326176
0.724200599372 0.719156081232 0.717806173097
0.713944126105 0.719305637922 0.717950497304
0.714130672067 0.713692831306 0.718094261418
0.714316496689 0.713840177045 0.711292000587
0.704468631274 0.713986955071 0.71143332918
0.704650453232 0.708619378361 0.711574115191
0.704831579636 0.708763965763 0.712599614878
0.705012015608 0.708908002016 0.705720947377
0.705191766217 0.703600922215 0.705858033276
0.705370836472 0.703742831038 0.699799807503
0.695571223468 0.703884204627 0.699934526013
0.695746525852 0.698656960312 0.700068738188
0.695921171669 0.698796262997 0.69366486018
0.696095165653 0.693684875815 0.693796897794
0.686594867788 0.693822144053 0.693928444311
0.686765244085 0.693958903504 0.687418011059
0.686934991053 0.688903663616 0.687547545309
0.687104113168 0.683942971683 0.687676602732
0.687272614859 0.684076302168 0.681617531732
0.678210728019 0.684209145199 0.681744495851
0.6783757546 0.679332991674 0.681870997367
0.67854018193 0.679463933627 0.676132790301
0.6787040142 0.675628807955 0.676257209891
0.669415078753 0.675757801569 0.676381180723
0.669575636255 0.675886331487 0.670672784235
0.669735618526 0.671186436216 0.670794748747
0.669895029535 0.666451933364 0.670916277749
0.670053873211 0.666577326881 0.665213555369
0.661434870125 0.666702275607 0.665333156868
0.661590527721 0.662102571476 0.66545233552
0.661745636803 0.662225781017 0.659854268788
0.661900201095 0.657686867223 0.65997157295
0.653410571055 0.657808373428 0.66008846645
0.653562083388 0.657929455645 0.654610586229
0.653713068743 0.653443402249 0.654725652449
0.653863530652 0.653562825354 0.649317685148
0.64561309654 0.653681835769 0.649430971551
0.645760622139 0.649295122539 0.649543867727
0.645907641199 0.649412509661 0.645142402702
0.646054157072 0.645053881222 0.645253465718
0.637998416195 0.645169681916 0.64536414982
0.638142109115 0.645285088786 0.643762110898
0.638285314898 0.641024920729 0.643871100573
0.638428036726 0.641138774717 0.638827504799
0.63857027775 0.636900009361 0.638934833352
0.638712041093 0.637012345865 0.633569106922
0.631527263389 0.637124306292 0.633674912172
0.631666295212 0.632691536512 0.633780364313
0.631804864479 0.632802056857 0.632030115864
0.631942974155 0.630379650501 0.632133975782
0.632080627178 0.630488658755 0.626905041118
0.625079464559 0.630597307686 0.627007458716
0.625214500484 0.626264025218 0.627109539752
0.625349094013 0.626371298147 0.622459518304
0.625483247942 0.622479649922 0.622560081314
0.618045321023 0.622585517583 0.622660316869
0.618176986748 0.62269104156 0.617964120387
0.618308226332 0.618650555817 0.618062896543
0.618439042432 0.614753748231 0.618161353969
0.611234123669 0.614856920543 0.618259494647
0.611362537983 0.614959761933 0.613500992731
0.611490541641 0.610840367551 0.613597743123
0.611618137175 0.610941938547 0.60898364228
0.60478019275 0.611043186658 0.60907901816
0.604905461425 0.607362317455 0.609174091745
0.60503033423 0.607462273793 0.604430286852
0.605154813577 0.603714882062 0.604524062654
0.598270690768 0.603813582278 0.604617543847
0.598392938333 0.603911973323 0.599804372412
0.598514804082 0.600221327658 0.599896626782
0.598636290315 0.596402222396 0.599988593851
0.598757399309 0.596498498294 0.595349419632
0.59204597503 0.5965944761 0.595440158326
