89.8102050861
90.3919695818
90.1314720466
89.8364583228
89.9365010903
89.9324469165
89.9826374334
89.9805852812
86.1218579557
88.1607084612
84.3425753939
82.7477445216
82.9895875007
82.7405081876
82.7590196037
82.7313995821
82.7379233258
82.7326160807
82.7869105106
82.7922085784
82.7945051857
82.769603724
82.7900782816
82.8428323834
82.9895115391
82.9897065817
80.8415676952
80.5453797217
80.2473581054
79.4583777391
77.1375668738
75.7345689709
75.7647180194
75.7617727911
75.7647713087
75.7503007398
75.7183949481
75.7769093455
75.7779645688
75.7953735123
75.821757286
75.810825098
75.8144358105
75.8082884479
75.7920275102
72.8665764521
69.7446511071
68.9146650586
68.9486466098
68.9385892073
68.936688507
68.8755445766
68.8977854701
68.8993893622
68.9484494428
68.9478738803
68.9495545357
69.0072996087
68.9975671403
68.987301486
67.4405391888
65.1577198935
63.9043972328
63.903639607
63.6504485793
62.2150036417
62.1747691698
62.2265349762
62.2666136587
62.2685659608
62.1940110516
62.2316697091
62.2384929116
62.270185426
62.3086800084
62.271240145
62.3123560602
61.1589493492
59.3535460334
58.2807319319
57.8131096412
57.8319669649
57.3307863922
57.0780558252
57.2665679957
57.0043622936
56.0683254323
56.0794876685
55.5760912601
55.5938935737
55.5990317254
55.6023651222
55.7208019881
55.8244968201
54.5807445891
53.5880781149
53.3198186665
52.3958053116
51.673598435
51.9353030463
51.2312057892
50.7281137626
50.246562694
49.3217440708
49.3674075245
49.3713877681
49.3458650179
49.4183664689
49.3800422621
49.3583045115
49.5149929012
49.4920177804
49.5917846881
49.6288753707
49.0442474182
48.28972414
47.6849722693
46.9414755983
46.5497361676
45.7997956374
45.5682004961
45.2088655049
44.8272876676
44.2626689797
44.1829448863
44.2684503415
43.9891377674
42.7733667096
42.3818668537
41.7139277262
41.7353536067
41.5865613416
40.9757203038
40.4267323632
40.1252263945
39.8155030728
39.4421176803
39.1398602732
38.7896137215
38.7932241729
38.3791978592
38.4330190827
38.1706067404
38.1705284468
37.4013131932
37.1398791518
37.1597820987
36.7170186339
36.7828727171
36.6368998767
36.1620337612
35.8792898268
35.4562268924
34.9347807338
34.0307179695
34.0156462556
33.7979603111
33.8712727121
33.7500865063
33.6602632039
33.7063698936
33.7686317472
33.8530518988
33.6844216516
33.7553367824
33.8676038819
33.3722677471
33.2173286984
32.6204396111
32.0571691851
32.4054631002
32.7479444332
32.4025253297
32.0489805846
31.7906577278
32.0683425113
32.2968401752
32.2245267775
31.7323906087
31.6488287293
31.129309652
31.0325659963
30.6438105104
31.1300915571
31.0275935974
30.672615165
30.6333999638
30.4223914278
30.5408181571
30.4879144626
30.25223838
30.2907418549
30.0814734376
30.1807539789
30.300591899
30.0351898115
29.9636333653
29.9341232621
29.9281609362
29.8785264729
29.844962056
29.7601756674
29.6567299523
29.9876440716
29.398810175
29.895853576
29.3048337905
29.6451695472
29.2981571783
29.2023868297
29.0700702241
29.316809527
29.2799794901
29.6209207319
29.4134231738
29.6535690931
29.3700329094
29.0322145525
28.7829816794
28.7479268308
28.7869969084
28.4410661736
28.6962353445
28.336428368
29.1950723039
29.1607842472
28.4126205273
28.3676529325
28.4299385465
28.3358824395
28.8926835643
28.9070877109
28.3811094327
28.362295967
28.3284838271
28.35445202
28.2771599253
28.2903659104
28.3576851646
28.3683674651
28.3317281786
28.2752099277
28.2313536968
28.2768428945
28.2863439886
28.26005427
28.2115890205
28.3684301081
28.3139205424
28.3038183135
28.2757105431
28.2624352653
28.3087092208
28.3517062574
28.3678803519
28.5272163647
28.4897249332
28.4185112463
28.5527299727
28.6012153155
28.4994020136
28.5811410358
28.6087731245
28.4990290727
28.5062799991
28.4287357111
28.4819624163
28.5263189269
28.4562882851
28.5058218922
28.5093064969
28.5515767763
28.4435386749
28.6268144254
28.2888197415
28.2923185563
28.6909378565
28.3047968244
28.3068523706
28.3307983068
28.3417965841
28.3390290588
28.7247087239
28.2977597305
28.2743510056
28.2714201803
28.1357121455
28.3818100637
28.4129019385
28.1572677425
28.3015856473
27.7632907167
28.1520995297
28.37830437
28.3395889742
27.8323218196
28.374578715
27.8302442109
27.7667684108
28.1356704053
28.1461538541
27.5059914524
27.7607374165
27.778866318
27.568187471
27.516284799
27.3754152495
27.3938749602
27.4016433518
27.4078629413
27.3653197176
27.3516034004
27.499131277
27.3555943954
27.5384085261
27.540312945
27.5236394927
27.6683800121
27.5167017468
27.380064174
27.3417644072
27.3604676584
27.6944917386
27.6662482339
27.51590549
27.3717981232
27.6782618915
27.6559005999
27.9402312075
27.8768623075
27.7777079918
27.2992610396
27.3790954578
27.4082144864
27.5400043043
27.4777955514
27.3268239596
27.3453571105
27.4048212176
27.5525779693
27.3580565445
27.3290437922
27.3736859742
27.5488132877
27.396018183
27.3416100151
27.5435534596
27.6772592144
27.4762956382
27.3315432994
27.3800495983
