0.00434934 0.0034874 0.00326095
0.00465569 0.00485039 0.00462006
0.00263696 0.0031417 0.00275531
0.00277412 0.00187402 0.00128572
0.00308127 0.00225315 0.00160211
0.00332576 0.00251569 0.00183143
0.00265899 0.00248269 0.00159922
0.00220436 0.00283491 0.00237717
0.00238714 0.00264647 0.00229735
0.0018418 0.00243288 0.00200494
0.00232327 0.00224255 0.00196313
0.00304028 0.00247907 0.00242939
0.00202314 0.00238125 0.00222036
0.00222601 0.00244427 0.00219036
0.0020171 0.00169514 0.00158162
0.0018325 0.00153405 0.00138687
0.0025779 0.00207881 0.0018543
0.00201367 0.00132992 0.00116107
0.00162527 0.00167058 0.00117898
0.00250812 0.00171398 0.0013933
0.00188978 0.0016278 0.0012208
0.00144019 0.00166214 0.00105838
0.00179354 0.00162875 0.00115109
0.00138715 0.00175607 0.00108396
0.00213055 0.00171393 0.00107722
0.00152759 0.0015175 0.00118916
0.00179737 0.00159603 0.00138219
0.00181479 0.0018042 0.00143988
0.00236771 0.00187193 0.0015879
0.00213443 0.00164336 0.00166546
0.00242803 0.00200529 0.00164216
0.00268538 0.00248446 0.0023007
0.00228256 0.00257919 0.00227879
0.00211662 0.00223463 0.00214149
0.00147408 0.0014907 0.00128981
0.00371143 0.00169874 0.00134892
0.00246043 0.00213592 0.00207837
0.00220029 0.00208772 0.00153113
0.00337942 0.00196229 0.00162163
0.00271103 0.00218737 0.00172291
0.00161056 0.00147539 0.00109876
0.00206583 0.00211517 0.00169105
0.00294233 0.00288615 0.00251989
0.00174891 0.00177848 0.00131918
0.00283538 0.00250619 0.00209519
0.00297394 0.0032216 0.0028786
0.0036191 0.00309764 0.00302944
0.00255957 0.00231895 0.00231911
0.00351621 0.00209345 0.00206963
0.00227925 0.00127078 0.00113336
0.00166459 0.00138035 0.00125387
0.00191331 0.00198623 0.00188997
0.00213992 0.00231134 0.0020365
0.00187361 0.00212936 0.00187773
0.00167789 0.00180797 0.00157199
0.0014615 0.00213084 0.00173449
0.00166447 0.00223555 0.00191232
0.00199861 0.00250794 0.00197749
0.00166815 0.00170701 0.00142356
0.0016258 0.00185579 0.0010959
0.0018322 0.00218009 0.0019741
0.00221044 0.00214837 0.00171671
0.00169515 0.00198843 0.00152221
0.00176464 0.00221974 0.00183007
0.0023832 0.00197672 0.00174292
0.00210045 0.00172362 0.00133933
0.00155398 0.00196121 0.00180222
0.00200207 0.00251791 0.00213251
0.00217094 0.00269033 0.00242118
0.00200891 0.00261659 0.00219204
0.00192103 0.00245496 0.00248638
0.00212663 0.00256218 0.00196668
0.00173419 0.0022765 0.00187082
0.00210373 0.00225972 0.00187178
0.00207708 0.00205575 0.00167381
0.00187958 0.00240984 0.00171623
0.00209901 0.00287087 0.00201977
0.00174073 0.00264047 0.00225767
0.00212276 0.0025685 0.00241321
0.00186916 0.00261976 0.00240301
0.00205529 0.00276675 0.00254375
0.00205397 0.00205896 0.00236108
0.00207214 0.00186261 0.00188984
0.00211753 0.00213477 0.00208717
0.00247917 0.00250832 0.00243972
0.00236418 0.00267154 0.00276876
0.00188233 0.00276447 0.00279992
0.00180884 0.0030989 0.0027743
0.00210452 0.00280389 0.00256058
0.00171628 0.0025852 0.00246876
0.00181394 0.00304073 0.00258743
0.00221648 0.00280662 0.00256361
0.00222617 0.0029344 0.00247507
0.00193947 0.00318275 0.00277217
0.00221772 0.0030689 0.00258642
0.00164559 0.00325897 0.00262574
0.00277602 0.00347229 0.00288057
0.00218459 0.00356743 0.00315171
0.00241831 0.00419365 0.00376278
0.00215827 0.00423536 0.00422965
0.00223398 0.00378376 0.00369542
0.00270625 0.00405355 0.00387759
0.00230773 0.00383929 0.0040989
0.00247974 0.00381799 0.00384267
0.00202711 0.00364037 0.00350746
0.00225093 0.00382397 0.00367458
0.00237403 0.00377435 0.0034697
0.00337043 0.00351501 0.00335474
0.00207088 0.00390589 0.00354372
0.00186296 0.00407429 0.00354852
0.00198297 0.00371813 0.00320586
0.00197215 0.00356621 0.00303417
0.00189448 0.00349366 0.00292452
0.00180889 0.00360682 0.00278877
0.00248205 0.00334996 0.00304455
0.00301064 0.00350441 0.00303236
0.00237561 0.00316126 0.00316515
0.00222718 0.00340886 0.0032673
0.0021491 0.00367573 0.0034042
0.00252718 0.00354315 0.00324049
0.00217195 0.00292865 0.00256647
0.00182993 0.00298124 0.00299499
0.00265312 0.00447984 0.0041497
0.00324963 0.00460538 0.00460241
0.00312907 0.00492918 0.00456177
0.0034511 0.00525264 0.00496976
0.00356437 0.00523063 0.00522997
0.00397563 0.00534116 0.00579735
0.00390728 0.0042345 0.00548807
0.00401813 0.00545397 0.00536111
0.00384459 0.00459319 0.0056684
0.00383877 0.00546281 0.00567619
0.00364643 0.00523618 0.00561011
0.00327865 0.00579108 0.00546083
0.00395725 0.00551681 0.00612517
0.00345399 0.00532548 0.00606582
0.00346382 0.00606941 0.0059082
0.00402513 0.00526332 0.00586232
0.00390202 0.00596273 0.0055512
0.00363499 0.00447955 0.00571038
0.00401029 0.00477063 0.00571115
0.00392011 0.00435348 0.00557301
0.00397032 0.00430842 0.00575207
0.00412844 0.00468382 0.00537237
0.00386456 0.00558747 0.00554918
0.00378396 0.00446793 0.00527575
0.00387305 0.0042193 0.00542554
0.00354112 0.00556385 0.00525347
0.00400573 0.00432517 0.00510662
0.00357392 0.00547995 0.00504272
0.00386211 0.00406676 0.00518619
0.00437461 0.00528854 0.00471027
0.00349606 0.00515212 0.00460574
0.00293525 0.00376928 0.00430196
0.00294991 0.00481982 0.00493153
0.00387376 0.00432884 0.00536834
0.00302491 0.00354354 0.00489623
0.00367777 0.00394676 0.00495867
0.00361035 0.00503149 0.00463578
0.00434607 0.00486949 0.00513818
0.00377471 0.00451941 0.00509452
0.00356297 0.00476462 0.00469543
0.00357448 0.00451269 0.00493764
0.00369031 0.00396763 0.00490974
0.00316316 0.00421772 0.00474204
0.00372367 0.00417525 0.00500683
0.00319261 0.00376664 0.00437074
0.00358117 0.0036306 0.00447233
0.00293594 0.00432894 0.0041502
0.00320147 0.00419918 0.00412951
0.00401252 0.00405564 0.00428351
0.00323351 0.00395668 0.00386667
0.00291954 0.00384845 0.00389763
0.00265714 0.0030546 0.00415175
0.0030592 0.00393793 0.00437391
0.00336515 0.003501 0.00427261
0.00272631 0.00419156 0.0039657
0.00319003 0.00468194 0.00415595
0.00298057 0.00384381 0.00395602
0.00362011 0.0036073 0.00363028
0.00344019 0.00347994 0.00378317
0.00307314 0.00444926 0.00347508
0.0029362 0.00418811 0.00358556
0.0033587 0.00294207 0.00362379
0.00258613 0.00336198 0.00341549
0.00256489 0.00327672 0.00322786
0.00280516 0.00275326 0.00337734
0.00296802 0.00385905 0.00267585
0.00346846 0.00344323 0.00274825
0.0034418 0.00355505 0.00238129
0.00340507 0.00376232 0.00267957
0.00274123 0.00343134 0.00312814
0.00256753 0.00309704 0.00278455
0.00282061 0.00312572 0.00295137
0.00315765 0.00311346 0.00266788
0.00319837 0.00290431 0.00281866
0.00334457 0.00351701 0.0029432
0.00277292 0.00296772 0.0031116
0.00232771 0.00244576 0.00308821
0.00319609 0.00330257 0.00255429
0.00352817 0.00319789 0.00279692
0.00343143 0.00329963 0.00309056
0.00305001 0.00296626 0.00302497
0.00254342 0.00308246 0.00298844
0.0030796 0.00253982 0.00312787
0.00224054 0.00254204 0.00318939
0.00290905 0.00324991 0.00279458
0.00329503 0.00321673 0.00304453
0.00293368 0.00359772 0.00296098
0.00260245 0.00352564 0.00304451
0.00308255 0.00361838 0.00295992
0.00307562 0.00314048 0.00294256
0.00317635 0.00394099 0.00290798
0.00365559 0.00380031 0.00318455
0.00287171 0.00330618 0.00306461
0.00327436 0.00364001 0.00303913
0.00346095 0.00320794 0.00305812
0.00312434 0.00306779 0.00299903
0.00301679 0.00321535 0.00296969
0.00304132 0.00287694 0.00304812
0.00289162 0.0026353 0.00310871
0.00290177 0.00324947 0.00291159
0.00301014 0.00332022 0.00310166
0.00323619 0.00323438 0.00301399
0.00314958 0.00325156 0.00317604
0.00268155 0.00303764 0.0029706
0.00281475 0.0029242 0.00321125
0.00278837 0.00303171 0.00337717
0.00279952 0.00280118 0.00302892
0.0025051 0.00311039 0.00314702
0.00290842 0.00294015 0.00312912
0.00295179 0.00290286 0.00323714
0.00309484 0.00336489 0.0030025
0.00297794 0.00331523 0.00344225
0.00248776 0.00279935 0.00337505
0.00256505 0.00320977 0.0031885
0.00242317 0.00291887 0.00335636
0.00270969 0.0028942 0.0029847
0.0031007 0.00339098 0.00306311
0.00301514 0.00311134 0.0031886
0.00296743 0.00277373 0.00306278
0.00252328 0.00320839 0.00322115
0.00277806 0.0025992 0.00322833
0.00258946 0.00271547 0.00339557
0.00299067 0.00273474 0.00305109
0.00326557 0.0033339 0.00307836
0.00307355 0.00334999 0.00315844
0.00256046 0.00282129 0.00318707
0.00323803 0.00316058 0.0029464
0.00279544 0.00329339 0.00314672
0.0025902 0.00271164 0.00319273
0.00262862 0.00257132 0.00328549
0.00350908 0.00337945 0.00308961
0.00264685 0.00333717 0.00340803
0.00273673 0.00302873 0.00324069
0.00340544 0.00309563 0.00332903
0.00308789 0.00342371 0.00346342
0.00279364 0.00286451 0.00330061
0.00240403 0.00295466 0.00307383
0.00254012 0.00324972 0.00315818
0.00303084 0.00301601 0.00330924
0.00256718 0.00277503 0.00340042
0.00273491 0.00281059 0.00310862
0.0027158 0.00275348 0.00324627
0.00294359 0.00279783 0.00276458
0.00321303 0.00322755 0.00309987
0.00311222 0.00304787 0.00309044
0.00293801 0.00310209 0.00318331
0.0028701 0.00305239 0.00329182
0.00272515 0.00298491 0.00295718
0.00254581 0.00325762 0.0032129
0.00274463 0.00308007 0.0032492
0.00281137 0.00281677 0.00311248
0.00266998 0.0029113 0.00318125
0.00302815 0.00302016 0.00318694
0.00308148 0.00258092 0.00320107
0.00311491 0.00311783 0.00293692
0.00294231 0.00279951 0.002944
0.00271633 0.00297089 0.00318391
0.00286863 0.0033104 0.00287065
0.00252254 0.00252461 0.00310288
0.00314367 0.00283667 0.00261959
0.00306476 0.0029737 0.00283148
0.00250516 0.00285364 0.00294406
0.00252744 0.00280683 0.00277647
0.00281381 0.0027834 0.00294044
0.0029197 0.00291892 0.0030906
0.00273541 0.00270894 0.00300489
0.00282004 0.00276291 0.00312898
0.00273383 0.00278429 0.00318915
0.00293503 0.00292465 0.00285684
0.00299288 0.00306431 0.00321564
0.00285142 0.002848 0.0031447
0.00232225 0.0027378 0.00284847
0.00282793 0.00261608 0.00307159
0.00259784 0.00283495 0.00266298
0.00309687 0.00300215 0.00291707
0.0029424 0.00303079 0.00308397
0.00296957 0.00292147 0.00311502
0.00281463 0.00295692 0.00288334
0.0028806 0.00249113 0.00295679
0.00298982 0.0030553 0.00292575
0.00248931 0.00258655 0.00295138
0.00254893 0.00249877 0.00318921
0.00295023 0.00306206 0.002781
0.00305009 0.00307388 0.00293873
0.00266876 0.00333718 0.00300834
0.00312883 0.00316544 0.00280468
0.00297429 0.00301618 0.00310598
0.00287553 0.00284662 0.00314533
0.00246432 0.0027221 0.00272195
0.00309479 0.00303331 0.00306344
0.00301065 0.00302729 0.00300322
0.00269469 0.00308603 0.00289538
0.00355564 0.00276644 0.00276595
0.00302291 0.002884 0.00294965
0.00310642 0.00292797 0.00289734
0.00275878 0.00286571 0.00307413
0.00277975 0.00283829 0.00309323
0.00314103 0.00291906 0.00297305
0.00291878 0.00287753 0.00297351
0.00287638 0.0027589 0.00299699
0.00289883 0.00319708 0.00304158
0.00282259 0.00298804 0.00302575
0.00274019 0.00271267 0.00280676
0.00290315 0.00256773 0.00298335
0.00305421 0.00289955 0.00306192
0.00262842 0.00269045 0.00278216
0.00266874 0.00301026 0.00295675
0.00267768 0.00301544 0.00283611
0.00265299 0.00292018 0.00283355
0.00278174 0.00297661 0.00304278
0.00275414 0.00275464 0.00309238
0.00279605 0.00297352 0.00270976
0.00341539 0.00335397 0.00304975
0.00233765 0.00284633 0.00295747
0.00283158 0.00282094 0.00294089
0.00322603 0.00343814 0.00316341
0.00270986 0.0033133 0.00307646
0.00267169 0.00245483 0.0030575
0.00296671 0.00334255 0.0028809
0.00326031 0.00298026 0.0031216
0.00276372 0.00256536 0.00298762
0.00267432 0.00289288 0.00306496
0.00261517 0.00311818 0.00302248
0.00303575 0.00311763 0.00287457
0.00287912 0.00293465 0.00297156
0.00244534 0.00301881 0.00300998
0.00242597 0.00252339 0.00318831
0.00323182 0.00321429 0.00288771
0.00312885 0.00294311 0.0029914
