89.8172685048
89.792238631
89.7821732903
89.8133142605
89.8127516986
89.8091737561
89.9818484837
86.4434533691
85.1304070406
84.570502894
83.5780468484
82.7573388536
83.1251962511
82.7670500906
82.7683381149
82.7677506359
82.7770466753
82.786277956
82.7626030628
82.7930089348
82.8109230762
82.7997340686
82.8120265756
82.8079700588
82.8113741963
80.5990706654
80.0276561872
80.2889179574
78.6465882003
76.815629689
75.6988180428
75.7637033185
75.7397259468
75.7614529847
75.7405323773
75.7446290769
75.7260804234
75.7535867447
75.789376464
75.7956086141
75.7774101215
75.7546887745
74.5403380874
73.8920919171
73.1384376396
72.3919006581
70.73294495
69.7225726168
69.8248505891
68.9005148456
68.9356021361
68.9332491505
68.9264459584
68.9134877101
68.9212095135
68.9721072799
68.9968695665
68.983740035
68.9878398004
66.7882092914
68.9894340202
65.6360801812
64.6289149871
64.8909498581
64.1399116563
63.5244002152
63.4936301897
63.0535030734
62.1873530167
62.5472489983
62.2178956206
62.2522103426
62.2520073361
62.2562235776
62.273397899
62.2728806388
61.6914974486
58.7839962561
59.7678671573
58.0911418183
57.6040477143
57.3914103152
56.9036407046
56.4296227133
56.5784290162
55.9974700869
55.5901533479
55.644409205
55.5857011738
55.5866756986
55.5990674833
55.687295586
55.828589403
55.8353609182
55.8442397426
54.015705033
53.3880813064
52.7759328649
52.1050961189
52.1505722064
50.7402836974
50.2006293031
50.2633083179
49.3488495899
49.2892475019
49.3735918403
49.3235502766
49.4172253947
49.4112790146
49.4372462782
49.5390604534
49.5304225132
49.6069554525
49.6264341323
48.3106998218
48.0554482836
47.2815591039
46.668734469
46.0434357707
45.5581463479
44.7995917349
44.3131551177
44.0509600272
44.1906826246
43.9406784503
43.4910430816
42.7921426671
42.3914216111
42.4081229746
42.2163591432
41.8243708654
41.4342521612
41.0048467275
40.1758319206
40.0672715599
39.7552180397
39.3655420291
38.9636559993
39.134248047
39.2615447872
38.8123729431
38.125081433
38.5694256864
37.7952423593
37.530296767
37.5124564047
37.186476054
37.1259779995
36.6616254792
36.2887789559
36.3333166899
35.9776056386
35.2185082283
34.7201776631
34.3386471993
33.9473635571
33.860914869
33.7434535143
33.9480734186
33.8703931107
33.3153098724
33.2606706999
32.9324065974
33.1485352969
32.5001426709
32.4180401741
32.3861620349
32.3406732428
32.4322832339
32.0055972447
32.0197826745
32.0412213801
32.1806052582
30.9468278788
31.3820581578
31.5548826792
30.7244668075
30.8195216173
30.9950127837
30.3116942799
30.1529738612
30.2997995597
29.8714500173
29.6359443455
29.5723101441
29.6172396597
29.089480325
28.5203757602
28.4019409057
28.5200394622
28.5165109976
28.3665256017
28.4234980203
28.2795665121
28.3341970547
28.4052529832
28.269589588
28.2639530052
28.2951008724
28.3259379403
28.3548628224
28.2791160805
28.2723770104
28.2725428605
28.2292197421
28.266868272
28.2716496209
28.2478356875
28.1970001982
28.0382665866
28.0053217835
28.0431113219
27.9814163023
28.0370338618
28.0176098182
28.1619632227
28.1922624335
28.0563373784
28.1246513439
28.1695910353
28.0852838159
28.0634516168
28.1146884429
28.1453391345
28.1580843346
28.2456876716
28.2847918362
28.1711657859
28.165913357
28.1448638238
28.1764188747
28.1724364635
28.1885617493
28.2083919148
28.1721741099
28.1703696451
28.0968930242
28.0886515981
28.1277175715
28.1334353289
28.1510269034
28.1831179779
28.2336252473
28.1605873293
28.1562178867
28.1316738347
28.16205554
28.1553465433
28.2124972576
28.189451329
28.2339720852
28.2474207406
28.1923702724
28.2076934651
28.2226982181
28.2975621709
28.2652941259
28.2515576147
28.2422428919
28.2802998335
28.3623649352
28.3159819542
28.2717810173
28.276919644
28.2242488574
28.2507424706
28.3192320316
28.3576341021
28.2753068219
28.3374569886
27.9772112179
28.3278871572
27.9642983956
27.9698061266
28.0100109906
28.3059030232
28.2716631013
27.9792238842
27.9506426867
28.000066988
28.3244834544
28.3422484451
27.9083574647
28.3195644122
27.9892518971
27.9925370761
27.9719343981
27.9956191643
28.0440852626
27.9598423316
28.0262696536
28.0544024402
28.010601461
28.0592215193
27.990293789
28.3726949224
27.9895617949
28.0400041397
28.0303203822
28.0324259431
27.6469725067
28.0206712881
28.0645085442
28.0414587926
28.0417943619
28.029039303
28.001863626
28.0353120495
28.1093616392
27.9292745613
28.1027612028
28.0460615804
28.0048280695
28.0824094011
28.134346443
27.8889060462
27.7581796524
27.5477545902
28.0665755553
28.086102099
27.9854529529
28.1135793383
28.0655687395
28.1096912756
28.1357431771
27.7011771023
28.1497152399
27.7037468374
28.1303627392
27.9849347319
27.553190813
27.5783139295
28.0218798965
27.6296915007
27.4672228016
27.3930071486
27.6621423747
27.4943047003
27.2274967485
27.5341365969
27.4128160592
27.1767482042
27.2131174513
27.223899245
27.4356041172
27.2076887292
27.28220539
27.2861193402
27.311898047
27.2273437557
27.3873814065
