0.0036654 0.00333553 0.00326095
0.0046414 0.00447238 0.00416228
0.003299 0.00333439 0.00301648
0.00251 0.00206123 0.00148251
0.00283316 0.00205755 0.00154155
0.0017154 0.00211642 0.00145115
0.00153349 0.00246016 0.00151984
0.00223355 0.00271717 0.00201495
0.00189295 0.00232691 0.00180606
0.0022144 0.00221464 0.00169784
0.00230805 0.00283037 0.00231499
0.00194655 0.00236356 0.00219212
0.00187534 0.00163903 0.0016113
0.00217015 0.0020095 0.00193345
0.0015321 0.00158594 0.00140074
0.0014675 0.00190876 0.00146878
0.00169335 0.00145683 0.00113771
0.00170162 0.0017816 0.00142812
0.00175262 0.00157006 0.00125591
0.00160546 0.00188025 0.00134974
0.0017382 0.00153733 0.00124157
0.0016985 0.00162076 0.00130244
0.00140269 0.00182192 0.00138168
0.00179385 0.00167505 0.00131997
0.00161711 0.00168882 0.00126475
0.00172057 0.00180891 0.00123946
0.00173378 0.0016106 0.00143116
0.00205439 0.00163183 0.00147229
0.00237793 0.00191464 0.00166218
0.00217808 0.00221478 0.00184846
0.00183766 0.00207219 0.00188278
0.00214 0.00155178 0.00144592
0.00269775 0.00183662 0.0015716
0.00239624 0.00250063 0.00198658
0.00195467 0.00236812 0.00200479
0.00196065 0.0026316 0.00233487
0.00189618 0.00207409 0.00179086
0.00199175 0.00145184 0.00120807
0.00187087 0.00174762 0.00158919
0.00199162 0.00232899 0.00214411
0.00180492 0.00162346 0.00129503
0.00198926 0.00194203 0.0016742
0.00236878 0.00221609 0.00197689
0.00229715 0.00223043 0.00204242
0.00238458 0.00205317 0.00196066
0.00259973 0.00195701 0.00186803
0.00204775 0.00151668 0.00133667
0.00311443 0.00269381 0.00266121
0.00268494 0.00235659 0.00228601
0.0017003 0.00215224 0.00193543
0.00209152 0.00250477 0.00265607
0.00188436 0.00228618 0.00241455
0.00159001 0.00194115 0.00173475
0.00196959 0.00166456 0.00163796
0.00167032 0.00221615 0.00198379
0.00176495 0.00177032 0.00160958
0.00136281 0.00188345 0.00141717
0.0016569 0.00216508 0.00181531
0.0019192 0.00205496 0.00173828
0.00189153 0.0021357 0.00134784
0.00212174 0.00199091 0.00170387
0.00214 0.00259358 0.00224274
0.00182877 0.00245194 0.00210673
0.00164635 0.00248745 0.00219531
0.00178833 0.00204019 0.00181196
0.00183386 0.00209662 0.0019458
0.00230317 0.00265263 0.00233409
0.00191549 0.00292563 0.00267645
0.00149613 0.0024289 0.00232764
0.00173971 0.00295445 0.00255135
0.00196121 0.00267227 0.00225631
0.00154874 0.00225366 0.0019343
0.00190388 0.00219502 0.00181266
0.00168189 0.00229253 0.00205972
0.00147262 0.00235905 0.00187963
0.00168681 0.00272495 0.00220177
0.00216532 0.002737 0.00212325
0.00183316 0.00252488 0.0016274
0.0015862 0.00259073 0.00171767
0.00202853 0.00226417 0.00192657
0.00186178 0.00175801 0.00183966
0.00196589 0.00231345 0.00203584
0.00249374 0.00245725 0.00220365
0.00232485 0.00215593 0.00218881
0.00188649 0.00204336 0.00207222
0.00205286 0.00202364 0.00201938
0.00167436 0.00174672 0.00163613
0.00234955 0.0021663 0.00206042
0.00204645 0.00192236 0.00184453
0.00215933 0.0023056 0.00224701
0.00237103 0.00277943 0.00270229
0.00163169 0.00312962 0.00278403
0.0019128 0.00303112 0.00277242
0.0016475 0.00322116 0.00274929
0.00171724 0.00268384 0.00227254
0.00225681 0.00241476 0.00224671
0.00166718 0.00314015 0.00249108
0.00157617 0.00245207 0.00217409
0.00225343 0.00259394 0.00241782
0.00208162 0.003123 0.00253933
0.00164903 0.00275006 0.00221028
0.00235523 0.00273364 0.00280213
0.00178073 0.0033405 0.00321572
0.00244671 0.00292734 0.00274607
0.0023187 0.00294202 0.00280265
0.00281394 0.00338784 0.00325915
0.0019951 0.00340519 0.00346564
0.00289214 0.00366098 0.00349144
0.00187083 0.00362049 0.00347343
0.00194542 0.0036636 0.003152
0.00206361 0.00366279 0.00320442
0.00210537 0.00355196 0.00341029
0.00204841 0.00342104 0.00307806
0.00302916 0.0034935 0.0029345
0.00183921 0.00354606 0.00283256
0.00162197 0.00241182 0.00259437
0.00185864 0.00346366 0.00281816
0.00168203 0.00220495 0.00276887
0.00219739 0.00362397 0.00277714
0.00179023 0.00301558 0.00271316
0.00186679 0.00373183 0.00308258
0.0029985 0.00369433 0.00344927
0.00179618 0.00301951 0.00283305
0.00193444 0.00284662 0.00280257
0.00212104 0.00366329 0.00365959
0.00295356 0.00473536 0.00459482
0.00334015 0.00508022 0.0048657
0.00331829 0.00531537 0.00503628
0.00371136 0.00446391 0.00545452
0.0037211 0.00399048 0.00529167
0.00354281 0.0051817 0.00509867
0.00318158 0.00493743 0.00478873
0.00343579 0.00504752 0.00457786
0.00368722 0.00438809 0.0052476
0.0034262 0.00467366 0.00540205
0.00374226 0.00478812 0.00558583
0.00359604 0.00490009 0.00525775
0.00372657 0.00457314 0.00584711
0.00361114 0.00577941 0.00558171
0.0038212 0.00545851 0.00597146
0.00373655 0.00513048 0.0057807
0.00384673 0.00540927 0.00602095
0.00397344 0.00519195 0.00610455
0.00376864 0.00551657 0.00601261
0.00449218 0.00526664 0.00587056
0.00381796 0.00501965 0.00565066
0.00422019 0.00500879 0.00599273
0.00383541 0.00550437 0.00582784
0.00416638 0.00566754 0.00588748
0.00364505 0.00550621 0.00528943
0.00439294 0.00539041 0.00579012
0.00435447 0.00473733 0.0059491
0.0042236 0.00509943 0.00591499
0.00400722 0.00506318 0.00563454
0.0039772 0.00443599 0.00560666
0.0036398 0.00556304 0.0051653
0.00366557 0.00495322 0.00529627
0.00292277 0.00497187 0.00450624
0.00316656 0.0038455 0.00422348
0.00326311 0.00429962 0.00486126
0.00348972 0.00430096 0.00474064
0.0040678 0.00422749 0.00463983
0.00360545 0.00432999 0.00480508
0.00385471 0.00515094 0.00482381
0.00407672 0.00427309 0.00496523
0.00368318 0.00521687 0.00438798
0.00386901 0.00525401 0.00483394
0.00417445 0.00430449 0.00509347
0.00386653 0.0045082 0.00508978
0.00341054 0.00524443 0.00478795
0.00458312 0.00467034 0.00563654
0.00415133 0.00475959 0.00529805
0.0039822 0.0044192 0.00480705
0.00402241 0.0044267 0.00505626
0.00350576 0.00429475 0.00459119
0.00368885 0.00513652 0.00449558
0.00335079 0.00401226 0.00450599
0.00367531 0.00419756 0.00403
0.00330883 0.00451014 0.00409024
0.00354757 0.00419179 0.0037342
0.00422053 0.00463308 0.00380609
0.00426883 0.00418333 0.00392399
0.00294655 0.0042733 0.00384956
0.00298144 0.00321667 0.00386667
0.00393858 0.00421929 0.00373083
0.00332325 0.0040305 0.00381424
0.00366629 0.00461057 0.00389239
0.00335797 0.00402469 0.00369772
0.00413444 0.00468435 0.00378635
0.00419813 0.0044298 0.00445178
0.00419835 0.00407764 0.00375344
0.00361378 0.00421017 0.00419567
0.00366042 0.00395135 0.00426074
0.00343544 0.00373523 0.00388977
0.0033507 0.0038222 0.00412996
0.00399245 0.00451476 0.00360572
0.00436136 0.00469581 0.00399158
0.00380551 0.00422623 0.00417647
0.00370269 0.00442997 0.00405878
0.00388733 0.00388733 0.00406871
0.00383557 0.00383557 0.00398775
0.00384303 0.00384303 0.0040291
0.00383515 0.00302707 0.00404141
0.00394073 0.00394073 0.00412553
0.00388836 0.00388836 0.00408698
0.00395852 0.00395852 0.00411401
0.00387412 0.00387412 0.00406008
0.00397704 0.00397704 0.00414316
0.00393181 0.00393181 0.00412324
0.00399718 0.00399718 0.00418342
0.00399821 0.00399821 0.00417292
0.00287835 0.00394317 0.00414228
0.00294099 0.00396284 0.00414641
0.00281111 0.00295466 0.00411554
0.00292127 0.00394978 0.00415805
0.00386424 0.00386424 0.0040552
0.00391454 0.00391454 0.00410508
0.00391142 0.00391142 0.00412315
0.00381536 0.00381536 0.00402518
0.00388463 0.00388463 0.00408946
0.00303834 0.00306473 0.00410322
0.00356919 0.00356919 0.00382048
0.00371665 0.00321962 0.00397264
0.00336919 0.00336919 0.00361694
0.00342652 0.00342652 0.00366812
0.00338552 0.00338552 0.00363034
0.00344325 0.00344325 0.00366203
0.00334638 0.00334638 0.0035828
0.00353002 0.00353002 0.00377203
0.00344612 0.00344612 0.00367118
0.00355478 0.00355478 0.00378988
0.00350242 0.00350242 0.00374469
0.00357762 0.00357762 0.00381324
0.00355074 0.00355074 0.00378983
0.00361047 0.00361047 0.00383745
0.00355749 0.00355749 0.00378156
0.00359371 0.00359371 0.00381543
0.00364806 0.00364806 0.00387744
0.00359043 0.00359043 0.00381457
0.00319951 0.00367943 0.00390778
0.00369136 0.00369136 0.00387001
0.00374819 0.00327719 0.00398739
0.00344858 0.00344858 0.00367693
0.00361384 0.00361384 0.00383379
0.00348163 0.00348163 0.00370097
0.00351651 0.00351651 0.00378017
0.00365581 0.00365581 0.00386744
0.00358042 0.00358042 0.00379168
0.0036913 0.0036913 0.00390738
0.0035839 0.0035839 0.00379658
0.0035891 0.0035891 0.00380324
0.00360644 0.00360644 0.00381881
0.00367302 0.00367302 0.00387908
0.00365783 0.00365783 0.00385924
0.0035808 0.0035808 0.00379213
0.00371986 0.00371986 0.0039444
0.00363932 0.00363932 0.00384819
0.00374515 0.00374515 0.00395481
0.00366956 0.00366956 0.00387413
0.00377633 0.00377633 0.00398909
0.00373639 0.00373639 0.00392837
0.0028918 0.00281602 0.00397052
0.00355007 0.00355007 0.00380232
0.00383661 0.00383661 0.00406326
0.00354941 0.00354941 0.00380411
0.00359882 0.00359882 0.00385401
0.00370358 0.00370358 0.0039407
0.0036264 0.0036264 0.00385373
0.00372297 0.00372297 0.00397031
0.00368079 0.00368079 0.00391043
0.00374991 0.00374991 0.0040102
0.00368862 0.00368862 0.00393649
0.00372431 0.00372431 0.00398581
0.0036486 0.0036486 0.0039164
0.00374818 0.00374818 0.00402405
0.0036892 0.0036892 0.00397996
0.0038237 0.0038237 0.00410735
0.00380941 0.00380941 0.00406928
0.00385849 0.00385849 0.00411811
0.00387803 0.00387803 0.00413156
0.00380347 0.00380347 0.00405301
0.00384024 0.00384024 0.00409172
0.00388142 0.00388142 0.00413767
0.00368252 0.00368252 0.00393114
0.00390247 0.00390247 0.00419739
0.00372184 0.00372184 0.00400513
0.00379947 0.00379947 0.00408065
0.00377619 0.00377619 0.00406502
0.00380468 0.00380468 0.00405789
0.00373083 0.00373083 0.00399745
0.0038329 0.0038329 0.00405807
0.00373466 0.00373466 0.00396067
0.00381792 0.00381792 0.00404114
0.00364998 0.00364998 0.00389771
0.00366737 0.00366737 0.00389191
0.00369011 0.00369011 0.00391013
0.00359915 0.00359915 0.00381989
0.00367763 0.00367763 0.00384026
0.00362505 0.00362505 0.00382412
0.00370777 0.00370777 0.00391722
0.00370005 0.00370005 0.00388247
0.00374646 0.00374646 0.00404878
0.00366125 0.00366125 0.00397914
0.00378181 0.00378181 0.00404451
0.00356103 0.00356103 0.00382983
0.00368624 0.00368624 0.00394418
0.00360401 0.00360401 0.00386011
0.00365931 0.00365931 0.00392086
0.00359411 0.00359411 0.00385778
0.0036986 0.0036986 0.00397406
0.00363034 0.00363034 0.00391199
0.00361603 0.00361603 0.00389367
0.00351912 0.00351912 0.00379797
0.00353541 0.00353541 0.00378913
0.00338757 0.00338757 0.00364899
0.00348147 0.00348147 0.00372563
0.00357317 0.00357317 0.00387618
0.00359974 0.00359974 0.00387679
0.00357666 0.00357666 0.0038644
0.00359911 0.00359911 0.0038727
0.00363833 0.00363833 0.0039041
0.00363642 0.00363642 0.00389256
0.0037388 0.0037388 0.00399939
0.0037654 0.0037654 0.00400105
0.0037946 0.0037946 0.00404679
0.00386005 0.00386005 0.00413803
0.00390271 0.00390271 0.00418539
0.00402834 0.00402834 0.00429888
0.00403737 0.00403737 0.00434525
0.00410537 0.00410537 0.00442113
0.00414612 0.00414612 0.00445406
0.00410445 0.00410445 0.00441583
0.00423412 0.00423412 0.00454431
0.00422008 0.00422008 0.0045217
0.00422421 0.00422421 0.00453193
0.00425652 0.00425652 0.00456847
0.00421352 0.00421352 0.00451951
0.00424691 0.00424691 0.0045546
0.00420923 0.00420923 0.00452882
0.00419549 0.00419549 0.00452192
0.00432678 0.00432678 0.00463501
0.00428362 0.00428362 0.00463112
0.00427796 0.00427796 0.00466265
0.00425235 0.00425235 0.00464135
0.00440882 0.00440882 0.00480947
0.00437001 0.00437001 0.00479818
0.00441964 0.00441964 0.00484039
0.0044918 0.0044918 0.00494354
0.00448679 0.00448679 0.00496811
0.00449606 0.00449606 0.00497079
0.00453195 0.00453195 0.00499544
