89.8124385008
89.8131041865
89.7868787172
89.792278635
89.8001206936
89.8075722511
89.7812589878
86.823900981
84.8331980031
86.3387196401
83.9398391436
82.5436258814
82.5403146869
82.5423268398
82.5478131998
82.5225665207
82.5373288294
82.5472319981
82.5473933545
82.5639526715
82.5663818499
82.5136521336
82.5669552857
82.5640286711
82.5155843343
80.6845025114
79.956504846
78.3359290063
76.8674808158
75.4698798532
75.4654819584
75.4802172796
75.48574042
75.4422598638
75.4291141251
75.4338947419
75.459834355
75.5510568329
75.5604174316
75.5419083672
75.601697827
75.5910270988
74.5520200718
72.4017622923
70.7188252977
70.9063124501
70.2723208289
68.8691894893
68.9043669959
68.9058833959
68.8609895731
68.8629852216
68.8778036468
68.9018407131
68.887172364
68.912040639
68.9636150043
68.9323903538
68.9671062318
68.9750138938
67.4233211469
65.1432397476
63.8968498741
63.918507469
63.2763540626
62.2526783907
62.236335359
62.2016258391
62.2260368835
62.2655455567
62.2348911862
62.2438728343
62.2782688564
62.3208138971
62.3428367499
62.3192691469
62.3222092236
62.3358278889
62.3284928177
60.879232129
58.4458620667
58.929947738
57.4420982574
55.806200837
55.807419081
55.7682393422
55.6783161925
55.6803135889
55.5900218373
55.6450413984
55.6085765884
55.6491721855
55.7361316141
55.7462841896
55.7664313451
55.8268255376
55.841615993
54.5616993822
53.5748647401
53.7820527645
52.1992203203
50.9476807149
51.1766313368
50.9017345296
49.8725986789
50.8173577913
49.7642846044
49.2566768631
49.3438681164
49.3081803384
49.4284492
49.4586854943
49.4093060456
49.5219660908
49.5546504703
49.551865287
48.6247172572
49.6196609057
47.8790919278
47.275778548
46.5901657607
45.6867186056
45.1633352479
45.0296131494
44.6930577035
44.2130430906
43.9337735962
43.7963351027
44.0925232136
44.0866708183
44.0682391068
44.0228873328
42.9331903857
42.5808965943
42.328562997
42.3108780157
41.3438840938
41.2167480614
40.6328794646
40.5213998457
39.7541635282
38.9141397161
38.5195486199
38.5826612229
38.7537966153
38.4730265484
38.5037770465
38.2304992901
38.4827943526
37.5329159381
37.3590992811
36.9016285921
36.8015849694
36.4963438623
36.5022323492
35.8773727456
35.1489816222
34.2095619747
34.1241453536
33.6818279607
33.666946457
33.3601799679
33.3483302722
33.2372907576
33.3337345253
32.9660107762
32.5470217816
31.9701973053
32.0988611833
32.0853277358
31.9126400003
31.796734901
31.6392073297
31.3353795388
31.6123349881
31.3035851985
30.8942217107
30.8528680537
30.2514287268
30.5584827039
30.2515792254
30.2019553056
30.1055880583
29.5716125873
29.4814135563
29.1081724471
28.8238496944
28.8766009075
28.3540661693
28.0044388781
28.1015255879
27.9688825139
27.9803556041
27.9639752398
28.059185273
28.0478943333
27.9578333252
27.966190984
28.1027689434
28.1048941634
28.1292225427
28.1366302363
28.1849261029
28.1820391517
28.2052473992
28.2109174812
28.2378777922
28.2323018136
28.2359405476
28.2407035089
28.2368420466
28.2720546893
28.276778463
28.3015141865
28.3008143854
28.3096408882
28.320458347
28.3149990012
28.3261636779
27.9877667847
28.2845339388
28.2611852524
28.1567595651
28.1391375261
28.1747220675
28.160380519
28.1882528161
27.856393453
27.8638704678
27.9076160191
27.925631967
27.9174896276
27.961686419
27.884264179
27.888148703
27.8937028381
27.9089167107
27.9124987833
27.6665455619
27.5409739753
27.5587549781
27.6620073736
27.6615326288
27.6374172143
27.6604879049
27.404024066
27.4227877705
27.4431077322
27.450694847
27.4519464304
27.1267529593
27.1266635681
27.1360174306
27.1288709441
27.1731711848
27.1729211853
27.1407568559
27.1583605117
27.1714423895
27.188474909
26.91977199
27.5083118697
27.4670189905
27.098339608
27.1011413715
27.172684144
27.1758965529
27.1902649995
27.188787424
26.8628675193
26.8809512472
26.8955978618
26.8973353907
26.8802126347
26.893130114
26.9172665818
26.9172350119
26.9201244095
26.8761482238
26.8714585522
26.8750220053
26.8463618622
26.8268308171
26.6591977681
26.647075609
26.6180885804
26.6190678247
26.5741980803
26.5632544398
26.5287895226
26.5100286999
26.5289950198
26.4981013677
26.5006555501
26.3350471112
26.3162860804
26.2758233993
26.274967332
26.2657988608
26.2649839501
25.8727572563
25.80931165
25.5624565263
25.4774267688
25.4344643263
25.3808192909
25.4117558992
25.3992120461
25.0725041666
24.9751381351
24.9009899993
24.8884563229
24.8396761472
24.7907510556
24.8488025052
24.7944966871
24.7841038604
24.7439602193
24.7463748562
24.5585429662
24.5734697285
24.6197947069
24.6633535784
24.763707337
24.7861362173
24.794321559
24.8367118558
24.8706095595
24.8923821516
24.9246465524
24.8802150543
25.1154605861
25.1220971319
25.1595031925
25.1772475286
25.1823328509
25.3949251664
25.4290496933
25.4082098354
25.2047127732
25.2271874996
25.0068617564
25.057423192
25.1381110302
25.1649045545
25.1789067943
24.901312254
24.7664278978
24.8263541595
24.843206086
24.5256405189
