0.00330921 0.00337884 0.00326095
0.00225088 0.00188842 0.0018667
0.00410955 0.0032626 0.00261692
0.00432876 0.00397974 0.003464
0.00446595 0.00457181 0.00418117
0.00353103 0.00317186 0.00305447
0.00196457 0.00227854 0.00167118
0.00238777 0.00281471 0.00240124
0.00240879 0.00236096 0.00199703
0.00239935 0.00269026 0.00243371
0.00260968 0.00265 0.00258028
0.00146154 0.00223937 0.00220482
0.00177078 0.00191978 0.00192314
0.00253555 0.00241998 0.0022663
0.00245432 0.0016912 0.0014984
0.0025617 0.00153897 0.00134317
0.00269778 0.0021476 0.00193135
0.00168327 0.00155118 0.00120252
0.00145446 0.00158 0.00110638
0.00165193 0.00165963 0.0011286
0.00166898 0.00172145 0.00111388
0.00179871 0.00149368 0.00103836
0.00128998 0.00179444 0.00121144
0.0017238 0.00153788 0.00103458
0.00164066 0.00157315 0.000999218
0.00161077 0.00179511 0.00113734
0.00234446 0.0019644 0.00150349
0.0018877 0.00192701 0.00160909
0.00211088 0.00164752 0.00155636
0.00171239 0.00179902 0.00155481
0.00170728 0.00223728 0.00201537
0.00169802 0.00164593 0.00143383
0.00187871 0.0017333 0.0015837
0.00193827 0.00254241 0.00191377
0.00178639 0.00168762 0.00125134
0.0019645 0.00242171 0.00179568
0.00196407 0.0020591 0.00180404
0.00145151 0.00180004 0.00128784
0.00218213 0.00193019 0.00157038
0.00254869 0.00240888 0.00203184
0.00217007 0.00226745 0.00198525
0.00210677 0.00193566 0.00159909
0.00232278 0.00171866 0.00166886
0.00255685 0.00170345 0.00158719
0.00276717 0.0022185 0.00213192
0.00296156 0.00218927 0.00213329
0.0015578 0.00122968 0.00111492
0.00202599 0.00169509 0.00168855
0.00212896 0.00195859 0.00194873
0.00195393 0.00154968 0.00153687
0.00157922 0.00157452 0.00132117
0.00172475 0.00186445 0.00156806
0.00166502 0.00220575 0.00197801
0.00149583 0.00244017 0.00192816
0.0016921 0.00257156 0.00196878
0.00167835 0.00176271 0.00151299
0.00167005 0.00146776 0.00114839
0.00168098 0.00223376 0.00165676
0.00175107 0.00193637 0.00151538
0.00152082 0.00176896 0.00112433
0.00167085 0.00215546 0.00147575
0.00158079 0.00189964 0.00148155
0.00166371 0.00188187 0.00119157
0.00162652 0.00183233 0.00160121
0.00165417 0.00229771 0.00203601
0.00191343 0.0023068 0.00229434
0.00189598 0.0024977 0.00224597
0.00147147 0.0020751 0.00178845
0.00160465 0.00207345 0.00157406
0.0021312 0.00259098 0.00207067
0.00160463 0.00309486 0.00241833
0.00158318 0.00289332 0.00218684
0.00185962 0.00213712 0.00181984
0.00231617 0.00260272 0.00201376
0.00217743 0.00218961 0.00140258
0.00169893 0.00195006 0.00166419
0.00182176 0.00248733 0.00199402
0.00161203 0.00230537 0.00142774
0.00157594 0.00242243 0.00158314
0.00231709 0.00254883 0.00191322
0.00171647 0.00226173 0.00147381
0.00155413 0.00216807 0.00191536
0.0016566 0.00218871 0.00206569
0.00165023 0.00216034 0.00225227
0.00195786 0.00189811 0.00177651
0.00222223 0.00196382 0.00185694
0.00237314 0.0022007 0.00211874
0.00227009 0.00300884 0.00276208
0.00188216 0.00284299 0.00266703
0.00176723 0.00247552 0.00242394
0.00140556 0.00282679 0.00244287
0.00170495 0.0026136 0.0023242
0.00169451 0.00270032 0.00231797
0.00167784 0.00294497 0.00241947
0.00182187 0.00283902 0.00236513
0.00167937 0.00284914 0.00237932
0.00144853 0.00313384 0.00243542
0.00185828 0.00273798 0.00221398
0.00172902 0.00259657 0.00231775
0.00171439 0.00310434 0.00253445
0.0018403 0.00268006 0.00217154
0.00203043 0.00294191 0.00282362
0.00156941 0.00325831 0.00305571
0.00185901 0.0026087 0.00270568
0.00200052 0.00242704 0.00267313
0.00159626 0.00318718 0.00282819
0.00173599 0.00278196 0.00261996
0.00154509 0.00261808 0.002473
0.00170863 0.00313135 0.00270872
0.00184373 0.00242129 0.00246588
0.00175419 0.00268169 0.00225341
0.00145093 0.00305564 0.00245123
0.00196772 0.00276202 0.00226651
0.00175807 0.00259747 0.00214936
0.00130579 0.00304404 0.00240128
0.00159823 0.00308798 0.00236527
0.00224964 0.00262522 0.00223269
0.00198692 0.00260268 0.00193124
0.00154472 0.00284227 0.00195771
0.00152905 0.00224016 0.00234284
0.00253895 0.00244807 0.0025363
0.00205841 0.00302172 0.00260001
0.00187969 0.0031101 0.00268928
0.00180826 0.0032933 0.00321516
0.00186826 0.00233228 0.00243154
0.00182227 0.00246137 0.00234281
0.00169854 0.00293677 0.00282392
0.00208567 0.00398139 0.00363051
0.00219661 0.00427957 0.00388525
0.00236797 0.00419837 0.00367954
0.00224482 0.00439213 0.00378076
0.00232155 0.00376702 0.00354336
0.00271739 0.00401532 0.0036786
0.00248926 0.0043128 0.00397583
0.00263907 0.00465361 0.00426074
0.00258965 0.00488135 0.00445463
0.00290524 0.00515128 0.0051783
0.00297674 0.00555864 0.00549526
0.00347593 0.00513059 0.0061271
0.00422719 0.00552123 0.00630281
0.00377051 0.00542789 0.00614958
0.00433485 0.0055519 0.0063249
0.00419131 0.00477037 0.00618725
0.00418901 0.00537033 0.0061971
0.00432553 0.00465228 0.00613898
0.00386807 0.00465149 0.00583627
0.00428444 0.00500878 0.00609129
0.00375579 0.00426266 0.00570652
0.0040305 0.00451811 0.00585159
0.00346202 0.0051423 0.00558421
0.00382726 0.00459407 0.00557728
0.00324321 0.00506976 0.00488695
0.00336838 0.00545486 0.00502326
0.0032311 0.00435217 0.00491651
0.00277322 0.00402418 0.00425701
0.00298062 0.00392224 0.00447585
0.0038617 0.00495069 0.00525469
0.00359149 0.00439387 0.00512669
0.00276902 0.00381142 0.00475125
0.00363304 0.00412021 0.00507674
0.00294633 0.00490807 0.00465296
0.00344626 0.00433464 0.00479927
0.00295098 0.00446255 0.00462173
0.00340494 0.00357633 0.00499451
0.00278195 0.0037341 0.0044843
0.00358361 0.00393443 0.00495889
0.0034061 0.00399462 0.00491494
0.00293573 0.00387731 0.00437152
0.00362339 0.00422743 0.00479549
0.0032043 0.00380913 0.00441918
0.00378054 0.00470393 0.0047495
0.0035659 0.00452447 0.00482102
0.00310917 0.00469849 0.00456841
0.00341457 0.00353672 0.00466375
0.00330497 0.00349241 0.00480781
0.00333139 0.00511215 0.00458088
0.00380554 0.00508687 0.00522131
0.00341913 0.00430657 0.00486065
0.00418972 0.00430353 0.00468479
0.00437167 0.00406749 0.00452419
0.00375799 0.00424343 0.00459357
0.00493538 0.00526597 0.00439062
0.00398224 0.00479786 0.00441143
0.00388727 0.00456415 0.00405374
0.00323985 0.00441514 0.00402189
0.00422272 0.00522391 0.00393671
0.00359054 0.00342513 0.00401861
0.00332841 0.00323024 0.00383887
0.00445401 0.00481092 0.00370698
0.00456865 0.00466237 0.00398018
0.00366454 0.00326515 0.00404979
0.00348745 0.00348745 0.0036581
0.00385783 0.00385783 0.00400108
0.00374551 0.00374551 0.00388954
0.00376336 0.00376336 0.00389801
0.00372498 0.00372498 0.00387121
0.00387988 0.00387988 0.00400643
0.00382291 0.00382291 0.00395781
0.00393076 0.00393076 0.00406295
0.00384859 0.00384859 0.00400377
0.00396593 0.0033985 0.00411147
0.00332378 0.00344253 0.00380861
0.00362634 0.00315929 0.00406013
0.0025666 0.00413617 0.0036193
0.00393319 0.00410355 0.00373354
0.00295148 0.00377307 0.00400415
0.00323036 0.00436793 0.00398123
0.00374913 0.00374913 0.00397331
0.00357771 0.00407962 0.00382474
0.00398887 0.00456644 0.00384609
0.0035059 0.0035059 0.00368678
0.00344089 0.00350861 0.00369887
0.00358922 0.00348 0.00376904
0.00376764 0.0041439 0.00357929
0.00373414 0.00352816 0.00352448
0.00400455 0.00406306 0.00339955
0.00288658 0.00316494 0.00374343
0.00309757 0.00296361 0.00377236
0.00327138 0.00389093 0.00344312
0.00349762 0.00412225 0.00363258
0.00314456 0.00300458 0.00375906
0.00379429 0.00386456 0.00337779
0.0040183 0.00380505 0.00365095
0.00334828 0.00334828 0.00357405
0.00334135 0.00334135 0.00356295
0.00339475 0.00339475 0.00363089
0.00343268 0.00343268 0.00366765
0.00339432 0.00339432 0.00362904
0.00348184 0.00348184 0.00371796
0.00344536 0.00344536 0.00368375
0.00348943 0.00348943 0.00371773
0.00346676 0.00346676 0.00370135
0.00357317 0.00357317 0.00378901
0.00356445 0.00356445 0.00379528
0.00362538 0.00362538 0.00387113
0.0030189 0.00264057 0.00382477
0.00327804 0.00327804 0.00354731
0.00360006 0.00360006 0.00383509
0.00337443 0.00337443 0.00360789
0.00345657 0.00345657 0.00369508
0.00345045 0.00345045 0.00369282
0.00352066 0.00352066 0.00375682
0.0034849 0.0034849 0.00371496
0.00356636 0.00356636 0.00379031
0.0035112 0.0035112 0.00376398
0.00354666 0.00354666 0.00379557
0.00357351 0.00357351 0.00381433
0.00354033 0.00354033 0.00379163
0.00360742 0.00360742 0.00384297
0.00364775 0.00364775 0.00386691
0.00349535 0.00349535 0.00371735
0.00355082 0.00355082 0.00377432
0.00269955 0.00359002 0.0038151
0.00364135 0.00364135 0.00387438
0.00362709 0.00268801 0.00388011
0.00372068 0.00372068 0.00395544
0.00275771 0.00283227 0.00391344
0.0029384 0.00290438 0.00397249
0.00343034 0.00343034 0.0036504
0.00373055 0.00373055 0.00395955
0.0035027 0.0035027 0.00371402
0.00355573 0.00355573 0.00378739
0.00350385 0.00350385 0.00373276
0.00362131 0.00362131 0.0038576
0.00356547 0.00356547 0.00381591
0.00365018 0.00365018 0.00389955
0.00361643 0.00361643 0.00386748
0.00366094 0.00366094 0.00396049
0.00359712 0.00359712 0.00389401
0.00370399 0.00266582 0.00396794
0.00344168 0.00344168 0.00366428
0.00383134 0.00383134 0.00403395
0.00346098 0.00346098 0.0036713
0.00352815 0.00352815 0.00374949
0.00351984 0.00351984 0.00374204
0.00358902 0.00358902 0.00384649
0.00355943 0.00355943 0.00381818
0.00363939 0.00363939 0.00394188
0.00361988 0.00361988 0.00391532
0.00365805 0.00365805 0.00396396
0.00376367 0.00376367 0.00404212
0.00369273 0.00369273 0.00397739
0.0037969 0.0037969 0.00408941
0.00369947 0.00369947 0.00399666
0.003824 0.003824 0.00410013
0.00375064 0.00375064 0.00402311
0.0038365 0.0038365 0.00408927
0.00373271 0.00373271 0.00400073
0.00382729 0.00382729 0.0040754
0.00371681 0.00371681 0.00401825
0.0037343 0.0037343 0.00402798
0.0038011 0.0038011 0.00406686
0.00372903 0.00372903 0.00400898
0.00381386 0.00381386 0.00408686
0.00373396 0.00373396 0.00400644
0.0038506 0.0038506 0.00410235
0.00367755 0.00367755 0.00393937
0.00378904 0.00378904 0.00403577
0.0037141 0.0037141 0.00395242
0.00371244 0.00371244 0.00392702
0.00361561 0.00361561 0.00384356
0.00377681 0.00377681 0.00405244
0.00366557 0.00366557 0.0038593
0.00368733 0.00368733 0.00391321
0.00369666 0.00369666 0.00394772
0.0037922 0.0037922 0.00404585
0.00368011 0.00368011 0.00400909
0.0037387 0.0037387 0.00402579
0.00359529 0.00359529 0.00388205
0.00366459 0.00366459 0.00391691
0.0035953 0.0035953 0.00383686
0.00367806 0.00367806 0.00393315
0.00359471 0.00359471 0.00385239
0.00371919 0.00371919 0.00399487
0.00365661 0.00365661 0.00393059
0.00359439 0.00359439 0.0038557
0.00354211 0.00354211 0.00385436
0.00344935 0.00344935 0.00370158
0.00366044 0.00366044 0.0039356
0.00357662 0.00357662 0.00387987
0.00354263 0.00354263 0.00382329
0.00354699 0.00354699 0.00382384
0.00358098 0.00358098 0.00385526
0.0035927 0.0035927 0.00387224
0.00359066 0.00359066 0.00385668
0.00371541 0.00371541 0.00398521
0.00372706 0.00372706 0.00396908
0.00378958 0.00378958 0.00410425
0.0038499 0.0038499 0.00411955
0.00398679 0.00398679 0.00426037
0.00403285 0.00403285 0.00435309
0.00409986 0.00409986 0.00440285
0.00406053 0.00406053 0.00438077
0.00416295 0.00416295 0.00447577
0.00415441 0.00415441 0.00444932
0.00418938 0.00418938 0.00450261
0.00416227 0.00416227 0.00446504
0.00423965 0.00423965 0.00453569
0.00420568 0.00420568 0.00451826
0.0042999 0.0042999 0.00466547
0.00426991 0.00426991 0.00463315
0.00433548 0.00433548 0.00473922
0.00429136 0.00429136 0.00469083
0.00440412 0.00440412 0.00480591
0.00435933 0.00435933 0.00477552
0.0045006 0.0045006 0.00503051
0.00449963 0.00449963 0.00497649
0.00446939 0.00446939 0.00493593
0.00462578 0.00462578 0.00516158
0.00454587 0.00454587 0.00510985
0.00465659 0.00465659 0.00518891
