1.08478 1.08608 1.08549
1.08536 1.0912 1.08928
1.08626 1.08612 1.08829
1.087 1.08172 1.08216
1.08243 1.08717 1.0855
1.08618 1.07543 1.07927
1.07951 1.07611 1.07713
1.0691 1.06898 1.06812
1.07279 1.07519 1.06805
1.07281 1.07317 1.06914
1.07572 1.08505 1.08284
1.07467 1.08726 1.08662
1.0719 1.07728 1.08251
1.08468 1.08162 1.07428
1.07748 1.07745 1.0694
1.07823 1.07509 1.07085
1.08684 1.09208 1.08478
1.08393 1.08895 1.08378
1.08051 1.08838 1.09068
1.07493 1.06949 1.08013
1.06692 1.06296 1.06358
1.06747 1.06782 1.06036
1.07776 1.08138 1.08038
1.07554 1.07905 1.07479
1.08122 1.0808 1.08404
1.07395 1.07847 1.08061
1.06453 1.05967 1.06209
1.05171 1.05148 1.05382
1.05217 1.05475 1.05201
1.05252 1.06395 1.05897
1.05192 1.06516 1.06417
1.05431 1.05788 1.05501
1.05617 1.0669 1.06534
1.05656 1.07542 1.074
1.06429 1.06808 1.06149
1.06838 1.07684 1.0781
1.06278 1.06793 1.0668
1.06209 1.06742 1.06137
1.08107 1.08164 1.07857
1.07814 1.07755 1.0754
1.06578 1.08132 1.07697
1.07017 1.10626 1.08023
1.06949 1.08333 1.08047
1.05783 1.07303 1.06797
1.08252 1.08993 1.08163
1.07609 1.09114 1.09234
1.07702 1.08122 1.07976
1.09179 1.09292 1.09311
1.07761 1.09074 1.0931
1.05685 1.07726 1.07534
1.08008 1.08874 1.0863
1.07634 1.08478 1.08028
1.0622 1.0798 1.07456
1.0678 1.09607 1.08854
1.0808 1.10552 1.09535
1.08914 1.08062 1.07396
1.07043 1.08051 1.08207
1.06503 1.09788 1.08663
1.0733 1.06431 1.05799
1.05563 1.0743 1.06907
1.05217 1.08203 1.07595
1.0616 1.06106 1.0515
1.07635 1.08046 1.07088
1.08146 1.07313 1.07047
1.07412 1.0983 1.09365
1.08308 1.10135 1.10328
1.08199 1.10933 1.1053
1.07328 1.07949 1.07125
1.09774 1.09557 1.09018
1.10774 1.09621 1.08462
1.09661 1.12852 1.11864
1.11836 1.14011 1.13093
1.10194 1.12126 1.12591
1.06858 1.09662 1.09044
1.09309 1.10464 1.09687
1.07587 1.08828 1.09506
1.06821 1.08439 1.07478
1.07312 1.09907 1.08871
1.07711 1.09869 1.08707
1.06489 1.07852 1.07396
1.08267 1.10381 1.09527
1.09575 1.10537 1.10206
1.10463 1.10569 1.10386
1.11394 1.12203 1.1215
1.13912 1.17839 1.15814
1.09917 1.12409 1.12174
1.11834 1.13907 1.13542
1.1287 1.15149 1.14534
1.10363 1.13309 1.12839
1.12859 1.14072 1.1443
1.13757 1.15796 1.15362
1.11641 1.14843 1.13644
1.13907 1.16708 1.15847
1.15284 1.17114 1.16705
1.13161 1.15589 1.15247
1.14036 1.17708 1.16498
1.14664 1.18584 1.17341
1.11799 1.14835 1.14024
1.13312 1.17225 1.15736
1.1413 1.17834 1.16772
1.11338 1.14679 1.13741
1.13517 1.16784 1.1598
1.14316 1.17474 1.17007
1.12111 1.14523 1.13857
1.13532 1.14882 1.15177
1.1397 1.16522 1.15521
1.11254 1.14079 1.13391
1.12568 1.14656 1.14449
1.12878 1.158 1.1475
1.1045 1.11776 1.12128
1.10296 1.12432 1.11853
1.09775 1.13315 1.12284
1.0937 1.10268 1.0906
1.09541 1.12563 1.11263
1.09309 1.12375 1.11746
1.09924 1.13735 1.12057
1.11332 1.10578 1.09378
1.0892 1.12637 1.11239
1.09552 1.12291 1.11362
1.10713 1.14109 1.12983
1.16476 1.16018 1.14916
1.14013 1.16159 1.15148
1.14927 1.1705 1.1679
1.14987 1.17997 1.17547
1.15576 1.17112 1.17883
1.16039 1.1906 1.18365
1.18397 1.21044 1.2042
1.19248 1.22215 1.21475
1.21438 1.25065 1.23854
1.22893 1.25481 1.24685
1.23872 1.27428 1.26289
1.2063 1.24503 1.2308
1.21505 1.24453 1.2327
1.23256 1.26828 1.25806
1.2602 1.298 1.2846
1.2645 1.30257 1.29616
1.28581 1.3261 1.32255
1.30657 1.34847 1.34093
1.33483 1.34906 1.37032
1.35687 1.36833 1.3838
1.3417 1.35284 1.37193
1.35566 1.36343 1.38172
1.3672 1.37409 1.39168
1.356 1.36073 1.37787
1.36061 1.36369 1.3845
1.33939 1.34759 1.36413
1.34895 1.35632 1.37286
1.33177 1.34512 1.36148
1.3425 1.34913 1.37212
1.31414 1.35008 1.34307
1.32466 1.33315 1.35324
1.31007 1.34832 1.33502
1.31596 1.35334 1.34215
1.33982 1.34675 1.36706
1.32325 1.33369 1.34877
1.33647 1.3467 1.36229
1.3552 1.36281 1.37653
1.34534 1.35304 1.36798
1.3257 1.33155 1.35173
1.33495 1.3409 1.3576
1.31508 1.34901 1.33922
1.32485 1.34132 1.34548
1.32005 1.3629 1.34723
1.33327 1.33578 1.35453
1.31094 1.32749 1.33502
1.32199 1.33364 1.34157
1.32838 1.33328 1.34984
1.30897 1.33854 1.33618
1.32005 1.3413 1.34049
1.2941 1.31955 1.31782
1.30663 1.33679 1.32591
1.30485 1.33842 1.33129
1.31355 1.34764 1.34018
1.33544 1.33497 1.35756
1.33741 1.34564 1.36096
1.32516 1.35723 1.34367
1.32415 1.3525 1.34763
1.34234 1.34972 1.36141
1.35649 1.35534 1.36654
1.34227 1.3498 1.35274
1.34231 1.34617 1.35666
1.35938 1.35302 1.34342
1.34113 1.34757 1.34772
1.33705 1.33942 1.34977
1.34118 1.34592 1.35382
1.34642 1.3556 1.34551
1.35125 1.35253 1.36578
1.3576 1.35487 1.36934
1.35997 1.36133 1.34929
1.36119 1.3646 1.35213
1.35953 1.36243 1.37354
1.35366 1.35366 1.35562
1.35678 1.35678 1.35856
1.35669 1.35669 1.35881
1.35938 1.35938 1.36125
1.35928 1.35928 1.36124
1.36226 1.36226 1.3642
1.3623 1.3623 1.36412
1.36516 1.36516 1.3672
1.36533 1.36533 1.36737
1.36827 1.35945 1.37031
1.34155 1.33974 1.35505
1.34377 1.34696 1.35651
1.32307 1.35727 1.34294
1.35837 1.35745 1.34537
1.34884 1.35683 1.36759
1.35481 1.36111 1.37134
1.35826 1.35826 1.35982
1.35381 1.35284 1.36363
1.36087 1.35893 1.35156
1.3539 1.3539 1.35495
1.34472 1.35454 1.35588
1.35676 1.34692 1.35787
1.34583 1.35497 1.34435
1.3489 1.34068 1.34576
1.35854 1.3578 1.34066
1.35302 1.35857 1.37081
1.35851 1.35667 1.37412
1.34486 1.35802 1.34772
1.34561 1.3602 1.34867
1.35521 1.35317 1.36739
1.3601 1.35792 1.34799
1.36048 1.35063 1.34884
1.35056 1.35056 1.35156
1.35134 1.35134 1.35207
1.35163 1.35163 1.35252
1.3535 1.3535 1.35453
1.35408 1.35408 1.35505
1.35647 1.35647 1.35748
1.35693 1.35693 1.35795
1.35907 1.35907 1.36005
1.35944 1.35944 1.36051
1.36201 1.36201 1.36283
1.36219 1.36219 1.3632
1.36451 1.36451 1.36571
1.35749 1.35974 1.36786
1.35188 1.35188 1.35354
1.35179 1.35179 1.3528
1.35168 1.35168 1.3528
1.35488 1.35488 1.35592
1.35581 1.35581 1.3567
1.35805 1.35805 1.35915
1.35847 1.35847 1.35938
1.36053 1.36053 1.36148
1.36072 1.36072 1.36174
1.36068 1.36068 1.36173
1.36261 1.36261 1.36372
1.36321 1.36321 1.36427
1.36512 1.36512 1.36616
1.36721 1.36721 1.36839
1.36759 1.36759 1.3686
1.36756 1.36756 1.36859
1.36195 1.36944 1.37047
1.37154 1.37154 1.37251
1.37214 1.36461 1.37295
1.37375 1.37375 1.37465
1.36602 1.36487 1.37494
1.36644 1.3675 1.37573
1.3605 1.3605 1.36132
1.36045 1.36045 1.36156
1.36113 1.36113 1.36181
1.36337 1.36337 1.36452
1.36385 1.36385 1.36486
1.36549 1.36549 1.36654
1.36589 1.36589 1.36684
1.36758 1.36758 1.36855
1.36808 1.36808 1.36906
1.36915 1.36915 1.3702
1.36847 1.36847 1.36971
1.37055 1.36252 1.37179
1.35723 1.35723 1.35822
1.35713 1.35713 1.35811
1.35662 1.35662 1.3575
1.35832 1.35832 1.35943
1.35877 1.35877 1.35979
1.36086 1.36086 1.36189
1.36125 1.36125 1.36235
1.36358 1.36358 1.36488
1.36425 1.36425 1.36563
1.36487 1.36487 1.36617
1.36739 1.36739 1.36859
1.36781 1.36781 1.36891
1.37002 1.37002 1.37152
1.37027 1.37027 1.37184
1.37286 1.37286 1.37401
1.37308 1.37308 1.37441
1.37542 1.37542 1.37653
1.37588 1.37588 1.37688
1.37811 1.37811 1.37915
1.37991 1.37991 1.38098
1.38034 1.38034 1.38138
1.3828 1.3828 1.3839
1.38314 1.38314 1.38417
1.38552 1.38552 1.38649
1.38593 1.38593 1.38702
1.38866 1.38866 1.38965
1.38827 1.38827 1.38929
1.39021 1.39021 1.39119
1.39062 1.39062 1.39148
1.39283 1.39283 1.39372
1.3932 1.3932 1.39411
1.39543 1.39543 1.39637
1.39576 1.39576 1.39659
1.39765 1.39765 1.39804
1.3976 1.3976 1.3985
1.39959 1.39959 1.4007
1.3997 1.3997 1.40118
1.4023 1.4023 1.40295
1.40242 1.40242 1.40332
1.40414 1.40414 1.40493
1.40431 1.40431 1.40504
1.4055 1.4055 1.4063
1.40605 1.40605 1.40684
1.40778 1.40778 1.40788
1.40985 1.40985 1.40999
1.40983 1.40983 1.41001
1.41051 1.41051 1.4108
1.41159 1.41159 1.41176
1.41313 1.41313 1.41372
1.41576 1.41576 1.41624
1.41765 1.41765 1.41817
1.41946 1.41946 1.41989
1.42052 1.42052 1.42117
1.42308 1.42308 1.42361
1.42389 1.42389 1.42449
1.42611 1.42611 1.42691
1.42657 1.42657 1.42756
1.4294 1.4294 1.42862
1.42996 1.42996 1.43094
1.4324 1.4324 1.43338
1.43343 1.43343 1.43324
1.43558 1.43558 1.43539
1.43679 1.43679 1.43646
1.4387 1.4387 1.43849
1.43993 1.43993 1.43951
1.44182 1.44182 1.44153
1.44297 1.44297 1.44327
1.44434 1.44434 1.44534
1.44603 1.44603 1.44623
1.44784 1.44784 1.44863
1.44917 1.44917 1.44927
1.45154 1.45154 1.4515
1.45292 1.45292 1.45312
1.45565 1.45565 1.45596
1.45714 1.45714 1.45797
1.45955 1.45955 1.46048
1.46287 1.46287 1.46336
1.46401 1.46401 1.4647
1.46634 1.46634 1.46692
1.46711 1.46711 1.46792
1.46992 1.46992 1.46983
