52.2659217119
52.2659217119
52.1962587953
52.1808385491
51.3625735655
50.2780072957
49.8058723956
49.7348880351
49.7348880351
49.7075532794
49.5985239774
49.4419123173
48.9853152052
49.1887309358
49.1185241863
48.9505421087
47.3989782304
47.0197147876
46.6373731941
46.6298186749
46.3447087765
46.1882141382
46.1722499847
46.1722498596
46.1722498596
46.1722498596
46.0863897145
45.8018233359
45.6572435796
44.6852116853
44.1984344095
43.2703626096
42.9184342295
42.8720568895
42.5869466215
42.50525226
42.4424836695
42.50525226
42.2282408059
42.1465464652
42.0837775767
41.9396253735
41.7670500338
41.5482139856
40.4213193178
40.5384473354
39.9762091696
38.9893013418
38.9893013418
38.6887708694
38.6379168123
38.6379168123
38.6379168123
38.6379168123
38.6379168123
38.6224967003
38.6224967003
38.6224967003
38.4699350208
37.2948790312
36.8699203402
36.6892247379
35.6364662707
35.3325045854
35.0319740534
34.797718063
35.1943109781
35.1879542261
35.1996699601
35.1996699601
35.1842497796
35.1842497796
35.0671215653
35.3130933374
35.3130933374
35.1451112837
33.934485057
33.567680338
33.567680338
33.3226285845
33.5131083369
33.5131083369
33.5550358295
33.2933279514
33.2933279514
33.1581565976
33.5483927608
33.5483927608
33.511468634
33.4086656928
33.3994516373
32.1201331854
32.10691351
32.0980550915
32.0016273469
32.006056571
32.2605674893
31.6415565014
31.6631283998
32.0207714021
32.3444757134
