0.00275722 0.00274083 0.00275236
0.00268344 0.00269437 0.00269003
0.00264086 0.00266715 0.0026717
0.00259896 0.00256535 0.00261636
0.0025016 0.00258734 0.00259211
0.00249051 0.00255874 0.00256308
0.00251163 0.00253057 0.0025182
0.0024772 0.00247527 0.0024995
0.00247537 0.00247984 0.002482
0.00253054 0.00255019 0.00255706
0.00252825 0.0025208 0.00252169
0.00253148 0.00255249 0.00253816
0.0025699 0.00255225 0.00254735
0.0025718 0.0025692 0.00256451
0.00264622 0.00264323 0.00263038
0.00260121 0.00260454 0.00260278
0.00260496 0.00260284 0.00261348
0.0026247 0.002625 0.0026121
0.00262348 0.00262062 0.00262098
0.0026181 0.00262192 0.00261778
0.00259591 0.0025985 0.00259678
0.00253527 0.00254337 0.00255744
0.00254104 0.00255916 0.00254424
0.00246407 0.00242887 0.00244768
0.00244079 0.00243201 0.00244398
0.00236278 0.0023659 0.00236727
0.00235778 0.00235691 0.00235461
0.00233088 0.00233783 0.002333
0.0023017 0.00229729 0.00230383
0.00222699 0.00222076 0.00221982
0.00220904 0.00220658 0.00220719
0.00215982 0.00215673 0.0021559
0.00216882 0.00216758 0.00214795
0.00211104 0.00211904 0.00210689
0.00211755 0.00212309 0.00211897
0.0020788 0.00208191 0.00207295
0.00202458 0.00201638 0.00202592
0.0019755 0.0019897 0.00199728
0.00197334 0.00197965 0.0019856
0.00196771 0.00199536 0.00198132
0.00208813 0.00210359 0.00210536
0.00210921 0.00210473 0.00210421
0.00210608 0.00211033 0.00210963
0.00211019 0.00212019 0.00211119
0.00214739 0.00215686 0.00215469
0.00218971 0.00217658 0.00217833
0.00223189 0.00225946 0.00224935
0.00229575 0.00230365 0.0022829
0.00225605 0.00226985 0.0022529
0.00223894 0.00222862 0.00221444
0.00219686 0.00219214 0.00219353
0.00210665 0.00210736 0.00210129
0.00211243 0.00208675 0.00209335
0.00205943 0.00204882 0.00206001
0.00208413 0.00206236 0.00208828
0.00204761 0.00203273 0.00204774
0.00201394 0.0020326 0.00200189
0.00198806 0.00199508 0.00198161
0.00202942 0.00201561 0.00201625
0.00205209 0.00205252 0.00205182
0.00201116 0.00201965 0.00202988
0.00203474 0.00202782 0.00203687
0.00201669 0.00198266 0.00201868
0.00202018 0.00199204 0.00201503
0.00195504 0.00194563 0.00194313
0.00199324 0.00198529 0.00198418
0.00199897 0.00199467 0.00198435
0.00197948 0.00197298 0.00197253
0.00193154 0.00192573 0.00192232
0.00190203 0.00190156 0.00189694
0.00186407 0.0018466 0.00185546
0.00183928 0.00183792 0.00183222
0.00181313 0.00180518 0.00180343
0.00187746 0.0018795 0.00186896
0.00185365 0.00186177 0.00184822
0.00180788 0.00182137 0.00179932
0.00177806 0.00178185 0.00177669
0.0017754 0.00178052 0.00176795
0.00175977 0.00178814 0.00176536
0.0017437 0.001747 0.00174244
0.00166747 0.00167514 0.0016724
0.00163113 0.00163559 0.00164401
0.00163442 0.00163018 0.00163169
0.00163209 0.00162192 0.00163173
0.00161936 0.00165333 0.00164536
0.00167017 0.00166554 0.0016624
0.00170967 0.0017272 0.00172975
0.00169885 0.00169529 0.00169015
0.00160553 0.00160655 0.00160826
0.00169166 0.00173092 0.00169083
0.00165115 0.00164791 0.00165459
0.00165441 0.00168533 0.00165247
0.0016492 0.00165665 0.0016597
0.00165961 0.0016824 0.00166185
0.00164328 0.00165483 0.00165478
0.00171135 0.00170152 0.00171402
0.00177736 0.00177688 0.00177446
0.00181099 0.00178021 0.0018209
0.00183601 0.00184211 0.0018423
0.00184102 0.0018341 0.00183708
0.00182581 0.00183829 0.0018231
0.00172075 0.00171389 0.00173851
0.00169735 0.00169328 0.00171873
0.00165194 0.00166679 0.00163355
0.00170794 0.00170285 0.00170209
0.0016713 0.00170643 0.00169281
0.00171177 0.00168529 0.00168987
0.00172337 0.00170896 0.00170734
0.00169908 0.00169112 0.00170314
0.00167194 0.00170208 0.00167568
0.00176211 0.00173925 0.00174246
0.00178786 0.00177091 0.00177438
0.00177953 0.00178226 0.00177517
0.00174755 0.00176258 0.00177834
0.00176177 0.00178825 0.00178938
0.00179484 0.00181828 0.00182532
0.00179212 0.00181646 0.00180016
0.00179793 0.00176168 0.00178604
0.00187904 0.00186697 0.00190163
0.00185601 0.00187239 0.00189713
0.00182641 0.00182292 0.00182548
0.00182481 0.0018194 0.00180256
0.0018714 0.001879 0.00186365
0.00182536 0.00180212 0.00183627
0.00178082 0.00179951 0.00180308
0.00179549 0.00176998 0.0017592
0.00178313 0.00178575 0.00178145
0.00175918 0.00174632 0.00175454
0.00172389 0.00171374 0.00171776
0.00168002 0.00166649 0.00167414
0.00165767 0.00166704 0.00166513
0.00167601 0.00167474 0.00167837
0.00166676 0.00167714 0.0016796
0.00167648 0.001671 0.00167188
0.00166439 0.00166732 0.00166385
0.00164372 0.00163327 0.00164175
0.00158961 0.00159603 0.00158852
0.00160064 0.0015966 0.00160101
0.00161732 0.00161529 0.00160778
0.00161203 0.00160685 0.00161598
0.00162002 0.00161433 0.00161516
0.00157076 0.00157188 0.00158232
0.00160918 0.00161398 0.00161047
0.00156794 0.00159633 0.00156254
0.00152119 0.00152029 0.00152019
0.00149181 0.00148243 0.0014844
0.00147587 0.00148128 0.00147735
0.0014279 0.0014416 0.00142849
0.00146444 0.0014566 0.00145554
0.00142773 0.00143993 0.00142858
0.00140839 0.00141232 0.00140968
0.00144651 0.00144394 0.00144668
0.001447 0.00144628 0.0014406
0.00141056 0.00142958 0.00141198
0.00141404 0.00139517 0.00140119
0.00136225 0.00134919 0.00135378
0.00138452 0.00139315 0.00138708
0.00144569 0.00143855 0.00144733
0.00143645 0.00146697 0.00144767
0.00141679 0.00141666 0.00140659
0.00135193 0.00139319 0.0013575
0.00137026 0.00136716 0.00137003
0.00134483 0.00134289 0.00134492
0.00134496 0.00133837 0.00133214
0.00135256 0.00135716 0.00133129
0.0014056 0.00139876 0.00142017
0.00145423 0.00145417 0.00144225
0.00141166 0.00143747 0.00142867
0.00138961 0.00137948 0.00138882
0.00137111 0.00139901 0.00139136
0.0013879 0.00139239 0.00139409
0.00135203 0.00137624 0.00138032
0.0013466 0.00135916 0.00135345
0.00136555 0.00137841 0.00136392
0.00134839 0.00134835 0.00134895
0.00133808 0.00134719 0.00133863
0.0013452 0.00135481 0.001336
0.00139862 0.00138523 0.00137852
0.00135897 0.00136307 0.00135002
0.00131791 0.00131936 0.00131874
0.00134046 0.00134509 0.00134279
0.0013238 0.0013323 0.00133019
0.00135329 0.00137505 0.00135915
0.00134665 0.00134726 0.00135864
0.00137003 0.00139742 0.00137117
0.00135178 0.0013615 0.001347
0.00134128 0.00136803 0.00135438
0.00134828 0.00135813 0.00133858
0.00137601 0.00137036 0.00137545
0.00133331 0.0013383 0.00134309
0.00133956 0.00134973 0.00135923
0.00134778 0.00136307 0.00135004
0.00130835 0.00134234 0.00134378
0.00136844 0.00138446 0.00137467
0.00137141 0.00135083 0.00135681
0.00138579 0.00138674 0.00139163
0.00138869 0.00138417 0.00139056
0.00140262 0.00140012 0.00140693
0.00145049 0.00144993 0.00145348
0.00144827 0.00145692 0.00146339
0.00149055 0.00149251 0.00149186
0.00146944 0.001467 0.00147432
0.00147484 0.00147922 0.00148484
0.00155548 0.00153818 0.00154179
0.00150925 0.00151817 0.00150761
0.00152685 0.0015241 0.0015245
0.00151018 0.00149915 0.00150791
0.00149393 0.00151692 0.00151028
0.00152682 0.0015041 0.00150633
0.0015139 0.00152075 0.00151527
0.00152557 0.00153566 0.0015289
0.00154495 0.00154948 0.00154036
0.00152929 0.00153702 0.00153086
0.00152917 0.00153836 0.00153838
0.00150178 0.00151393 0.00150567
0.00149158 0.0014942 0.0014881
0.00154066 0.0015444 0.00154767
0.00155204 0.00157795 0.00155895
0.00154945 0.00155473 0.0015372
0.00153051 0.0015435 0.00153078
0.00148894 0.0014899 0.00149266
0.00146608 0.00146154 0.00146314
0.00145756 0.00144152 0.00144098
0.00142076 0.00140663 0.00140795
0.00138164 0.00137326 0.00138003
0.00132037 0.00132744 0.00132975
0.00130698 0.00131102 0.00130958
0.00133432 0.00133509 0.00133804
0.00137798 0.00137527 0.00137507
0.00134658 0.00134704 0.00135327
0.00141957 0.0014311 0.0014204
0.00137874 0.00139823 0.00140074
0.00134974 0.00134978 0.0013455
0.0012677 0.00129588 0.00127639
0.00132571 0.00129562 0.00130276
0.00131792 0.00131188 0.00130496
0.00133272 0.00129592 0.00130391
0.00131471 0.00128359 0.00127981
0.00135672 0.00132816 0.00128315
0.00133607 0.00131562 0.00128006
0.00140158 0.00135407 0.00134624
0.00139577 0.00136932 0.00134953
0.00142737 0.00139737 0.00138299
0.00141728 0.00138328 0.0013693
0.00141131 0.00138435 0.00140552
0.00147207 0.00144111 0.00144531
0.00150768 0.00152785 0.00152701
0.00148307 0.00145734 0.00146522
0.00154182 0.00146621 0.00146721
0.00157121 0.0014867 0.00151177
0.0015644 0.00146453 0.00150732
0.00157906 0.00152203 0.00151376
0.00161393 0.00159599 0.00157699
0.00156561 0.00150853 0.00151443
0.00152218 0.00145996 0.00147752
0.00152122 0.00144315 0.00148642
0.00163606 0.0015879 0.0015832
0.00158514 0.00152998 0.00158521
0.00160919 0.00158366 0.00162968
0.00169353 0.00164239 0.00166199
0.00168163 0.00161656 0.00162187
0.00163825 0.00158883 0.00155409
0.00162119 0.00154079 0.00158928
0.00163665 0.00153497 0.00156953
0.00159667 0.00153826 0.00157959
0.00153172 0.00151421 0.00153632
0.00160844 0.00157694 0.00154679
0.00170812 0.00164778 0.00167579
0.00173022 0.00162424 0.00165224
0.00167863 0.00168442 0.00168053
0.001795 0.00171212 0.00172854
0.00173904 0.00173041 0.00174506
0.00171699 0.00161586 0.00164619
0.00171547 0.00164342 0.00166312
0.0018323 0.00178619 0.00180975
0.00187955 0.00188283 0.00191152
0.00197665 0.00191739 0.00195338
0.00208714 0.0020672 0.00205445
0.00203067 0.00204688 0.00203241
0.00200548 0.00198085 0.00198254
0.0020579 0.00199665 0.00203706
0.00199258 0.00198224 0.00199059
0.00197363 0.001923 0.0018944
0.00188456 0.00183975 0.00185915
0.00177069 0.00171355 0.00173209
0.00165377 0.00167042 0.00164207
0.0016305 0.00157417 0.00158594
0.00152644 0.00156706 0.00153621
0.0015826 0.00161196 0.00160659
0.00164101 0.00168061 0.00164344
0.00166721 0.00161516 0.00166587
0.00170342 0.00172609 0.00170626
0.00178241 0.00180521 0.00177367
0.00165795 0.00163986 0.00164729
0.00163107 0.00160732 0.0016348
0.00175774 0.00179032 0.00177871
0.00188793 0.00182206 0.00187136
0.00185976 0.00181687 0.00186023
0.00189124 0.00185773 0.00187873
0.00189904 0.00186122 0.00186167
0.00172496 0.00168807 0.00171555
0.00162706 0.00154379 0.00161769
0.00172755 0.00171732 0.0016971
0.00177885 0.00169933 0.00174183
0.00179805 0.00180705 0.00178533
0.0020139 0.00197159 0.0019624
0.00182565 0.00178364 0.00181383
0.00172219 0.0016879 0.0016521
0.00173297 0.00167987 0.00166252
0.00173272 0.00170333 0.00171322
0.00180174 0.00176336 0.00176476
0.00181309 0.00184608 0.00184609
0.00192127 0.00190587 0.00190749
0.00186377 0.00190121 0.00185404
0.00176124 0.00177528 0.0017827
0.00170779 0.00169157 0.00169842
0.00170161 0.00166867 0.00168885
0.00179986 0.0016917 0.00173893
0.00172331 0.00167618 0.00166215
0.00163372 0.00154237 0.00157394
0.0016168 0.00156922 0.00159953
0.00166365 0.00156547 0.00159767
0.0016977 0.0016126 0.00164223
0.00182976 0.00182235 0.00180772
0.00197597 0.00187915 0.00192385
0.00216011 0.00204962 0.00209158
0.00220654 0.00214415 0.00214163
0.00228886 0.00212422 0.00214268
0.00225236 0.00213092 0.00214763
0.00232747 0.00224549 0.00225048
0.00225988 0.00219729 0.00215229
0.00220077 0.00209424 0.00209676
0.00215251 0.00209366 0.00206827
0.002235 0.00219454 0.00221543
0.0021078 0.00204076 0.00205133
0.00220044 0.00207709 0.00209748
0.00214174 0.00206042 0.002045
0.00215249 0.00208017 0.00210201
0.002234 0.0022582 0.00222915
0.00223824 0.00213995 0.00215077
