1.08895 1.07927 1.07702
1.08546 1.07353 1.0779
1.07043 1.07078 1.06983
1.08156 1.06866 1.06831
1.07712 1.06563 1.06272
1.0732 1.0609 1.06046
1.06178 1.05796 1.06137
1.07074 1.07019 1.06986
1.06773 1.0675 1.06747
1.05256 1.05212 1.05232
1.06262 1.06446 1.06231
1.06125 1.06054 1.06017
1.05748 1.05739 1.0575
1.05771 1.05631 1.05517
1.05509 1.0554 1.05527
1.05294 1.05352 1.05204
1.05222 1.05293 1.05149
1.05466 1.05264 1.05368
1.05425 1.05428 1.05295
1.05582 1.05612 1.05584
1.05772 1.0565 1.05628
1.0578 1.05639 1.05641
1.05515 1.05574 1.05469
1.0585 1.05769 1.05764
1.05991 1.05836 1.05952
1.05507 1.05693 1.05527
1.05651 1.05583 1.05653
1.05544 1.05511 1.05366
1.05212 1.05148 1.05075
1.05032 1.05049 1.05053
1.05031 1.05053 1.0507
1.04958 1.0509 1.04979
1.05008 1.05003 1.04878
1.05016 1.04936 1.05039
1.04806 1.0484 1.04827
1.04957 1.04918 1.04912
1.04866 1.04826 1.04874
1.0474 1.04793 1.04762
1.04904 1.04788 1.04949
1.04794 1.04526 1.0476
1.04557 1.04699 1.04718
1.04415 1.0443 1.04389
1.04378 1.0427 1.04363
1.0422 1.04203 1.04164
1.04267 1.04173 1.04228
1.0421 1.0418 1.04205
1.04113 1.03998 1.04085
1.04166 1.0393 1.0396
1.03995 1.04052 1.03966
1.03854 1.0383 1.03798
1.04022 1.03968 1.03963
1.03938 1.03897 1.03893
1.03984 1.04024 1.03978
1.04104 1.04028 1.04066
1.03993 1.03979 1.03972
1.03987 1.03983 1.03978
1.03942 1.03923 1.0393
1.03891 1.0391 1.039
1.03841 1.03909 1.0389
1.03591 1.03629 1.03613
1.03671 1.03715 1.03665
1.03688 1.03595 1.03655
1.03913 1.03857 1.03896
1.03855 1.0385 1.03862
1.03757 1.03774 1.03811
1.03785 1.03801 1.03807
1.0366 1.03614 1.03681
1.04026 1.03933 1.04014
1.03866 1.03839 1.03897
1.03859 1.03796 1.03833
1.03872 1.03887 1.03893
1.03876 1.03827 1.03871
1.03631 1.03684 1.03662
1.03545 1.03481 1.03572
1.03589 1.03522 1.03595
1.03507 1.03519 1.03553
1.03521 1.03524 1.03487
1.03377 1.03335 1.03411
1.03382 1.03371 1.03349
1.03255 1.03203 1.0323
1.03746 1.03714 1.03712
1.0373 1.03777 1.03663
1.03488 1.0356 1.03528
1.03575 1.03613 1.03627
1.03601 1.03511 1.0354
1.03554 1.03559 1.03635
1.03586 1.03612 1.03545
1.03564 1.03633 1.03486
1.03535 1.03414 1.03473
1.03422 1.0315 1.03357
1.03312 1.03354 1.03317
1.03498 1.03418 1.03434
1.03566 1.03488 1.03532
1.03428 1.03415 1.03447
1.0342 1.03412 1.03395
1.03002 1.03119 1.02978
1.02895 1.02958 1.02922
1.02908 1.02921 1.02929
1.02946 1.0294 1.02958
1.03022 1.02999 1.02945
1.03167 1.03082 1.03121
1.03298 1.03159 1.03256
1.03166 1.03176 1.03158
1.03232 1.03334 1.03236
1.02884 1.03013 1.02947
1.02915 1.02871 1.02929
1.02965 1.02935 1.02942
1.02933 1.02984 1.03071
1.03037 1.03044 1.02934
1.0285 1.02913 1.03
1.027 1.02892 1.02842
1.02758 1.02847 1.02839
1.02876 1.02915 1.02938
1.03053 1.03082 1.0324
1.03046 1.03077 1.03036
1.02994 1.02997 1.02957
1.03114 1.03147 1.03145
1.02934 1.0299 1.03012
1.02783 1.0282 1.02793
1.02866 1.02901 1.02887
1.02834 1.02882 1.02915
1.02881 1.02873 1.03012
1.02864 1.02726 1.02913
1.029 1.02952 1.02921
1.02881 1.02807 1.02897
1.0287 1.02914 1.03036
1.02913 1.0291 1.02949
1.02819 1.02845 1.02836
1.02874 1.02932 1.02918
1.02937 1.02969 1.02947
1.03028 1.03103 1.03074
1.03388 1.03311 1.0333
1.03219 1.03072 1.03071
1.03018 1.03034 1.03079
1.0276 1.02644 1.02747
1.03151 1.03099 1.03101
1.02863 1.02752 1.02871
1.02707 1.0272 1.02743
1.02674 1.0255 1.0263
1.02549 1.02566 1.02532
1.02789 1.02721 1.02745
1.03111 1.03082 1.0311
1.0321 1.0304 1.0312
1.0308 1.03081 1.03132
1.03137 1.03128 1.03126
1.0308 1.03167 1.03132
1.03164 1.03138 1.03132
1.02987 1.02872 1.03027
1.03024 1.02941 1.03034
1.03098 1.02923 1.03099
1.02986 1.03059 1.03055
1.02959 1.0285 1.0299
1.02889 1.02789 1.02875
1.02764 1.02713 1.02816
1.03022 1.03042 1.03144
1.02998 1.0313 1.02995
1.02856 1.02923 1.02925
1.02978 1.03078 1.02977
1.03126 1.03056 1.03136
1.02974 1.03021 1.03142
1.03044 1.02895 1.03032
1.02966 1.03092 1.0301
1.03093 1.03081 1.03075
1.02895 1.03003 1.0301
1.03046 1.02965 1.03019
1.03002 1.02984 1.03005
1.03182 1.03178 1.03266
1.03177 1.03144 1.03174
1.03227 1.03144 1.03197
1.0292 1.02927 1.02911
1.02771 1.02838 1.02784
1.02973 1.02923 1.02946
1.02682 1.02883 1.02903
1.02872 1.02539 1.02814
1.02376 1.02773 1.02708
1.02772 1.02679 1.02693
1.02282 1.02222 1.02621
1.0227 1.02319 1.02659
1.02398 1.02333 1.02383
1.02483 1.02356 1.02365
1.02372 1.02511 1.02425
1.02448 1.02455 1.02434
1.02384 1.02256 1.02347
1.02595 1.02689 1.02333
1.02706 1.02252 1.0261
1.02408 1.02373 1.02742
1.02708 1.02388 1.02756
1.0245 1.02477 1.0278
1.02591 1.02548 1.02557
1.02624 1.02728 1.02725
1.0263 1.02869 1.0275
1.02723 1.02702 1.02861
1.02654 1.02485 1.02507
1.0245 1.02508 1.02505
1.02356 1.02501 1.02462
1.02387 1.02182 1.02198
1.0226 1.02308 1.02154
1.0245 1.02541 1.02429
1.02248 1.02309 1.02342
1.02648 1.02549 1.02563
1.02294 1.0241 1.0234
1.02568 1.02788 1.02597
1.02839 1.02509 1.0254
1.02317 1.02521 1.02458
1.02532 1.02462 1.02532
1.02358 1.02366 1.02369
1.02294 1.02355 1.02352
1.02204 1.0231 1.02241
1.02238 1.02344 1.02352
1.02351 1.02218 1.02273
1.02201 1.02282 1.0225
1.02246 1.02191 1.02294
1.02259 1.02183 1.02257
1.02244 1.02144 1.02195
1.02164 1.02177 1.02175
1.02285 1.02123 1.02251
1.02252 1.02363 1.02222
1.02331 1.02122 1.02219
1.02042 1.02096 1.02232
1.02154 1.02211 1.02224
1.02224 1.02218 1.02226
1.0222 1.02342 1.0229
1.02256 1.02357 1.02381
1.02071 1.02206 1.02208
1.02201 1.02287 1.02268
1.02329 1.02255 1.023
1.02324 1.02219 1.02211
1.02085 1.02272 1.02217
1.02175 1.02131 1.02136
1.0213 1.02124 1.0213
1.01932 1.01774 1.01913
1.02458 1.02127 1.02236
1.02374 1.02501 1.02449
1.02319 1.02096 1.0227
1.02165 1.02397 1.02478
1.02337 1.02433 1.0252
1.02599 1.02797 1.02613
1.02569 1.02663 1.02711
1.02532 1.02727 1.02718
1.02779 1.02654 1.02685
1.0259 1.02494 1.0247
1.02399 1.02411 1.02492
1.02303 1.02346 1.02313
1.02081 1.0206 1.02342
1.02069 1.02213 1.02101
1.02185 1.02063 1.02056
1.02639 1.0203 1.02236
1.02601 1.02542 1.02788
1.02334 1.02593 1.02643
1.02477 1.02441 1.02498
1.02104 1.02157 1.02232
1.0198 1.02067 1.02153
1.02142 1.02247 1.02115
1.02228 1.02403 1.02359
1.02392 1.0244 1.0239
1.02346 1.02304 1.02231
1.01996 1.01964 1.0199
1.02064 1.02201 1.02042
1.02783 1.02727 1.02497
1.02139 1.02381 1.02231
1.02327 1.02252 1.02374
1.02533 1.02462 1.02684
1.02642 1.02483 1.02445
1.02064 1.0238 1.02226
1.02216 1.02132 1.02067
1.02383 1.02186 1.02211
1.02221 1.02023 1.0215
1.01921 1.0208 1.02047
1.01843 1.02073 1.01998
1.02259 1.02196 1.02103
1.02118 1.02011 1.02119
1.02583 1.02377 1.022
1.023 1.02334 1.02339
1.02273 1.02039 1.02176
1.01757 1.01666 1.01584
1.02109 1.01556 1.01747
1.01896 1.01591 1.01765
1.01776 1.01665 1.01673
1.01844 1.01456 1.01824
1.01987 1.01834 1.02003
1.0201 1.02182 1.02119
1.02339 1.0217 1.0217
1.022 1.02277 1.02437
1.02419 1.02353 1.02311
1.02994 1.02983 1.02938
1.03005 1.02892 1.0287
1.02634 1.02755 1.02693
1.02688 1.02129 1.02529
1.02332 1.01889 1.0208
1.02611 1.01978 1.02203
1.02637 1.02561 1.02355
1.02883 1.02325 1.0255
1.02645 1.0215 1.02405
1.02797 1.02621 1.02578
1.02626 1.02026 1.0225
1.02061 1.01726 1.01836
1.01889 1.01696 1.01825
1.02206 1.0198 1.02011
1.02461 1.02177 1.02183
1.02801 1.02593 1.02688
1.03243 1.02641 1.02893
1.02964 1.02711 1.02721
1.02753 1.02141 1.02325
1.02542 1.02297 1.02223
1.02423 1.02106 1.02438
1.01924 1.0192 1.01892
1.0264 1.02224 1.02505
1.02767 1.02809 1.02574
1.0218 1.01945 1.02302
1.0249 1.02003 1.02219
1.02492 1.02276 1.02344
1.025 1.02016 1.02168
1.02435 1.02069 1.02181
1.02963 1.02507 1.02603
1.02911 1.02502 1.02528
1.02801 1.02554 1.02565
1.0278 1.02404 1.02505
1.02765 1.02587 1.02473
1.03221 1.02737 1.02791
1.03396 1.02657 1.02854
1.02589 1.02082 1.02172
1.02358 1.0218 1.02339
1.02189 1.01778 1.02063
1.0183 1.01444 1.01582
1.02002 1.01719 1.01885
1.01779 1.01938 1.01767
1.0218 1.01785 1.01959
1.02542 1.02236 1.02394
1.02419 1.02428 1.02625
1.02474 1.02646 1.02551
1.0297 1.02887 1.03127
1.03054 1.02897 1.03007
1.02948 1.02837 1.03012
1.02728 1.02371 1.02371
1.03171 1.02515 1.02974
1.03105 1.03013 1.02675
1.02883 1.02633 1.02657
1.02535 1.02335 1.02324
1.02373 1.0224 1.02095
1.02759 1.02407 1.02377
