0.00476253 0.00378442 0.00326095
0.00473681 0.0052434 0.00502151
0.00289891 0.00269367 0.00226192
0.00200917 0.00226371 0.00160576
0.00292884 0.0022652 0.00161881
0.0036549 0.00309012 0.00222063
0.00253007 0.00266347 0.00179167
0.0020841 0.00279057 0.00188446
0.0030632 0.00236289 0.00189297
0.0032111 0.00243201 0.00203623
0.00300451 0.00320341 0.0028642
0.00170384 0.00211368 0.00191541
0.00336036 0.00193113 0.00187407
0.00225217 0.00261852 0.00229038
0.00191094 0.00172654 0.00156821
0.00174625 0.0016049 0.00132913
0.00236403 0.00196054 0.0016718
0.00204577 0.00180099 0.00143383
0.00192516 0.00169967 0.00140549
0.00179381 0.00196562 0.00173968
0.00279213 0.00175705 0.00142628
0.00132973 0.00153871 0.00120152
0.00149136 0.00173044 0.0014571
0.00217005 0.00160192 0.00117918
0.0015427 0.00159936 0.00110089
0.0019712 0.0017808 0.00153596
0.00221415 0.00171727 0.00139259
0.00171197 0.00173769 0.00144475
0.00181532 0.00169214 0.00140427
0.00165534 0.00170801 0.00130603
0.00197929 0.00166293 0.00126874
0.0017364 0.00170281 0.00179038
0.00170493 0.00180109 0.00182115
0.00263373 0.00255669 0.00195008
0.0019473 0.00246011 0.00219953
0.00167606 0.00250909 0.00211927
0.00271577 0.00259437 0.0021258
0.00244328 0.00180982 0.00163539
0.00223367 0.00174117 0.001415
0.00230838 0.00175054 0.00168642
0.00195572 0.00221635 0.00207574
0.00219981 0.00212334 0.00217043
0.00198631 0.00205224 0.00202652
0.00196359 0.0019064 0.00176558
0.00214369 0.00187063 0.00178099
0.00249624 0.00204063 0.00190305
0.00212576 0.00180036 0.00161041
0.00302814 0.00259354 0.0025004
0.00318357 0.00268964 0.0026255
0.0028762 0.00233736 0.00223156
0.00145 0.00173362 0.00157263
0.00277331 0.0021818 0.00238019
0.00225018 0.0028065 0.00259611
0.0020618 0.00250294 0.00241402
0.00195573 0.00270577 0.00249566
0.00197695 0.00168276 0.00151044
0.00167822 0.00183983 0.00150161
0.00190646 0.00175548 0.0016779
0.00203222 0.00198185 0.00163153
0.00162769 0.00245266 0.0018822
0.00187071 0.00273085 0.00226665
0.00200923 0.00198743 0.0018149
0.00151172 0.00170704 0.00147828
0.00210513 0.00204903 0.00181273
0.00204947 0.00260938 0.00219308
0.00165131 0.00266062 0.00227684
0.00174125 0.00237397 0.00237574
0.00199089 0.00218637 0.00205474
0.0017975 0.00219747 0.00197498
0.00206256 0.00233581 0.0022475
0.00231442 0.00282451 0.00241574
0.00163147 0.00180196 0.0020663
0.00190229 0.00201715 0.00184274
0.00191943 0.00223357 0.00206052
0.00222944 0.00207962 0.00187778
0.00240714 0.002389 0.0021825
0.00172738 0.00272843 0.00263864
0.00171343 0.00273117 0.00253521
0.00217875 0.00279282 0.00251191
0.00181025 0.00280088 0.00271123
0.00177749 0.00276465 0.00259133
0.00195789 0.0024214 0.00207111
0.00194982 0.00187267 0.00172625
0.00234708 0.0018018 0.00175122
0.00234126 0.0023005 0.00210464
0.00191604 0.00267915 0.00238672
0.0020082 0.00274624 0.00263448
0.00154702 0.00302515 0.00284149
0.00185041 0.00248899 0.00252679
0.00159899 0.0025453 0.00225067
0.00182228 0.00276239 0.00248565
0.00175541 0.00241434 0.0021878
0.00184799 0.0025753 0.00223366
0.00164554 0.00283624 0.00228222
0.00168597 0.00254805 0.00219556
0.001628 0.00269108 0.00237297
0.00166044 0.00305399 0.00255471
0.00173846 0.00283826 0.00224076
0.00188387 0.00302113 0.0025933
0.00195347 0.00326994 0.00304829
0.00195852 0.00262684 0.00260833
0.00204132 0.00316214 0.00273933
0.00170107 0.00302059 0.00322521
0.00215331 0.00293108 0.00283878
0.00192143 0.0030459 0.00291906
0.00187047 0.00341748 0.00315875
0.00202124 0.00266736 0.00283421
0.00233292 0.00248378 0.00247805
0.00156791 0.0031246 0.00273572
0.00181264 0.0027937 0.00251514
0.00243982 0.002812 0.00245841
0.00175341 0.00296707 0.00263036
0.00213171 0.00302091 0.00247205
0.00167763 0.00295125 0.00240576
0.0025788 0.00317336 0.00245044
0.00164601 0.00283668 0.00221305
0.00202487 0.00287027 0.00225442
0.00166826 0.00284229 0.00194617
0.00194436 0.00341455 0.00248444
0.0017527 0.00325661 0.00274192
0.00215062 0.00330652 0.00302975
0.00206152 0.00254791 0.0026688
0.00197247 0.00239102 0.00230339
0.00191739 0.00250341 0.00242783
0.00159793 0.00333011 0.00324879
0.00237689 0.00374013 0.00382963
0.00208375 0.00406862 0.00362745
0.00242903 0.00366083 0.00359821
0.00253728 0.00403797 0.00390991
0.00300374 0.00453533 0.00434596
0.0029005 0.00489955 0.00483649
0.00260031 0.00459679 0.00429267
0.00308621 0.0046157 0.00441782
0.00317828 0.00505562 0.00496609
0.00349465 0.00572139 0.0056179
0.00377886 0.00531033 0.00593314
0.00343413 0.00542347 0.0061782
0.00359369 0.00582778 0.0057573
0.00402441 0.00614219 0.00586671
0.00406045 0.00524307 0.00624699
0.003647 0.00523787 0.006036
0.00403175 0.00617097 0.00610886
0.00382973 0.00443987 0.00575201
0.0041348 0.00597854 0.00578197
0.00406825 0.00504091 0.00616438
0.00373288 0.00426888 0.00582768
0.00377939 0.00565175 0.00579857
0.00416283 0.00455002 0.00595395
0.00372399 0.00550619 0.00560196
0.00380366 0.00553949 0.005489
0.00391474 0.0057628 0.00551299
0.00361156 0.00553436 0.00542202
0.0039462 0.00459721 0.00567891
0.00403042 0.00509118 0.00561919
0.00398069 0.0045441 0.00552921
0.00357515 0.00542987 0.00513852
0.0035372 0.00418571 0.00464468
0.00276213 0.00390113 0.00380935
0.00290856 0.00371994 0.00413728
0.00361748 0.00502506 0.00471976
0.00383979 0.00471352 0.00516573
0.00358592 0.00478754 0.00485292
0.0036238 0.00453464 0.00510385
0.00334748 0.00506263 0.00498027
0.00378629 0.00388588 0.0053564
0.00324847 0.0039036 0.00482025
0.00478783 0.00517094 0.0047627
0.00369782 0.00446856 0.00529542
0.0035685 0.00493006 0.0047879
0.00322789 0.00458589 0.00453326
0.00395884 0.00542955 0.00500744
0.00353702 0.00525168 0.00507173
0.00373774 0.00380786 0.00512328
0.00345519 0.00487586 0.00471406
0.00409437 0.00410465 0.00560038
0.00367223 0.00404123 0.00492994
0.00357959 0.00466677 0.00474121
0.00334527 0.00445732 0.00495266
0.0038306 0.0049263 0.00478501
0.00379233 0.00522077 0.00488668
0.00376841 0.00425964 0.00491775
0.00320952 0.00318334 0.00451282
0.00455487 0.00526245 0.00449638
0.00349157 0.00338379 0.00468931
0.00460639 0.00461712 0.00395401
0.00528921 0.00575368 0.00491697
0.0037386 0.00534991 0.00464851
0.00288102 0.00310902 0.00391925
0.00502827 0.00581246 0.00471344
0.0035936 0.00358297 0.005015
0.00407302 0.0045866 0.00406565
0.00487471 0.00558541 0.00489006
0.00430387 0.00430387 0.00443316
0.00380409 0.00380409 0.00395759
0.00416264 0.00416264 0.00430578
0.00424166 0.00424166 0.00433108
0.00413293 0.00413293 0.00423872
0.00411963 0.00411963 0.00423058
0.00413899 0.00413899 0.00423021
0.00413583 0.00413583 0.00422583
0.00414956 0.00414956 0.00423926
0.00414072 0.00414072 0.00423391
0.00412736 0.00412736 0.004221
0.00412784 0.00412784 0.00420819
0.0041299 0.0041299 0.00421052
0.00412881 0.00412881 0.00418447
0.0041271 0.0041271 0.00418326
0.00412533 0.00412533 0.00418166
0.00412429 0.00412429 0.00418072
0.00412338 0.00412338 0.00417971
0.00412122 0.00412122 0.00417779
0.00411979 0.00411979 0.00417641
0.00411912 0.00411912 0.0041932
0.00411895 0.00382091 0.00419337
0.00478448 0.00519606 0.00435133
0.00369042 0.00446255 0.004678
0.00391805 0.00441458 0.00444111
0.0029065 0.00288794 0.00403864
0.00443004 0.00519089 0.00390991
0.00305955 0.00309016 0.00428361
0.00378656 0.00398247 0.0042407
0.00365068 0.00365068 0.00373934
0.00404352 0.0048565 0.00386869
0.0038958 0.0038958 0.00397064
0.00368091 0.00368091 0.00381735
0.00372904 0.00372904 0.00383348
0.0037497 0.0037497 0.00385563
0.00375915 0.00375915 0.0038621
0.00394285 0.00394285 0.00404324
0.00379975 0.00379975 0.00389828
0.00382038 0.00382038 0.00391828
0.00383655 0.00383655 0.00394702
0.00394424 0.00394424 0.00403521
0.00380913 0.00380913 0.00392241
0.00384723 0.00384723 0.00395326
0.00387187 0.00387187 0.00397536
0.00327772 0.00386753 0.00396597
0.00396405 0.00396405 0.00408937
0.00388055 0.00386823 0.00401411
0.004534 0.00488222 0.00381496
0.00367234 0.00482494 0.00435032
0.00396942 0.00396942 0.00361994
0.00405751 0.00405751 0.00403894
0.00391172 0.00391172 0.00391464
0.00391312 0.00391312 0.00392002
0.00390244 0.00390244 0.00387937
0.00406844 0.00406844 0.00409387
0.00396052 0.00396052 0.00399762
0.0039627 0.0039627 0.0040029
0.00398247 0.00398247 0.00401818
0.0039737 0.0039737 0.00400345
0.00409377 0.00409377 0.00415248
0.0039854 0.0039854 0.00403935
0.00400941 0.00400941 0.00405335
0.00403843 0.00403843 0.00409118
0.00408022 0.00408022 0.00418981
0.00399163 0.00399163 0.0041011
0.00401404 0.00401404 0.00412187
0.00403428 0.00403428 0.0041382
0.00411969 0.00411969 0.00422907
0.00405351 0.00405351 0.00413286
0.00407281 0.00407281 0.00415365
0.0040894 0.0040894 0.00416071
0.00407518 0.00407518 0.00418048
0.00427963 0.00451266 0.00426443
0.00388105 0.00388105 0.00401984
0.0040307 0.0040307 0.00410397
0.00396298 0.00396298 0.00405587
0.0038125 0.00420859 0.00416522
0.00438853 0.00465608 0.00387793
0.00412261 0.0044448 0.00434959
0.00380379 0.00380379 0.00379441
0.00412678 0.00412678 0.00408675
0.00390823 0.00381361 0.00410532
0.00404285 0.00422681 0.00355989
0.0039559 0.00428822 0.00425947
0.00338036 0.00387372 0.00393378
0.00396074 0.00445101 0.0036898
0.00389475 0.00426902 0.00449702
0.00431835 0.00428377 0.00378678
0.00452371 0.00468826 0.0036796
0.0038277 0.00502967 0.00396715
0.00413596 0.00311856 0.00411563
0.00397354 0.00463103 0.00365137
0.00421024 0.00440068 0.00421959
0.00413761 0.00467152 0.00394222
0.00388906 0.00388906 0.00407026
0.00370771 0.00370771 0.00391973
0.00382111 0.00382111 0.00402898
0.00383744 0.00383744 0.00403031
0.00389206 0.00389206 0.00409392
0.00380338 0.00380338 0.00400109
0.00384449 0.00384449 0.00405733
0.00386039 0.00386039 0.00405502
0.00385752 0.00385752 0.00404867
0.00386854 0.00386854 0.00409401
0.00380158 0.00380158 0.00401226
0.00385981 0.00385981 0.00406941
0.00387443 0.00387443 0.00408035
0.00390602 0.00390602 0.00412147
0.00382397 0.00382397 0.00404751
0.00386523 0.00386523 0.00408795
0.00387357 0.00387357 0.00409402
0.00386817 0.00336194 0.00409096
0.00395326 0.00395326 0.00415562
0.00298041 0.00389356 0.00409067
0.00394157 0.00394157 0.00414659
0.00395205 0.00395205 0.00414806
0.00396783 0.00396783 0.004153
0.00389477 0.00389477 0.00409234
0.00397213 0.00397213 0.00417753
0.00332725 0.00398142 0.00418675
0.00300671 0.0039742 0.00417504
0.00299338 0.00332338 0.0041277
0.00357379 0.00357379 0.00373385
0.00400532 0.00400532 0.00413945
0.00381873 0.00381873 0.0039631
0.00380303 0.00380303 0.003973
0.00376983 0.00376983 0.00394963
0.00383526 0.00383526 0.00399634
0.00384675 0.00384675 0.00401541
0.00383148 0.00383148 0.00399414
0.00388117 0.00388117 0.00407322
0.00380191 0.00380191 0.0040026
0.00385235 0.00385235 0.00404667
0.0038619 0.0038619 0.0040585
0.00396899 0.00396899 0.00413522
0.00385583 0.00385583 0.00402799
0.0039006 0.0039006 0.00407385
0.00391302 0.00391302 0.00408665
0.00391534 0.00391534 0.00409053
0.00391552 0.00391552 0.00407165
0.003851 0.003851 0.00402532
0.00389548 0.00389548 0.00406949
0.00393541 0.00393541 0.00409435
0.00385487 0.00385487 0.00404462
0.00390903 0.00390903 0.00408902
0.00391527 0.00391527 0.00409482
0.00390776 0.00390776 0.00408735
0.00387644 0.00387644 0.0040653
0.00382903 0.00382903 0.00399615
0.00387422 0.00387422 0.00406078
0.00387613 0.00387613 0.00406238
0.00386108 0.00386108 0.00406108
0.00377915 0.00377915 0.0039827
0.00385816 0.00385816 0.00404109
0.0038628 0.0038628 0.00404477
0.00383553 0.00383553 0.00403528
0.0038353 0.0038353 0.00405366
0.00374382 0.00374382 0.00395013
0.00380794 0.00380794 0.00400348
