89.6275164749
89.7636911308
89.7747890806
89.7803451555
89.7570985082
89.7362261629
89.7496859181
85.8858495021
84.9105750858
86.5515599689
84.1162611068
83.3336559042
84.0742675872
82.4872940003
82.4995332367
82.4993332743
82.4717346934
82.5145935919
82.5081432877
82.523473078
82.5258852512
82.5707527116
82.5636210116
82.8014654196
80.9117920422
80.3261020144
79.7835300405
79.3910839149
79.379621638
79.4060721262
77.4655429434
75.8922106899
75.5172512043
75.4680113223
75.4131968469
75.411051201
75.424066752
75.4429490889
75.4696725199
73.2245866036
72.352179491
71.2044578386
71.7264597408
71.2464182868
70.9490039287
70.9741278322
70.6313006952
70.4142879001
70.2305807926
69.8776780658
69.2248103865
69.4093255127
68.5918306478
68.645192359
68.6260668582
68.8578447712
68.8931554711
68.8944716782
66.7800255564
65.6087911068
65.8955011747
64.8396011396
64.5903968358
64.0918018511
63.6303358624
63.0198856998
63.0376628718
62.152295643
62.1117484004
62.1185402282
62.1872197902
62.2316779404
62.2058705122
62.2807099646
62.3110200661
61.095341547
58.7887878853
58.3418609301
58.0856890444
57.5787233716
57.4853931088
57.5479501364
57.2569679739
56.9896093648
57.1030032197
56.8042297301
55.9115734543
55.9547965482
55.5499425853
55.5983886473
55.6375356125
55.6299358233
55.7258186917
55.746013353
55.8390755797
55.8489467834
55.8555252179
53.633642363
52.765960722
52.7690128446
51.8530509318
50.7075028898
50.7768164478
50.3089942753
49.3999140264
49.4716531894
49.3720656134
49.3255193665
49.3611225868
49.2305701956
49.2932184497
49.4365968501
49.4221989695
49.488200128
49.5873137612
49.6094566498
49.6031221096
48.3400745076
47.2023417133
46.0162371896
44.8712160403
44.3635428845
44.2049088431
44.1523581186
44.2301612918
44.2129781738
44.4402965947
44.5475679442
43.1512184355
42.263578161
42.5036325904
42.4228904323
41.8243725572
41.0870157427
40.6990374697
40.2286535162
39.656459068
39.112352235
38.6288007536
38.7086781771
38.75354961
38.8505748577
38.8676584961
37.8832157178
38.1397560103
38.1325809543
37.78208745
37.6266796275
38.4023369488
37.4443170208
37.0701934458
36.6760857213
36.444517633
36.1596915076
35.8375114782
34.6022890615
34.3212531659
34.1994275841
33.990952836
33.9355306443
33.5271971395
33.3832823874
33.2416699993
33.3667419211
33.2902783793
33.6733612242
32.9095545587
33.230935187
33.4220024107
33.0615826198
32.4424811634
32.2897520654
32.3161545283
32.2986299463
32.1476772776
32.0620279821
32.0262256222
31.7198432823
31.810209935
31.5299166251
31.3067501863
31.6821194277
31.4138186609
31.5722798868
31.6240600882
30.9547769747
31.0882341434
31.7606943608
30.8664263811
31.402004183
30.7454938142
30.6302368716
30.622799573
30.5899004861
30.5859542686
30.5799376776
30.5438696472
30.5830219329
30.5822152692
30.5825575722
30.5820861757
30.5816134768
30.5819774873
30.5822864092
30.5823973971
30.5824075314
30.5823513773
30.5823910049
30.5824041562
30.5823738934
30.5824522633
30.5825687696
30.5826763448
30.3681187408
30.4957553446
30.2573086797
30.1312633034
30.2449069121
29.9326959006
29.4430646384
28.9887573702
28.9900950744
29.0258573608
29.0300712776
29.0075248736
29.0071575225
29.0067026172
28.9442085393
28.943559605
28.9439423416
28.9441707623
28.9078402929
28.9077458998
28.907802555
28.9080016532
28.9077736503
28.7934697015
28.7927792566
29.5061121327
28.7538004122
28.9332832378
28.8152917884
28.8233852516
28.8021324302
28.8223291276
28.747588736
28.7394780792
28.7475866912
28.7396541376
28.7395408491
28.7128893539
28.6961325741
28.6961017813
28.6962795699
28.4389030464
28.4383499949
28.4385660902
28.4387496793
28.3882032901
28.3908954702
28.3914617947
28.3886201758
28.3913890663
28.3626698961
28.1383141616
28.2183016655
28.2173256491
28.0885448907
28.005401633
28.0338562179
28.1106362601
28.0810324972
28.1070622274
28.1247351618
27.9889809617
27.9705231367
28.3991943664
28.0563971213
27.9836700124
28.1215988536
28.4829595479
28.149915229
28.0633565838
28.0204175745
28.1584792636
28.197297737
28.1922122745
28.1982118135
28.1981897567
28.1759393628
28.2015580923
28.2057452471
28.2062258227
28.2058126411
28.2184092835
28.2152688364
28.2198776755
28.2202028014
28.2115717056
28.2239403558
28.2277304059
28.2280048448
28.2276539356
28.204200938
28.2011634404
28.2065537303
28.2066547472
28.2043381611
28.2013035531
28.2330251389
28.2332603456
28.2321831975
28.2176882816
28.2125014485
28.219258571
28.2068163316
28.1435154685
28.1430817929
28.1449410945
28.1452945996
28.1444195859
28.1420300584
28.1386632416
28.1396615967
28.1402521983
28.1818987547
28.1751682321
28.1798866781
28.1804229792
28.180505179
28.1962258483
28.2040854618
28.2097750996
28.2232448057
28.2203358276
28.2248154189
28.2253178805
28.2244511765
28.2261963184
28.2300925586
28.2353882762
28.2353166395
28.2418804318
28.2473963645
28.2541435498
28.2539801508
28.2531008808
28.2888350532
28.2852006117
28.3069503206
28.3073812419
