1.07538 1.08837 1.08549
1.07202 1.07742 1.07502
1.0677 1.06905 1.07361
1.06891 1.07236 1.06969
1.07918 1.07237 1.07617
1.07529 1.07097 1.07499
1.08184 1.07189 1.07864
1.08254 1.0765 1.07904
1.08307 1.07511 1.08023
1.08037 1.07778 1.07865
1.08166 1.08792 1.08127
1.07769 1.07947 1.0799
1.07925 1.08617 1.08943
1.08789 1.08591 1.08737
1.08554 1.0854 1.08716
1.08629 1.08669 1.08537
1.08324 1.08006 1.08172
1.08781 1.0836 1.08518
1.09699 1.08399 1.08499
1.08795 1.0939 1.09562
1.09685 1.08624 1.08578
1.0846 1.08026 1.07931
1.08794 1.08117 1.07913
1.07153 1.07216 1.07313
1.07362 1.07298 1.07474
1.0651 1.06328 1.0642
1.06549 1.06107 1.05828
1.05373 1.05719 1.05964
1.05841 1.0513 1.05061
1.06535 1.05777 1.05919
1.06818 1.06753 1.06252
1.06074 1.06496 1.06896
1.05786 1.06639 1.06739
1.08019 1.08084 1.07374
1.0739 1.08475 1.0837
1.07487 1.09037 1.08711
1.10842 1.09638 1.0923
1.09231 1.11032 1.10983
1.09336 1.10645 1.10641
1.1274 1.10481 1.10536
1.1147 1.13293 1.1325
1.11927 1.12906 1.13097
1.11149 1.12822 1.12774
1.08977 1.10986 1.10281
1.09432 1.11163 1.10687
1.09349 1.10807 1.11339
1.07509 1.09369 1.0882
1.09143 1.12945 1.12663
1.09127 1.1111 1.1081
1.07618 1.09815 1.09436
1.08457 1.0989 1.09814
1.09954 1.09545 1.09937
1.09329 1.12152 1.11419
1.12206 1.12919 1.132
1.11741 1.14278 1.1372
1.08609 1.11171 1.10682
1.0914 1.10885 1.1098
1.10275 1.10946 1.11134
1.09737 1.1099 1.1
1.09695 1.12888 1.11439
1.09735 1.12331 1.11838
1.10433 1.0888 1.08838
1.06393 1.08672 1.08422
1.10237 1.08925 1.08716
1.09601 1.11719 1.11082
1.1026 1.12926 1.12244
1.11224 1.12815 1.12533
1.0933 1.10907 1.10781
1.09417 1.11231 1.10752
1.12147 1.10821 1.11011
1.14524 1.13015 1.12617
1.11217 1.11818 1.12765
1.14328 1.12149 1.12402
1.12992 1.14515 1.14645
1.16279 1.13838 1.13956
1.15607 1.135 1.1369
1.14429 1.16141 1.16099
1.14478 1.16658 1.16016
1.17752 1.16172 1.15933
1.16866 1.18746 1.18472
1.16637 1.19684 1.18742
1.1626 1.19553 1.18483
1.14198 1.1567 1.15214
1.14728 1.15615 1.15778
1.14049 1.16432 1.15909
1.11845 1.14926 1.14058
1.13735 1.15929 1.15525
1.14268 1.17032 1.16682
1.13256 1.14201 1.14222
1.13141 1.15865 1.14797
1.13456 1.16174 1.15563
1.11215 1.13275 1.13143
1.11942 1.14777 1.1389
1.13212 1.15684 1.14749
1.10977 1.14549 1.1322
1.13699 1.17002 1.1575
1.14369 1.18003 1.1662
1.1181 1.1496 1.13928
1.14095 1.17104 1.16142
1.1533 1.18516 1.17288
1.13057 1.15971 1.153
1.14843 1.17605 1.16667
1.14889 1.17508 1.17412
1.14623 1.14856 1.14215
1.14214 1.16261 1.15598
1.14362 1.16224 1.16042
1.11931 1.13167 1.13607
1.14948 1.13322 1.13028
1.11513 1.13869 1.13321
1.08416 1.11628 1.10848
1.13151 1.1243 1.12305
1.11072 1.12516 1.12734
1.11785 1.10958 1.10584
1.09544 1.12028 1.11613
1.13545 1.12951 1.119
1.11372 1.14743 1.13476
1.09335 1.11525 1.10469
1.09157 1.11933 1.10614
1.11376 1.13947 1.12674
1.12593 1.16163 1.14877
1.15457 1.17679 1.17395
1.19042 1.19288 1.19632
1.15886 1.17787 1.17619
1.16266 1.19692 1.18549
1.18859 1.20794 1.21242
1.19887 1.21018 1.21813
1.19131 1.22659 1.21681
1.22278 1.24834 1.23846
1.24223 1.26608 1.25825
1.25469 1.29021 1.27735
1.27815 1.31796 1.31147
1.24686 1.2824 1.27564
1.26085 1.29853 1.28377
1.29369 1.32847 1.32279
1.32336 1.35303 1.35111
1.34085 1.35145 1.37116
1.32712 1.34212 1.36255
1.31874 1.34325 1.34479
1.3313 1.36374 1.35387
1.35597 1.36482 1.3804
1.33849 1.35153 1.3681
1.32684 1.35504 1.35442
1.34016 1.34795 1.36553
1.33159 1.36162 1.3521
1.34496 1.35527 1.37374
1.33054 1.3412 1.35911
1.3138 1.35011 1.3425
1.33576 1.34497 1.36443
1.32091 1.3588 1.34868
1.29516 1.33087 1.31866
1.30003 1.33713 1.32529
1.32357 1.36335 1.35326
1.35687 1.36493 1.38196
1.34762 1.35342 1.37019
1.33406 1.33816 1.35733
1.31558 1.34332 1.34041
1.3301 1.3341 1.35171
1.30968 1.34129 1.33676
1.33029 1.33863 1.35829
1.32334 1.34728 1.34433
1.3422 1.34622 1.36654
1.3286 1.35531 1.35032
1.34923 1.35209 1.36918
1.32455 1.36836 1.35283
1.3606 1.35912 1.38525
1.32973 1.33702 1.35567
1.35086 1.34804 1.33494
1.34442 1.34712 1.36404
1.32417 1.35641 1.34623
1.2965 1.33168 1.32161
1.3042 1.33942 1.32936
1.32717 1.36403 1.35531
1.35387 1.35295 1.3771
1.32968 1.36644 1.34883
1.35555 1.36162 1.38123
1.33707 1.33482 1.3576
1.30835 1.33287 1.32837
1.31571 1.34093 1.34312
1.32822 1.34574 1.34656
1.3347 1.35914 1.35202
1.35477 1.35656 1.37174
1.33905 1.33923 1.35727
1.34016 1.34765 1.33404
1.34333 1.339 1.35906
1.35148 1.34396 1.3334
1.36081 1.36723 1.35439
1.3649 1.37035 1.38264
1.34019 1.34172 1.35938
1.34881 1.35095 1.33971
1.34423 1.34774 1.36457
1.35129 1.35713 1.34488
1.3594 1.35526 1.34956
1.36084 1.36084 1.36499
1.36036 1.36036 1.3643
1.36048 1.36048 1.36366
1.36054 1.36054 1.36368
1.35999 1.35999 1.36333
1.35974 1.35974 1.36339
1.36011 1.36011 1.36329
1.36019 1.36019 1.36333
1.36004 1.36004 1.36324
1.35997 1.35997 1.36321
1.35996 1.35996 1.36319
1.35996 1.35996 1.36302
1.35996 1.35996 1.36301
1.35996 1.35996 1.36295
1.35994 1.35994 1.36294
1.35993 1.35993 1.36293
1.35992 1.35992 1.36291
1.35992 1.35992 1.36291
1.35991 1.35991 1.3629
1.3599 1.3599 1.36289
1.35989 1.35989 1.3629
1.35989 1.35256 1.3629
1.36062 1.36251 1.35041
1.35442 1.35549 1.37128
1.36298 1.36346 1.37731
1.34774 1.34711 1.36181
1.35328 1.35351 1.34169
1.34907 1.35074 1.36515
1.35931 1.35653 1.37158
1.35308 1.35308 1.35521
1.35278 1.36109 1.35548
1.35626 1.35626 1.35835
1.35567 1.35567 1.35816
1.35589 1.35589 1.35822
1.35617 1.35617 1.35852
1.35623 1.35623 1.35861
1.3597 1.3597 1.36186
1.35971 1.35971 1.36167
1.35951 1.35951 1.36151
1.3596 1.3596 1.36163
1.3629 1.3629 1.36483
1.36283 1.36283 1.36475
1.36291 1.36291 1.36486
1.36301 1.36301 1.36494
1.35409 1.36298 1.36492
1.36606 1.36606 1.36813
1.36622 1.35363 1.36833
1.36553 1.36379 1.34965
1.36296 1.36459 1.37626
1.36203 1.36203 1.36414
1.36353 1.36353 1.36583
1.36324 1.36324 1.36564
1.36363 1.36363 1.36632
1.36344 1.36344 1.36577
1.36686 1.36686 1.36903
1.36676 1.36676 1.36892
1.36668 1.36668 1.36884
1.36671 1.36671 1.36886
1.36672 1.36672 1.36886
1.36982 1.36982 1.37189
1.36992 1.36992 1.37195
1.36998 1.36998 1.37219
1.36997 1.36997 1.37199
1.37282 1.37282 1.37508
1.37297 1.37297 1.37524
1.37305 1.37305 1.37531
1.37305 1.37305 1.37534
1.37613 1.37613 1.3783
1.37636 1.37636 1.37747
1.37625 1.37625 1.37757
1.37645 1.37645 1.3777
1.37588 1.37588 1.3777
1.36985 1.36998 1.38044
1.36643 1.36643 1.36854
1.36672 1.36672 1.36851
1.36639 1.36639 1.36821
1.3595 1.35758 1.37055
1.3693 1.37363 1.35481
1.36691 1.37363 1.38571
1.35878 1.35878 1.3609
1.3586 1.3586 1.3608
1.35071 1.34981 1.3634
1.36025 1.35509 1.34655
1.34784 1.35929 1.36196
1.35273 1.36221 1.36402
1.35405 1.36425 1.34837
1.35579 1.35921 1.37502
1.34776 1.34754 1.3541
1.35118 1.35831 1.34907
1.35249 1.35746 1.35249
1.36216 1.3531 1.36332
1.36014 1.35894 1.34947
1.35686 1.35776 1.36721
1.35612 1.36374 1.35557
1.35575 1.35575 1.35741
1.356 1.356 1.35785
1.3563 1.3563 1.35805
1.35679 1.35679 1.35837
1.35932 1.35932 1.36089
1.35934 1.35934 1.36125
1.3595 1.3595 1.36135
1.35957 1.35957 1.3612
1.35952 1.35952 1.36112
1.36201 1.36201 1.36379
1.36247 1.36247 1.36414
1.36256 1.36256 1.36426
1.36259 1.36259 1.36426
1.36496 1.36496 1.36665
1.36533 1.36533 1.36708
1.36554 1.36554 1.36732
1.36554 1.36554 1.36714
1.36544 1.35552 1.36717
1.36846 1.36846 1.36982
1.36059 1.36888 1.37019
1.369 1.369 1.37045
1.36899 1.36899 1.37032
1.37162 1.37162 1.3728
1.37205 1.37205 1.37331
1.3721 1.3721 1.37346
1.36151 1.37209 1.37346
1.36381 1.37211 1.37336
1.36486 1.36329 1.3753
1.35731 1.35731 1.35917
1.35607 1.35607 1.35787
1.35522 1.35522 1.35698
1.35782 1.35782 1.35963
1.35845 1.35845 1.36021
1.35882 1.35882 1.36045
1.35851 1.35851 1.36034
1.35848 1.35848 1.36017
1.36126 1.36126 1.36311
1.36146 1.36146 1.3634
1.36166 1.36166 1.3635
1.36152 1.36152 1.3634
1.36453 1.36453 1.36608
1.36466 1.36466 1.36615
1.36475 1.36475 1.36636
1.36482 1.36482 1.36634
1.36474 1.36474 1.36635
1.36745 1.36745 1.36867
1.36781 1.36781 1.36924
1.3679 1.3679 1.36932
1.37023 1.37023 1.37117
1.37059 1.37059 1.37202
1.37069 1.37069 1.37212
1.37072 1.37072 1.37207
1.37065 1.37065 1.37207
1.37235 1.37235 1.3739
1.37321 1.37321 1.37416
1.37325 1.37325 1.37458
1.37323 1.37323 1.37455
1.37541 1.37541 1.37691
1.37544 1.37544 1.37688
1.37594 1.37594 1.377
1.37595 1.37595 1.377
1.37553 1.37553 1.37693
1.37826 1.37826 1.37991
1.37856 1.37856 1.38014
1.37898 1.37898 1.38023
