0.00240037 0.00269886 0.00187171
0.00347409 0.00217112 0.00124344
0.00237362 0.00259378 0.00168992
0.00365697 0.00324798 0.00215376
0.002588 0.00340602 0.00270974
0.00275973 0.00295344 0.00213167
0.00223439 0.00281849 0.00193854
0.00203841 0.00237501 0.00130028
0.00228276 0.00272876 0.00159221
0.00353287 0.00258041 0.00150895
0.00273258 0.00267278 0.00175049
0.00360489 0.00217894 0.00134729
0.00379371 0.00213008 0.00142319
0.00366027 0.00307831 0.00262982
0.00320858 0.00216291 0.00159149
0.00232042 0.00223522 0.00209609
0.00323049 0.00178337 0.00138382
0.00409313 0.00179029 0.000921003
0.00170624 0.0019613 0.000851389
0.00170774 0.00241515 0.00126588
0.00221574 0.00225308 0.00128607
0.00146656 0.00239991 0.00138775
0.00186513 0.00224094 0.00110511
0.00179031 0.00222287 0.00140632
0.00212827 0.00237134 0.00143981
0.00185087 0.00231046 0.00130114
0.00190107 0.00260848 0.00146388
0.00211395 0.00232981 0.0013946
0.00181351 0.00302682 0.00187415
0.00275361 0.0029903 0.00178597
0.00173634 0.00317625 0.00166914
0.00270095 0.00239792 0.00152529
0.00277414 0.00310919 0.00174169
0.00303302 0.0029088 0.0020849
0.00260846 0.00263852 0.00158899
0.00226623 0.00241905 0.00175812
0.00163327 0.00249636 0.00171969
0.00162291 0.00274898 0.0021213
0.00162242 0.00247276 0.00202665
0.00271252 0.00255361 0.00198284
0.0026188 0.00257186 0.00182702
0.0026796 0.00249431 0.00194174
0.00329797 0.00275628 0.001995
0.00219371 0.00295918 0.002526
0.0041489 0.00296846 0.00272942
0.00437355 0.00334312 0.00279267
0.0027557 0.00446142 0.00363382
0.00520448 0.00489517 0.00390112
0.00246118 0.00503765 0.00400617
0.00227682 0.00412206 0.00339108
0.00343262 0.00480178 0.00352989
0.00469647 0.00429004 0.00358085
0.00255369 0.00415354 0.00400037
0.00172583 0.00388043 0.00348072
0.00257231 0.00429912 0.00359731
0.00270196 0.0041101 0.0037438
0.00451417 0.00448477 0.0038216
0.00280339 0.00408219 0.0033811
0.00240263 0.00455779 0.00378285
0.00516734 0.00470329 0.00428481
0.00287497 0.00368884 0.00409182
0.00505199 0.00435191 0.00380865
0.00439292 0.00412724 0.00371445
0.00289866 0.0033529 0.00377047
0.00276591 0.00449968 0.00365998
0.00293453 0.00350853 0.00390742
0.0025051 0.00341325 0.00402897
0.00185162 0.00359302 0.00329147
0.00175034 0.00265118 0.0033336
0.0027648 0.00355845 0.00407666
0.00272775 0.00294869 0.0033603
0.00267945 0.00262553 0.00327008
0.00255306 0.0028654 0.00347071
0.00248113 0.00275871 0.00332456
0.00408466 0.00383686 0.00309684
0.00210556 0.00285034 0.00331579
0.00436128 0.00408813 0.00320414
0.0030714 0.00332562 0.00441227
0.00325484 0.00353732 0.00430306
0.00362446 0.00394693 0.00419032
0.00325351 0.00376964 0.00408222
0.00350666 0.00407883 0.00431073
0.00459523 0.00425231 0.004042
0.00352274 0.00321465 0.00353381
0.00306173 0.00329745 0.00381947
0.00291443 0.00283543 0.00295284
0.00280764 0.00289014 0.00300561
0.00257316 0.00283403 0.00308138
0.00268228 0.00265369 0.0029971
0.00238905 0.00266455 0.00293804
0.00237075 0.00279815 0.0029988
0.00262896 0.00317945 0.00340708
0.00336091 0.00339982 0.00348288
0.00344926 0.00365077 0.00363809
0.00325741 0.00337596 0.00341085
0.00355154 0.00348363 0.00398038
0.0032328 0.00326841 0.00373078
0.00304468 0.00324193 0.00370818
0.00344109 0.00340739 0.00368566
0.00353934 0.00334154 0.00383348
0.00383224 0.00409191 0.00465259
0.00259239 0.00260639 0.00326552
0.00261141 0.00304674 0.00335398
0.00348927 0.00371743 0.00421382
0.00358866 0.00369408 0.00434079
0.00443423 0.00435969 0.00508481
0.00323108 0.00349228 0.00399957
0.0035316 0.00391339 0.0042051
0.00503469 0.00498158 0.00529586
0.00493466 0.00515001 0.00518315
0.00377755 0.00363691 0.00419252
0.0037 0.00382882 0.00432152
0.00428279 0.00428261 0.00466659
0.00411104 0.00411286 0.00452302
0.00539804 0.00527411 0.00579777
0.00514459 0.00504761 0.00556656
0.00314104 0.00324361 0.00406124
0.00328245 0.00314155 0.00426182
0.00340484 0.00349615 0.00434903
0.00380545 0.0040087 0.00479066
0.00386214 0.00380419 0.00492626
0.00416308 0.00378517 0.00488564
0.00465759 0.00455237 0.005281
0.00526419 0.00523712 0.00601998
0.0050772 0.00521765 0.00603271
0.00589471 0.00599718 0.00641341
0.00502534 0.00523784 0.00574904
0.00508352 0.0051691 0.00576201
0.00526614 0.00548542 0.00590041
0.00621295 0.00636386 0.00690264
0.00630438 0.00624401 0.00694431
0.00577708 0.00561097 0.00650533
0.00498466 0.00501359 0.00597149
0.00505387 0.0049509 0.00605077
0.00511483 0.00501081 0.00601097
0.00481212 0.00521695 0.00612723
0.0051733 0.00516402 0.00620065
0.00661379 0.00674808 0.00778036
0.00607087 0.00595763 0.00720873
0.00583209 0.00610441 0.00715565
0.00606479 0.00606701 0.00707451
0.00692381 0.00691094 0.00774366
0.00592199 0.00566852 0.00655186
0.00595283 0.00575853 0.0066023
0.00554178 0.00555203 0.00664179
0.00554494 0.00542514 0.00676693
0.00649034 0.00601671 0.00746133
0.00625227 0.00604312 0.0075289
0.00609361 0.00612528 0.00751465
0.00596942 0.00601217 0.00749791
0.00637428 0.00648294 0.00773322
0.00634346 0.00641823 0.00782571
0.00649872 0.0063003 0.00784777
0.00657429 0.00646931 0.00777202
0.00638301 0.00639352 0.0077784
0.00582139 0.00570343 0.0067467
0.00574232 0.00577334 0.0067308
0.00519413 0.00537655 0.00600185
0.00699259 0.00690422 0.00748497
0.00770536 0.00772032 0.00790471
0.00779958 0.00757692 0.00795021
