0.0041258 0.0041276 0.00412563
0.00403478 0.00402967 0.00403782
0.00394859 0.00395108 0.00394659
0.00389519 0.00388962 0.00389022
0.00382652 0.00382278 0.00382552
0.00380713 0.00381465 0.0038018
0.00381463 0.00382015 0.00382224
0.00380412 0.00382307 0.00380207
0.00380096 0.00379359 0.00378849
0.00379853 0.00381528 0.00379182
0.00378291 0.00380393 0.00377707
0.00379211 0.00378868 0.00378054
0.00381551 0.00380195 0.00380651
0.00384192 0.00384808 0.00384429
0.00387661 0.00387814 0.00387674
0.00388864 0.00389346 0.00388404
0.00379354 0.00381692 0.00379581
0.00375025 0.00376445 0.00375068
0.00372223 0.0037271 0.00371198
0.00369896 0.00367559 0.00370085
0.00364693 0.00363913 0.00363973
0.00359196 0.00358614 0.00360787
0.00354086 0.00354352 0.0035548
0.00354089 0.00352479 0.00352794
0.00370714 0.00371844 0.00370775
0.00367436 0.00366832 0.0036705
0.00359747 0.00360549 0.00358439
0.00359178 0.00359472 0.00359508
0.00356053 0.00352561 0.00353937
0.0034494 0.00345885 0.00346935
0.00332858 0.00333911 0.0033378
0.00326658 0.00326249 0.00326299
0.00320925 0.00322044 0.0032157
0.00325675 0.00325735 0.00325916
0.00323439 0.00326257 0.00324103
0.00324691 0.00325215 0.00325463
0.0032659 0.00325434 0.00326677
0.00327934 0.00328616 0.00326899
0.00330963 0.00331813 0.003317
0.00332681 0.00333055 0.00334271
0.00340078 0.00338107 0.00338485
0.0035617 0.00356216 0.00355777
0.00359058 0.00357875 0.00359259
0.00366217 0.00364666 0.0036564
0.0038393 0.00380918 0.00380813
0.00376832 0.00374546 0.00376277
0.00374427 0.00371335 0.00370992
0.0036713 0.0036466 0.00364964
0.00362329 0.00358045 0.00359363
0.00358017 0.00353068 0.0035414
0.00352465 0.00349396 0.00350104
0.00346267 0.00345679 0.00346248
0.00342302 0.00341459 0.00340894
0.00338045 0.00335145 0.00335568
0.00338554 0.003362 0.0033532
0.00337272 0.00335345 0.00336657
0.00332811 0.00328935 0.00328707
0.00335198 0.00332624 0.00332658
0.00334036 0.00329569 0.00331987
0.00338313 0.00334295 0.00333946
0.00332174 0.00329499 0.00329356
0.00331939 0.00329737 0.00329927
0.00335889 0.00335616 0.00335251
0.00336507 0.00335996 0.00337007
0.0032639 0.00327618 0.00325602
0.00320342 0.0032004 0.00320524
0.0031347 0.00312785 0.00310215
0.00311371 0.00310251 0.00310486
0.00312869 0.00311706 0.0031274
0.00315894 0.00313396 0.00312981
0.00313312 0.00312209 0.0031246
0.00311594 0.0031041 0.00310588
0.00303539 0.00303448 0.00302458
0.0030468 0.0030119 0.00302749
0.00302985 0.00302804 0.00302691
0.00299502 0.0029893 0.00298413
0.00302452 0.00300921 0.00300594
0.0029755 0.00295799 0.00297056
0.00303723 0.00303748 0.00303068
0.00309181 0.0030483 0.00307135
0.00303165 0.00301958 0.00302601
0.00305931 0.00305113 0.00305948
0.0030955 0.00305663 0.0030694
0.00308718 0.00307043 0.0030629
0.00302363 0.00303196 0.00302059
0.0030126 0.0030129 0.00300963
0.00301051 0.00300653 0.00301486
0.00301228 0.00300408 0.00301495
0.00298873 0.00302114 0.00300367
0.00294833 0.00292763 0.00293291
0.00296718 0.00296037 0.00295522
0.00295563 0.00293734 0.00294587
0.00288347 0.00293036 0.00290348
0.00296448 0.00296035 0.00295893
0.00300565 0.00300874 0.00298507
0.00300087 0.00299753 0.00299399
0.00303209 0.00304024 0.00302226
0.00300889 0.00298234 0.00298266
0.00297372 0.00292909 0.00294797
0.00296849 0.0029369 0.00294269
0.00295388 0.00292284 0.00293126
0.00295682 0.0029503 0.00294208
0.00296714 0.00296412 0.00296282
0.00294274 0.00296927 0.00295965
0.00290143 0.00290765 0.00290832
0.00292538 0.00294624 0.00291868
0.00291251 0.00290432 0.00289095
0.00292328 0.00292774 0.00291646
0.00295911 0.0029599 0.00296442
0.00304422 0.00300013 0.00302157
0.00308603 0.00305943 0.00308972
0.00310569 0.00308311 0.00311168
0.00310439 0.0031184 0.00310772
0.00313084 0.00317923 0.00316951
0.00312361 0.00311718 0.0031225
0.00312299 0.00314587 0.00313461
0.00309749 0.00311912 0.00312349
0.00306969 0.00306849 0.00306884
0.00306603 0.0031024 0.00308421
0.00315872 0.00314448 0.00314781
0.00313548 0.00314556 0.00313516
0.00321029 0.00319045 0.00317495
0.00313973 0.00315737 0.00314642
0.00311779 0.00312726 0.00310657
0.00309695 0.00309711 0.00309048
0.00312823 0.00311761 0.00310623
0.00308174 0.00308968 0.00307032
0.00307908 0.00307995 0.0030688
0.00302028 0.00303593 0.00301667
0.00305329 0.00305864 0.00305199
0.00313717 0.00314315 0.0031348
0.00310036 0.00310588 0.00309837
0.00309907 0.00308981 0.00310633
0.00304153 0.00304331 0.00304806
0.00303488 0.00303369 0.00301934
0.00307386 0.00304432 0.00307448
0.00301756 0.00305404 0.00304092
0.0030218 0.00301752 0.00301703
0.003001 0.00298625 0.00300106
0.00294267 0.0029382 0.00291812
0.00302404 0.00297131 0.00299865
0.00295532 0.00295482 0.00295827
0.00301024 0.00300138 0.00301154
0.00305302 0.00305719 0.00305116
0.00301526 0.00301634 0.00301782
0.00302825 0.00302026 0.00302484
0.00306085 0.00303031 0.00303333
0.00306173 0.00306092 0.00305882
0.00299162 0.00297145 0.0029667
0.00291674 0.0029124 0.00290633
0.00282301 0.00280975 0.00281173
0.00278006 0.00277956 0.0027694
0.00284359 0.00283716 0.00284459
0.00284438 0.00283516 0.00283726
0.00282831 0.00279839 0.00281341
0.00290398 0.00287624 0.00289247
0.00279828 0.00282549 0.00283041
0.00280423 0.00278795 0.0028009
0.00282444 0.002801 0.00280305
0.0027215 0.00271674 0.0027218
0.00276665 0.00274749 0.00275802
0.00271607 0.0026899 0.00268621
0.0027566 0.00276745 0.00276806
0.00271922 0.00270939 0.00270807
0.00272588 0.00272373 0.00273558
0.00267822 0.00269784 0.00267969
0.00269547 0.0026696 0.00268346
0.0026499 0.00267536 0.00264797
0.0025855 0.00260404 0.00257867
0.002542 0.0025753 0.00254196
0.00245954 0.00246516 0.00244515
0.00245021 0.00248012 0.00241881
0.00244885 0.00246899 0.0024592
0.00242066 0.00242803 0.0024153
0.00250789 0.00250677 0.00249763
0.00250027 0.00248784 0.00247696
0.00233331 0.00236763 0.00234819
0.00239759 0.00237067 0.0023626
0.00239383 0.00243257 0.00239682
0.00244233 0.00247303 0.00243747
0.00243518 0.00245534 0.00242987
0.00244612 0.00244324 0.00243561
0.00241631 0.0024084 0.00240313
0.00235871 0.0023848 0.00236726
0.00233995 0.00234807 0.00233995
0.00227538 0.00228822 0.00225922
0.00222388 0.00226759 0.00225868
0.002226 0.00223351 0.00221574
0.00216078 0.00219654 0.00218094
0.00223506 0.00223659 0.00223007
0.00224633 0.00225593 0.00224659
0.00226845 0.00227873 0.00225891
0.00235245 0.00234802 0.00232195
0.002333 0.00235832 0.00231835
0.00234041 0.00234544 0.00232532
0.00238586 0.00237018 0.00237142
0.00235388 0.00238599 0.00238221
0.00234333 0.00233597 0.00234069
0.00228035 0.0023069 0.00228
0.00237101 0.00236725 0.00235644
0.00244891 0.00245131 0.00243928
0.00246488 0.00247059 0.0024631
0.0025198 0.00250685 0.00250048
0.00241748 0.00243703 0.00243752
0.00249871 0.00251293 0.00249233
0.00249293 0.00247884 0.00249057
0.00254073 0.00252515 0.00251982
0.00247074 0.00247147 0.0024608
0.00244034 0.00243879 0.00244714
0.00246338 0.00248343 0.00246863
0.00257918 0.0025899 0.00257205
0.00250891 0.00251055 0.00252606
0.00256334 0.00257281 0.00255777
0.00261681 0.00261226 0.00262489
0.00262548 0.00260096 0.00260507
0.00263403 0.00262345 0.00261942
0.00259298 0.00259619 0.00257933
0.00250945 0.00251786 0.00251748
0.00258041 0.00254284 0.00257387
0.00241506 0.00246116 0.00246177
0.00239955 0.00243364 0.00244994
0.00246033 0.00241693 0.00245253
0.00234559 0.00235859 0.0023902
0.00238059 0.00234583 0.00236545
0.00247667 0.0024808 0.00248522
0.00247845 0.00249788 0.00250761
0.00248329 0.00248711 0.00249491
0.00249328 0.00246155 0.00247806
0.00235488 0.00236621 0.0023865
0.00232643 0.00232594 0.00233889
0.00215635 0.00220447 0.002166
0.00230872 0.00230661 0.00225484
0.00230946 0.00232321 0.00229555
0.0022007 0.0022649 0.00223701
0.00223777 0.0022419 0.00222079
0.00228641 0.00229154 0.00227123
0.00250303 0.00251726 0.00248869
0.0025466 0.00253591 0.00248293
0.00247109 0.00252085 0.00246095
0.00253996 0.00256615 0.0025142
0.00244928 0.00245599 0.00240259
0.00240717 0.00243749 0.00238198
0.00246093 0.00245075 0.0024199
0.00240403 0.00240005 0.0023563
0.00243657 0.00242676 0.00241333
0.00243014 0.00238443 0.00236761
0.00236331 0.00241662 0.00236047
0.00252893 0.00254825 0.00248679
0.00253289 0.00253512 0.00253076
0.0027116 0.00264189 0.00264446
0.00268661 0.00262489 0.00263866
0.00261988 0.00263515 0.00259542
0.00266667 0.00272758 0.00262875
0.002703 0.00263739 0.00266586
0.00265429 0.00267143 0.00262717
0.00268445 0.00268556 0.00262465
0.00255731 0.00255653 0.00249587
0.00248673 0.00243083 0.00244357
0.00269653 0.00263719 0.00263346
0.00273696 0.00263638 0.0026666
0.0027791 0.00273321 0.002711
0.00289479 0.00281205 0.00281027
0.00282835 0.00279635 0.00281639
0.00289219 0.00293561 0.00288961
0.00302194 0.00302158 0.00304961
0.00295973 0.00296434 0.00297755
0.00295828 0.0029197 0.00292256
0.00286377 0.00281131 0.00286303
0.00300701 0.00293733 0.00297771
0.00294418 0.00290899 0.00292435
0.00299021 0.00295171 0.00294362
0.00295323 0.00290781 0.00289525
0.00296178 0.00292922 0.0029609
0.00289365 0.00284116 0.00282028
0.00273752 0.00270892 0.00272545
0.00294102 0.00290202 0.00286846
0.00313157 0.00309232 0.00313077
0.00321488 0.00318677 0.00315972
0.00298828 0.00294694 0.00292946
0.00282383 0.00275988 0.00276386
0.00272101 0.00261197 0.00263751
0.0026305 0.00260709 0.00264703
0.00254994 0.00255332 0.00251763
0.00257153 0.00249285 0.00250183
0.00256457 0.00251489 0.00251121
0.00257018 0.00251468 0.00251515
0.00254666 0.0025224 0.0025358
0.00252123 0.00249284 0.00252824
0.00266473 0.00267823 0.00268958
0.0029706 0.00291198 0.00294833
0.00317714 0.0031686 0.00315843
0.00330003 0.00323021 0.00325243
0.00334157 0.00336568 0.0033519
0.0033552 0.00335304 0.00336374
0.00330396 0.00324943 0.00325401
0.00305275 0.00304515 0.00306018
0.0031547 0.00316996 0.00315754
0.00311209 0.00312672 0.00314386
0.00325128 0.00325395 0.00325935
0.00322679 0.00324458 0.00318898
0.00311082 0.00310161 0.00306484
0.00297876 0.00290717 0.00288444
0.00281266 0.00278991 0.00276677
0.00280996 0.00277775 0.00274729
0.00280609 0.00271872 0.00273186
0.00271253 0.00262421 0.00265706
0.00273866 0.00268412 0.00272472
0.00284962 0.002844 0.00282977
0.00288602 0.00283092 0.00284918
0.00308186 0.00305838 0.00304834
0.00313357 0.00312909 0.00304458
0.00321355 0.00317474 0.00319985
0.00346201 0.00341148 0.00342652
0.003398 0.00333373 0.00335525
0.00328288 0.00319546 0.00324778
0.0030811 0.00298001 0.00303857
0.00299591 0.00291949 0.00296929
0.00312763 0.00305905 0.00311998
0.00321229 0.00317984 0.00325034
0.00325444 0.00326548 0.00328944
0.00349249 0.00346329 0.00350893
0.00349686 0.0034665 0.00352332
0.00356697 0.00358148 0.00356781
0.00332853 0.00330347 0.00334147
0.00319436 0.00310092 0.00314753
0.00307536 0.00309644 0.0030711
0.00287077 0.00276854 0.0028469
0.00291094 0.00282566 0.00289363
0.00290691 0.00289991 0.00291398
0.00283842 0.00279954 0.002845
0.00285924 0.00275642 0.00285652
0.00286865 0.00285677 0.00288763
0.00288347 0.00284896 0.00281163
0.00281891 0.00269847 0.00274753
0.00271665 0.00272838 0.00271751
0.00284107 0.00279619 0.00287824
0.00304437 0.00297633 0.00304834
0.00310872 0.00315989 0.00316476
0.00318728 0.00309426 0.00317301
0.003205 0.00316197 0.00318538
0.00319981 0.00320712 0.00322834
0.0031562 0.00312519 0.0031399
0.00301852 0.00300338 0.00304729
0.00297067 0.00293194 0.00294372
0.00288782 0.00283445 0.00283431
0.00290433 0.00281653 0.00283872
0.00291375 0.00286911 0.00289273
0.00291959 0.00292525 0.00292643
0.00286544 0.00288005 0.00282592
0.00281689 0.00271426 0.0027696
0.00278271 0.00273545 0.00273903
0.00274374 0.00274392 0.00274487
0.00290385 0.00284291 0.00287541
0.00290479 0.00288207 0.00290414
0.00303939 0.00297028 0.00300591
0.00317354 0.00319508 0.00317044
0.0030514 0.00307301 0.00302816
0.00304111 0.00299304 0.00300561
0.0030206 0.00291347 0.00302216
0.00298177 0.00284935 0.00294121
0.0028304 0.00280371 0.00279181
0.0030517 0.00302744 0.00301953
0.00308118 0.00304054 0.00304413
0.00304131 0.00304992 0.00302975
0.00309568 0.00298723 0.00304591
0.00297512 0.00291025 0.00295545
0.00302248 0.00302021 0.00295399
0.00298372 0.00286561 0.0029236
0.00289863 0.00275998 0.0028524
0.00273721 0.00270383 0.00266538
0.00268472 0.00266836 0.00261706
0.00256474 0.0024161 0.00249265
0.00252864 0.00251429 0.00240855
0.0025508 0.00239961 0.00247001
0.00271999 0.00268669 0.00263415
0.00286425 0.0026901 0.00278073
0.00288761 0.00281209 0.00282845
0.00288044 0.00268792 0.00281283
0.00287925 0.00271936 0.00286358
0.00277824 0.00264049 0.00277437
0.00280348 0.00267247 0.00276234
0.00293579 0.00280038 0.00285047
0.00297464 0.00282752 0.00291391
0.00297567 0.00284217 0.00291345
0.00302831 0.00287661 0.00297558
0.00304182 0.00290485 0.00296784
0.00303104 0.00291412 0.00290193
0.00298833 0.00285652 0.00292302
0.00291775 0.00279172 0.00282838
0.00289748 0.00276214 0.00285569
0.00275148 0.00256497 0.00265425
0.00293789 0.00283034 0.00292063
0.00312457 0.00300265 0.00308652
0.00338137 0.00325894 0.00330561
0.00354055 0.00344529 0.0034957
0.003692 0.00360062 0.00364353
0.00363969 0.00355549 0.00358084
0.00354003 0.00343612 0.00347552
0.00345733 0.00339338 0.0034258
0.00330236 0.00324061 0.00326103
0.00330121 0.00321838 0.00323888
0.00322223 0.0031924 0.00320826
0.00312084 0.00307651 0.00307124
0.00302898 0.00292323 0.00296063
0.00296138 0.00287667 0.00291656
0.00297089 0.00288256 0.00290187
0.00295567 0.00287773 0.00287524
0.00301326 0.00291404 0.00293095
0.0029903 0.00284438 0.00284311
0.0029425 0.00281062 0.00283616
0.00291106 0.00280229 0.00282589
0.00299614 0.00290212 0.00290782
0.00300888 0.00296212 0.00294414
0.00310654 0.00306602 0.00303973
0.00312358 0.00298413 0.00304118
0.00307685 0.00297357 0.00300806
0.0030706 0.00300552 0.00301572
0.00308187 0.00295083 0.00300818
0.00299453 0.0028842 0.00291268
0.00300372 0.00293139 0.00298801
0.00295708 0.00290238 0.00289344
0.00306921 0.00300805 0.00304128
0.00315961 0.00307448 0.0031244
0.00314881 0.00310799 0.00309333
0.00313149 0.00299098 0.00305973
0.0029911 0.00288593 0.00290815
0.00305464 0.00295358 0.00299276
0.00305672 0.0029388 0.00296789
0.00305581 0.00297863 0.00299533
0.00300702 0.00296172 0.00296584
0.00303476 0.00295535 0.00300638
0.00308165 0.00296278 0.0030546
0.00302272 0.0028777 0.00299242
0.00295869 0.00280324 0.00292572
0.0028484 0.00270176 0.00284232
0.00266251 0.00253289 0.00267885
0.00263114 0.00249162 0.00270396
0.00263352 0.00247396 0.00265211
0.0026592 0.00250871 0.00265008
0.00279524 0.00265626 0.00283701
0.00297063 0.00279992 0.00299064
0.00297999 0.00281427 0.0029211
0.00304358 0.00291494 0.00304424
0.00304799 0.00296064 0.00304873
0.00318053 0.00304826 0.00322229
0.00336013 0.00319728 0.00334949
0.00340145 0.00324635 0.00340357
0.00329655 0.00318197 0.00330744
0.00335589 0.00319277 0.003378
0.00319038 0.0030723 0.00321873
0.00318224 0.00309525 0.00324969
0.00315468 0.00307233 0.00321032
0.00313922 0.00306135 0.00324444
0.0031737 0.00306767 0.00321126
0.00313107 0.00302917 0.00315066
0.00294916 0.00281655 0.00297377
0.00287208 0.0027906 0.00303697
0.0028652 0.00274763 0.00295644
0.00292012 0.00280051 0.0029344
0.00280546 0.00269062 0.00286665
0.0029104 0.00278205 0.00309714
0.00304186 0.00297115 0.00319389
0.00303955 0.00297953 0.00311429
0.00305514 0.00289124 0.00308124
0.00307687 0.00292952 0.00308162
0.00310134 0.00297306 0.00315352
0.00311174 0.00298317 0.00317243
0.00313444 0.00297172 0.00309785
0.00320157 0.00303123 0.00321052
0.00316233 0.00302875 0.00317353
0.00300874 0.00288818 0.00303241
0.00288512 0.00280157 0.00302671
0.00277828 0.00264893 0.0028298
0.0027571 0.00266873 0.00285876
0.00284735 0.00269218 0.00286186
0.00286931 0.00268671 0.00284341
0.00284516 0.00267261 0.00280814
0.00282516 0.00262909 0.00280645
0.0027863 0.00268519 0.00279844
0.00295964 0.00281396 0.00295809
0.00284879 0.00273371 0.00286219
0.00287681 0.00276161 0.00286883
0.00291729 0.00278325 0.0028984
0.00285788 0.0027439 0.00282092
0.00307451 0.00292388 0.00300404
0.00322505 0.00305934 0.00313471
0.0031596 0.00298908 0.0030473
0.00308349 0.00291911 0.00297369
0.00303558 0.00291664 0.00297683
0.00294975 0.00281991 0.00286703
0.00279505 0.00267319 0.00272847
0.00272196 0.00260836 0.00265943
0.0026573 0.00255376 0.00257539
0.00260305 0.00246183 0.00246725
0.00244122 0.00232627 0.00235723
0.00248595 0.00239302 0.00241507
0.00239813 0.00231833 0.00233134
0.00232854 0.00221702 0.00225471
0.00229642 0.00221253 0.0022371
0.00229795 0.00216727 0.00221369
0.0022334 0.0021459 0.00217491
0.00219115 0.00217791 0.00216295
0.00214813 0.00214946 0.00213664
0.00219401 0.00206433 0.00213734
0.00215367 0.00205805 0.00213056
0.00213913 0.00204625 0.0021264
0.00211416 0.00201491 0.0021036
0.00216569 0.00213656 0.00215337
0.00223315 0.00221272 0.00222619
0.00227539 0.00217671 0.00223224
0.00220686 0.00217678 0.00220041
0.00222479 0.00213539 0.00218918
0.00214134 0.00214159 0.00215002
0.00207577 0.00204423 0.00209451
0.00205185 0.00206167 0.00208224
0.00213435 0.00217478 0.00213495
0.00224385 0.00224534 0.0022578
0.00222497 0.00214688 0.00226599
0.00219012 0.00217712 0.00222226
0.00226395 0.00225236 0.00227195
0.00224952 0.00228511 0.00225023
0.00225785 0.00219302 0.00227429
0.00236243 0.0022873 0.00232289
0.00225337 0.00221819 0.00222967
0.0023485 0.00231302 0.00230229
0.00229051 0.00225206 0.00225929
0.00230878 0.00227834 0.00228623
0.00239775 0.00239626 0.00237433
0.00240387 0.0024218 0.00239085
0.00245481 0.00225918 0.00235379
0.00237973 0.00217801 0.00230367
0.00238065 0.00230173 0.00233363
0.00252056 0.00247245 0.00248538
0.00288104 0.00262315 0.00274912
0.00289957 0.00265165 0.0027797
0.00295882 0.00264858 0.0028226
0.00297274 0.00272315 0.00283899
0.00305449 0.00277321 0.00288935
0.00311559 0.00302828 0.00305144
0.00329811 0.00316791 0.0032363
0.00347623 0.00339977 0.00345697
0.00352205 0.00351541 0.0035189
0.00353003 0.00352331 0.00352471
0.00353439 0.00347697 0.00352286
0.00352945 0.00332985 0.00343565
0.00337401 0.00328304 0.00333478
0.00325245 0.0032663 0.00325347
0.0032176 0.00302956 0.00311679
0.00309525 0.00295183 0.00299083
0.0030475 0.00292027 0.00298982
0.00298039 0.00277105 0.00290318
0.00287524 0.00266786 0.00273329
0.00266986 0.0024163 0.00250176
0.00253138 0.00240599 0.00238714
0.00251573 0.00230494 0.00231928
0.00256659 0.00219615 0.00235258
0.00234725 0.00221051 0.00225391
0.00245303 0.00226015 0.0023052
0.00245321 0.00225674 0.0023568
0.00263361 0.00243145 0.00246222
0.00259735 0.00221449 0.0023716
0.00257098 0.00234732 0.00238652
0.00275608 0.00234249 0.00248002
0.00265006 0.00237233 0.00252993
0.00273468 0.00240716 0.00256506
0.00271548 0.00256339 0.00262131
0.00271388 0.00270897 0.00270503
0.00287939 0.002794 0.0028271
0.00285092 0.00283793 0.00284004
0.00301754 0.00297135 0.00291691
0.00308342 0.00285073 0.00292427
0.00307292 0.00287796 0.00291395
0.00306384 0.00284511 0.00292311
0.00323591 0.00296699 0.00311835
0.00331967 0.00303955 0.00309597
0.00321108 0.00293748 0.00302402
0.00317991 0.00290524 0.00301431
0.00310088 0.00285133 0.00296734
0.00295224 0.00275101 0.00286772
0.00280651 0.00271947 0.00276465
0.00303816 0.00260301 0.00272494
0.00298189 0.00260805 0.00270789
0.00277472 0.00239736 0.00258022
0.00266076 0.0022334 0.00243028
0.00250005 0.00209474 0.00217608
0.00245017 0.00196053 0.0020876
0.00251069 0.00199042 0.00225899
0.00249086 0.00186918 0.00208973
0.00251835 0.0019146 0.00214262
0.0024688 0.00185098 0.00203351
0.00247591 0.0018314 0.00203969
0.00243215 0.00179719 0.00211843
0.00263598 0.00192533 0.00214634
0.00251432 0.00204402 0.00229689
