89.8138930738
89.8285006941
89.784120018
89.7955010927
89.8117479503
89.8108048009
89.8064043324
85.7043576072
84.3385795151
83.5922488542
82.7468571476
82.7461821326
82.7516536622
82.721859831
82.7339251801
82.7470680347
82.766608865
82.7940910303
82.7804729224
82.8017402284
82.8020520051
82.8037840627
82.7465374413
82.7940078176
82.7991022101
80.5283217317
78.5905536275
76.5786812397
75.7572271486
75.7291931958
75.7511587166
75.7500587901
75.7335850671
75.6669684694
75.7545470993
75.7985295931
75.8040087723
75.7996654684
75.788224364
75.7882541796
75.7880953521
75.7783224203
75.162055592
70.7550169281
69.7403289811
69.7503845029
68.932133017
68.9281480683
68.8891455041
68.9284209594
68.9152722573
68.8929803544
68.9250366968
68.965995062
68.9264921505
68.9809598503
69.0096493173
68.9978632547
68.9798755401
65.8412713069
65.7440003036
63.9461042327
62.6268826647
62.6524950407
62.2364229001
62.1725206181
62.2140035981
62.178852402
62.1412905683
62.1705893892
62.171154429
62.2184318456
62.2829318557
62.3253714672
62.3227923866
62.3204268164
60.9515955138
58.1261891003
58.0990883338
57.5934942271
57.1224808625
57.2584185438
56.7222547252
56.3042136014
56.3690500647
55.8408824071
55.4779094961
55.4876237448
55.5807143192
55.6627837668
55.651485867
55.7097221881
55.7961673483
55.816763518
54.9729112477
53.5794545265
53.5911703084
51.8469171234
51.3109909958
51.3515336515
51.0553985743
50.5922126785
50.4965568165
50.1039031899
49.6115269529
49.6833660536
49.2349011047
49.2958288451
49.3426659033
49.4870047784
49.5619256448
49.5002350253
48.6355896644
47.7270796791
46.5692908927
46.5794784068
46.3710851423
46.1513047695
45.9375644683
45.8101352428
45.5723596282
45.1451848845
44.9229921254
44.9865808985
44.6129183788
44.7218786506
43.7673198635
42.505507005
41.6032586174
41.2164942038
41.5634347375
40.4306049604
40.2914459168
40.1900288392
39.8287966803
39.4805568865
39.4251551156
39.2641297828
39.4183293085
39.4823075379
39.1037414932
38.834344438
37.6318701399
37.324382114
37.643879476
36.8504521483
36.527022948
36.5454879148
36.5798239353
36.3127677924
35.5306521374
34.7452793855
34.5451696051
34.4195139726
34.1614702249
34.1015444728
33.6466299413
33.666956773
33.5279016254
33.3564400591
33.2832091869
33.3904211918
33.435995338
32.9593083123
32.5629694982
32.1092931304
32.386684132
31.82044924
32.3447983741
32.385210335
32.0932095139
32.1569097138
31.3646985707
31.4752281861
31.4722286746
31.1860753566
31.0547262862
31.3098474701
30.555760039
30.7867597881
30.229779922
30.1253758929
30.1368953279
30.1727028967
30.0398319613
30.2216623699
30.1585135444
30.6113423908
30.2937287573
30.7778368064
31.0050751464
30.7647436483
30.8815815028
30.4360546657
30.0054849156
29.9801189901
29.5821748405
29.5740848765
29.4380184052
29.346476522
29.2880149452
28.9126718412
28.8405713671
28.496919108
28.5305057034
28.4147370116
28.4424919551
28.384861679
28.3725528823
28.3269290222
28.3387443042
28.4017446822
28.294094098
28.3004829179
28.2743552848
28.2913952591
28.2222028615
28.2469848739
28.2425306061
28.2385094229
28.2092473889
28.2708451567
28.2892485964
28.2182532177
28.2288449696
28.3116414725
28.2953602397
28.2693644282
28.2578085435
28.3085234817
28.4695203741
28.512267709
28.3520738635
28.3781228369
28.5137029003
28.5872393335
28.456900451
28.5215632323
28.5598104455
28.6753203948
28.6598164544
28.3200312861
28.3430579944
28.7164300398
28.5853340104
28.6260582779
28.6239732682
28.335164662
28.3493712183
28.2629221548
28.3544443946
28.348597021
28.3150898268
28.3261632257
28.3188422371
28.0142463323
28.3544909284
28.368741707
28.3189366995
28.3259510511
28.3091934258
28.2235092454
28.3034455569
28.2608461181
28.2538006175
28.0609233974
28.0895384458
27.7789851651
28.0823517553
28.0940062423
27.9213554828
28.1363526171
28.1584090163
28.0994770465
27.778490438
28.0260277229
27.9755912965
27.8297442558
27.771530597
27.5023807187
27.6856928804
27.5691372455
27.4289936676
27.3700386683
27.4698054506
27.3328939408
27.3389462366
27.3410107358
27.3499698553
27.4005273285
27.3247801943
27.3384538259
27.3413068255
27.4545757826
27.3957192263
27.5734389308
27.5192127377
27.379015041
27.3154979356
27.3329144147
27.4209088549
27.3227290395
27.3419923007
27.3127542063
27.4070632161
27.3944910909
27.3269664941
27.3345657847
27.3723964299
27.337304096
27.426598266
27.5343735411
27.3322445271
27.3212426428
27.5250766533
27.5174738856
27.4229070271
27.3689546607
27.3160280317
27.3216333427
27.3465251133
27.3436675974
27.3420952363
27.3566771849
27.3325353527
27.3235489429
27.3402691451
27.3544066534
27.3527498392
27.3289481914
27.3247605449
27.3662286803
27.3422483413
27.3503591577
27.4750532893
27.3620255186
27.3466567418
27.3397232536
27.3493300266
27.3410637542
27.4791453439
27.3438000416
27.3301369346
27.32689745
27.3579257624
27.3538700999
27.3278464661
27.3514811505
27.3422278688
27.3381900581
27.3264367359
