1.07089
1.07446
1.07626
1.07731
1.07808
1.0785
1.07887
1.07877
1.0782
1.07767
1.07756
1.07781
1.07801
1.07818
1.07827
1.0783
1.07829
1.07825
1.07821
1.07826
1.07826
1.07817
1.07811
1.07828
1.07843
1.07926
1.0802
1.0812
1.08237
1.08387
1.08486
1.08663
1.08754
1.08921
1.09088
1.09307
1.09447
1.09643
1.09998
1.10192
1.1041
1.10556
1.10741
1.10859
1.10982
1.1139
1.11568
1.11948
1.12482
1.12742
1.12906
1.13359
1.13721
1.14418
1.14167
1.15061
1.15248
1.16257
1.16704
1.17867
1.17956
1.17421
1.16791
1.15674
1.15622
1.15091
1.158
1.15931
1.15754
1.15997
1.15738
1.15989
1.16227
1.17047
1.16982
1.16729
1.17652
1.17429
1.16834
1.17038
1.17275
1.17171
1.17094
1.16854
1.17388
1.1678
1.17343
1.17935
1.18067
1.18336
1.18233
1.18665
1.18565
1.19048
1.19557
1.18739
1.1867
1.1824
1.18433
1.18875
1.19691
1.19389
1.20111
1.2016
1.2061
1.21083
1.2096
1.21349
1.21131
1.20508
1.20542
1.21301
1.21252
1.21606
1.22314
1.21703
1.21708
1.21511
1.21822
1.22209
1.22328
1.22819
1.23842
1.2397
1.23676
1.23695
1.23815
1.24036
1.23497
1.24204
1.23336
1.24372
1.23261
1.2379
1.24464
1.23945
1.24274
1.24987
1.25519
1.25941
1.25777
1.25752
1.255
1.25554
1.25302
1.25397
1.26329
1.26726
1.26165
1.26946
1.27135
1.27819
1.28185
1.27853
1.2846
1.29176
1.28077
1.28867
1.29825
1.3048
1.29834
1.29213
1.29438
1.29716
1.29063
1.29369
1.28469
1.29438
1.29337
1.2984
1.29404
1.29778
1.30531
1.30293
1.30696
1.31523
1.30929
1.30185
1.3083
1.30196
1.30491
1.30739
1.31289
1.31352
1.31628
1.31688
1.32001
1.31968
1.3239
1.33004
1.3301
1.32057
1.32315
1.32214
1.33066
1.3519
1.3433
1.34448
1.33415
1.33371
1.33937
1.33792
1.34369
1.33065
1.34119
1.33565
1.34304
1.34504
1.348
1.35018
1.35194
1.36425
1.37521
1.37569
1.36786
1.36337
1.37692
1.38493
1.37203
1.37928
1.3744
1.37218
1.38948
1.37698
1.38928
1.38831
1.39582
1.39288
1.3902
1.37975
1.39894
1.39735
1.40619
1.41069
1.41993
1.42272
1.41569
1.41777
1.41835
1.41278
1.42067
1.43115
1.43947
1.44295
1.43605
1.43879
1.42744
1.46546
1.48046
1.46823
1.45892
1.46334
1.45473
1.452
1.47728
1.49254
1.50937
1.51221
1.50822
1.50848
1.50993
1.50883
1.50535
1.49194
1.50227
1.50152
1.50019
1.51476
1.51804
1.52094
1.51582
1.52154
1.52834
1.52226
1.52896
1.55477
1.55038
1.58233
1.57069
1.58289
1.5764
1.56762
1.57658
1.57782
1.57632
1.59384
1.59634
1.61617
1.62341
1.6032
1.59912
1.60375
1.59507
1.60335
1.6041
1.61151
1.62247
1.61469
1.62488
1.6311
1.64515
1.63612
1.64353
1.65062
1.65408
1.65717
1.65584
1.67557
1.67591
1.68751
1.69616
1.69484
1.7071
1.70359
1.71006
1.72793
1.72634
1.72988
1.73986
1.75929
1.76354
1.76216
1.76148
1.77815
1.79452
1.81063
1.80077
1.80888
1.79248
1.81759
1.82318
1.8252
1.82677
1.84513
1.84355
1.85563
1.86073
1.88108
1.88276
1.88777
1.8842
1.89366
1.91275
1.91688
1.94215
1.95237
1.94583
1.95913
1.96258
1.9669
1.97985
1.98782
1.99085
2.00331
1.99741
2.00668
1.98854
1.97871
2.00629
2.01366
2.00414
2.00288
2.01757
2.02529
2.05615
2.05654
2.03987
2.04921
2.04991
2.05919
2.07372
2.06736
2.06995
2.0785
2.08778
2.10073
2.12593
2.11135
2.10731
2.09375
2.08882
2.10525
2.10658
2.10992
2.11027
2.10328
2.10133
2.10884
2.11695
2.14384
2.1336
2.10937
2.12119
2.13536
2.14675
2.14596
2.15079
2.152
2.15514
2.15259
2.17243
2.16872
2.18331
2.15942
2.15341
2.15198
2.15009
2.17484
2.17579
2.17147
2.18264
2.18505
2.17278
2.18697
2.19324
2.22156
2.20133
2.21215
2.22505
2.20821
2.21378
2.21728
2.21591
2.20165
2.2142
2.22124
2.21277
2.2313
2.22625
2.24346
2.274
2.26963
2.23375
2.22532
2.20304
2.19871
2.19985
2.22449
2.23973
2.28353
2.26095
2.2711
2.27704
2.26868
2.2605
2.26068
2.27755
2.27098
2.31401
2.30019
2.27341
2.26051
2.24094
2.21533
2.23988
2.26935
2.24701
2.26654
2.23756
2.27268
2.28945
2.31813
2.31195
2.27547
2.26529
2.27711
2.27719
2.27477
2.25927
2.26388
2.33804
2.32063
2.27254
2.27849
2.27931
2.27674
2.28417
2.33847
2.4641
2.44918
2.3899
2.35875
2.35328
2.29718
2.30927
2.31208
2.30018
2.31443
2.38818
2.38933
2.38566
2.36955
2.30494
2.29203
2.33506
2.31732
2.38168
2.275
2.30417
2.32754
2.32498
