0.00203908
0.00245746
0.0017286
0.00307014
0.00145703
0.00894359
0.0030083
0.00257622
0.00419035
0.00160557
0.00157652
0.00149154
0.00199957
0.00267454
0.00150729
0.00185185
0.00145617
0.00735391
0.00159623
0.00154142
0.00280851
0.0267437
0.00393849
0.00158988
0.00219816
0.00167464
0.0021035
0.00157258
0.00157363
0.0136646
0.00147184
0.0165139
0.00652063
0.00150227
0.0149791
0.0150656
0.00248504
0.00512951
0.00632478
0.0155595
0.00535522
0.00149186
0.00178046
0.00180788
0.00162318
0.0015014
0.00154602
0.00149764
0.00187369
0.00631057
0.00164302
0.00168635
0.00217273
0.00175899
0.0121913
0.00206067
0.00238748
0.001567
0.0121786
0.00166025
0.00154906
0.00144903
0.00150728
0.00254065
0.0122842
0.00221343
0.00628975
0.0013866
0.00147996
0.0122172
0.00148458
0.00624099
0.00153677
0.0021563
0.0162941
0.00171566
0.00405079
0.00152784
0.0015441
0.00197594
0.0028733
0.0123914
0.00156072
0.00193605
0.00138646
0.0121814
0.00196499
0.00141665
0.00152744
0.00155025
0.00530575
0.00144868
0.00140508
0.00135329
0.00146971
0.00150125
0.00203415
0.00176623
0.00154993
0.00138422
0.0122162
0.00462996
0.00147944
0.00146041
0.00125726
0.00353242
0.00141449
0.0014839
0.00172429
0.00142662
0.0012407
0.00300184
0.0114006
0.00471566
0.00185553
0.00492529
0.00516108
0.00658761
0.0159723
0.00387741
0.00337318
0.00151577
0.0015431
0.00155211
0.00188
0.00141042
0.00724204
0.00228724
0.00213646
0.00206388
0.00187464
0.00323296
0.0122374
0.00247762
0.00316883
0.00740179
0.0121861
0.00411245
0.0143732
0.0019131
0.00143812
0.00137545
0.00147535
0.00142978
0.00364738
0.00345912
0.00327015
0.0121833
0.00142034
0.00145514
0.00185283
0.00158922
0.00154216
0.0122203
0.0121877
0.011315
0.00210536
0.0132889
0.0121753
0.00327669
0.00143344
0.00208481
0.00506516
0.01419
0.013022
0.00384805
0.00361761
0.00328186
0.00695893
0.00371993
0.00324964
0.00129434
0.00298483
0.00300733
0.00314713
0.0283179
0.00183412
0.00190519
0.00196391
0.00187847
0.00127419
0.00141418
0.00152268
0.00149351
0.00300477
0.00213508
0.00192515
0.00186511
0.0014359
0.00144245
0.00315434
0.00325926
0.0122043
0.00144401
0.00407728
0.0014361
0.00146072
0.0024785
0.00166972
0.00205684
0.00216065
0.00143879
0.00192163
0.00175023
0.00179393
0.00166488
0.00176531
0.00194533
0.0133976
0.0141463
0.00130915
0.00142794
0.00210082
0.00142047
0.00143289
0.0029686
0.0020775
0.00147109
0.00147083
0.00350386
0.00159644
0.00196668
0.00209454
0.00323111
0.00273652
0.00143433
0.0014736
0.00315172
0.00348884
0.00304882
0.00453473
0.00255326
0.0212451
0.00340929
0.00169141
0.0015534
0.00179847
0.0013911
0.00146916
0.00180862
0.00185685
0.012189
0.00186105
0.00220057
0.00146694
0.00140931
0.00361904
0.00160052
0.00337356
0.00219379
0.00206246
0.00409868
0.00155421
0.00141408
0.00153956
0.00171526
0.00158528
0.00175897
0.00176439
0.00334821
0.00174394
0.00193353
0.00335799
0.00381781
0.00263285
0.00147627
0.00415675
0.0121785
0.00149713
0.00145947
0.00467688
0.00341961
0.00331057
0.00147418
0.00510126
0.0014729
0.00303093
0.00152422
0.00145074
0.00144704
0.0075643
0.00148496
0.00141755
0.00146385
0.00161839
0.00343059
0.00330614
0.00147016
0.00338181
0.00340042
0.00472324
0.00331891
0.00327554
0.00205568
0.00378614
0.0032565
0.00430801
0.0136298
0.00178969
0.00328495
0.00188661
0.0014785
0.00173566
0.00144863
0.00179546
0.00140793
0.00189393
0.00146498
0.00170691
0.00188428
0.001505
0.00196444
0.00203439
0.00151596
0.00176113
0.00183271
0.00352455
0.00160421
0.0163858
0.00215237
0.00153795
0.00202907
0.00174996
0.00155797
0.00149023
0.00293568
0.00312289
0.00185592
0.00149194
0.0122182
0.00177841
0.00195392
0.00149956
0.0122309
0.00152324
0.0012898
0.00181777
0.00187957
0.00143362
0.001437
0.00165809
0.0014312
0.00147808
0.00173343
0.00146452
0.00148464
0.00147527
0.00145343
0.00159205
0.00146245
0.00157953
0.0146865
0.00370826
0.0014575
0.00160781
0.00329192
0.00226935
0.00215259
0.00144563
0.00145409
0.00147037
0.00224459
0.001449
0.00369088
0.00183009
0.0105173
0.0031914
0.00202856
0.00202235
0.00310894
0.0123462
0.00179051
0.00154193
0.0024825
0.00143944
0.00147278
0.00147499
0.00367083
0.00145482
0.014152
0.0023511
0.00165661
0.00218554
0.00195055
0.00168494
0.00573266
0.0171283
0.00168026
0.00140447
0.00215416
0.002714
0.00722132
0.00187893
0.00175603
0.00141021
0.00208425
0.00149243
0.0021701
0.00129638
0.0047476
0.0021158
0.00191973
0.00530867
0.00186434
0.00172331
0.00149411
0.00224396
0.00160292
0.00145529
0.00148057
0.00350962
0.00175973
0.00190437
0.00142122
0.0121954
0.00215998
0.00299216
0.00150165
0.00199811
0.00189622
0.00147128
0.0024503
0.00140739
0.0017182
0.00298673
0.00743817
0.00300107
0.00303167
0.00297978
0.00732469
0.00315445
0.0030386
0.00215138
0.0051585
0.00223052
0.0014047
0.00160355
0.00139026
0.00328439
0.00998766
