1.08183 1.08616 1.08549
1.08545 1.08691 1.08833
1.08982 1.08519 1.08535
1.08003 1.07816 1.08097
1.07476 1.07425 1.07038
1.07216 1.06994 1.07317
1.07254 1.06689 1.07681
1.08299 1.08296 1.08054
1.08304 1.07787 1.08012
1.08219 1.07628 1.07914
1.08235 1.08357 1.07882
1.07071 1.06908 1.07622
1.07934 1.07609 1.07563
1.08466 1.08533 1.08506
1.08478 1.08085 1.07938
1.08943 1.08538 1.07839
1.08727 1.09076 1.08929
1.09515 1.08066 1.0833
1.09151 1.08016 1.07962
1.08925 1.09462 1.09026
1.08047 1.07945 1.08005
1.07642 1.08294 1.07909
1.07713 1.06833 1.06782
1.08319 1.07593 1.07046
1.07657 1.07605 1.0688
1.083 1.0809 1.08943
1.07819 1.0834 1.08399
1.06675 1.07321 1.06901
1.06138 1.06418 1.06527
1.06015 1.05893 1.06086
1.04825 1.05583 1.05542
1.05179 1.04916 1.04731
1.05524 1.05484 1.05209
1.06775 1.06135 1.05865
1.06526 1.07864 1.07586
1.06807 1.08489 1.07629
1.06682 1.08148 1.08029
1.05741 1.06628 1.07556
1.07908 1.08116 1.07779
1.07868 1.0874 1.08516
1.07844 1.08143 1.07731
1.08374 1.08914 1.08568
1.07244 1.08218 1.07947
1.06975 1.06992 1.06784
1.06502 1.08178 1.07652
1.07905 1.08486 1.08262
1.08154 1.11293 1.10594
1.08118 1.10031 1.09823
1.10581 1.1205 1.12035
1.07241 1.0927 1.09196
1.09055 1.10033 1.09815
1.09223 1.09297 1.09231
1.08146 1.09753 1.0973
1.08957 1.09573 1.1007
1.08519 1.10647 1.10438
1.09636 1.07861 1.07714
1.08595 1.0783 1.08062
1.07108 1.09228 1.08399
1.05271 1.06959 1.06639
1.06192 1.08179 1.07384
1.06144 1.08429 1.07953
1.04416 1.05741 1.05475
1.05529 1.07425 1.07034
1.05537 1.07372 1.06898
1.04133 1.0615 1.05696
1.06656 1.07859 1.07377
1.05878 1.07727 1.07349
1.06083 1.06501 1.0608
1.067 1.08488 1.08219
1.07336 1.08238 1.08011
1.05609 1.0883 1.07874
1.07154 1.09368 1.09334
1.07295 1.1065 1.09472
1.07628 1.08305 1.07912
1.0827 1.08941 1.10711
1.07817 1.08759 1.08293
1.08412 1.06595 1.07702
1.08673 1.08129 1.07378
1.07218 1.08268 1.07944
1.08079 1.08452 1.08322
1.07808 1.09147 1.08852
1.08002 1.09628 1.09324
1.06568 1.07941 1.07481
1.08756 1.10644 1.10369
1.10011 1.11704 1.1128
1.08636 1.10502 1.10076
1.11108 1.12476 1.12139
1.13332 1.17352 1.14746
1.10649 1.14133 1.10994
1.12472 1.13199 1.13152
1.11123 1.13612 1.13251
1.10261 1.12659 1.12328
1.11116 1.13978 1.13378
1.09622 1.12826 1.12327
1.07199 1.09951 1.09495
1.09551 1.10513 1.09997
1.07212 1.09347 1.08958
1.05951 1.07689 1.0752
1.06709 1.09108 1.08312
1.09683 1.09562 1.08877
1.08313 1.11909 1.11014
1.10965 1.14303 1.13269
1.15397 1.15001 1.14413
1.14929 1.17344 1.16646
1.17815 1.1788 1.18164
1.19495 1.19332 1.18673
1.18666 1.20966 1.20205
1.20385 1.21714 1.2173
1.20234 1.2283 1.22054
1.17854 1.20387 1.19906
1.18606 1.20813 1.20779
1.18857 1.20632 1.2092
1.18474 1.18647 1.17824
1.17127 1.19394 1.18937
1.17444 1.18596 1.19058
1.16693 1.18624 1.18447
1.16577 1.15515 1.16059
1.14514 1.16785 1.15766
1.15274 1.18565 1.17087
1.17243 1.19258 1.1922
1.17972 1.20123 1.19255
1.18274 1.22136 1.20342
1.21058 1.23701 1.22604
1.22984 1.24944 1.23949
1.23257 1.25076 1.25232
1.2301 1.25617 1.25331
1.2508 1.269 1.26364
1.26389 1.28797 1.28138
1.28903 1.30437 1.30648
1.29741 1.32805 1.32114
1.31819 1.3551 1.34693
1.29155 1.31942 1.31331
1.29361 1.32686 1.32035
1.32166 1.34914 1.34717
1.34126 1.34938 1.36727
1.33315 1.36183 1.35432
1.35519 1.35938 1.37724
1.33717 1.3478 1.36642
1.326 1.35828 1.35528
1.34466 1.35082 1.37351
1.33056 1.36381 1.35784
1.35613 1.36277 1.38088
1.36637 1.37479 1.39512
1.38369 1.39343 1.40925
1.37652 1.38116 1.3965
1.38465 1.39081 1.40693
1.37003 1.37435 1.39437
1.3478 1.3523 1.37025
1.35287 1.36326 1.37781
1.34328 1.34848 1.36543
1.35658 1.35876 1.37549
1.3588 1.36781 1.38553
1.33336 1.34422 1.35987
1.32181 1.35115 1.34592
1.33334 1.33707 1.35782
1.3145 1.35312 1.34509
1.32853 1.33835 1.35508
1.30565 1.34235 1.33445
1.32459 1.33712 1.35436
1.33768 1.34686 1.3629
1.32805 1.35908 1.35064
1.34025 1.34923 1.36777
1.36555 1.36691 1.38752
1.34661 1.35125 1.3684
1.35893 1.3608 1.37884
1.34064 1.34314 1.36073
1.35334 1.3565 1.37333
1.33454 1.3371 1.35452
1.31708 1.34432 1.33734
1.33949 1.33357 1.35766
1.34635 1.34872 1.37092
1.31801 1.3591 1.34731
1.34602 1.35366 1.37371
1.36546 1.36788 1.38646
1.3423 1.35263 1.3723
1.36051 1.35406 1.38
1.33385 1.34243 1.36189
1.31696 1.35288 1.33916
1.31998 1.3195 1.34663
1.29628 1.29761 1.31627
1.29793 1.32507 1.3232
1.30769 1.33822 1.33441
1.32115 1.33619 1.34394
1.32253 1.33109 1.34082
1.3333 1.33622 1.34688
1.31219 1.33813 1.33242
1.32846 1.34168 1.34545
1.34577 1.36149 1.34446
1.32813 1.36572 1.35081
1.33191 1.3378 1.32256
1.36411 1.36115 1.35054
1.34543 1.34044 1.35676
1.32174 1.34602 1.33669
1.31385 1.33649 1.31916
1.30224 1.33516 1.32489
1.35511 1.35543 1.34526
1.35562 1.35864 1.35088
1.35538 1.35453 1.36834
1.36565 1.36187 1.35069
1.36429 1.36648 1.37748
1.36668 1.36294 1.38207
1.34677 1.344 1.35769
1.35051 1.35167 1.3626
1.34593 1.34838 1.34769
1.36113 1.35849 1.34698
1.357 1.36033 1.35204
1.34625 1.3458 1.35785
1.35522 1.3481 1.34371
1.34995 1.34955 1.36391
1.35897 1.34966 1.34742
1.35718 1.35205 1.35292
1.3453 1.34617 1.35812
1.35362 1.34808 1.36353
1.35132 1.35031 1.34347
1.34656 1.35564 1.35758
1.34959 1.34856 1.36016
1.34581 1.34788 1.34533
1.36293 1.35856 1.35068
1.35311 1.35311 1.35495
1.35273 1.35273 1.35465
1.35303 1.35303 1.35497
1.35618 1.35618 1.35761
1.35623 1.35623 1.35764
1.35617 1.35617 1.35755
1.35872 1.35872 1.36043
1.35891 1.35891 1.36063
1.35898 1.35898 1.3607
1.36189 1.36189 1.36339
1.36202 1.36202 1.36361
1.36208 1.36208 1.36376
1.3647 1.3647 1.36635
1.35556 1.3649 1.36657
1.36763 1.35891 1.36921
1.36782 1.36782 1.36941
1.36793 1.36793 1.36942
1.37051 1.36069 1.37172
1.35571 1.35571 1.35793
1.35608 1.35608 1.35787
1.35879 1.35879 1.36059
1.35858 1.35858 1.3603
1.36136 1.36136 1.36302
1.36164 1.36164 1.36323
1.3618 1.3618 1.36332
1.36171 1.36171 1.36329
1.36423 1.36423 1.36543
1.36437 1.36437 1.36592
1.36445 1.36445 1.36595
1.3667 1.3667 1.36819
1.36687 1.36687 1.36833
1.36733 1.36733 1.36849
1.36955 1.36955 1.37103
1.36976 1.36976 1.37128
1.37253 1.37253 1.37432
1.36263 1.3642 1.37459
1.34679 1.34833 1.35904
1.35867 1.34883 1.3599
1.35566 1.35424 1.3437
1.34112 1.35711 1.34583
1.33979 1.34686 1.34161
1.33999 1.34106 1.35214
1.34523 1.34384 1.35613
1.33372 1.3501 1.33875
1.34509 1.35121 1.34057
1.34003 1.33423 1.35005
1.34273 1.33585 1.32961
1.34809 1.34477 1.33289
1.33794 1.3388 1.35333
1.33162 1.3394 1.33141
1.34449 1.34664 1.33415
1.34217 1.33829 1.35562
1.34228 1.34396 1.35918
1.3442 1.35102 1.3356
1.34682 1.34522 1.36031
1.34844 1.35197 1.3652
1.34824 1.3616 1.34671
1.35645 1.36045 1.34812
1.34842 1.35213 1.36314
1.35569 1.35355 1.3484
1.34007 1.33858 1.35045
1.33484 1.33558 1.33281
1.33705 1.3388 1.33756
1.33254 1.3418 1.33973
1.35324 1.35833 1.34769
1.34019 1.33915 1.35186
1.35244 1.35041 1.33448
1.35154 1.34869 1.36387
1.35739 1.34931 1.36802
1.35368 1.35415 1.34108
1.34527 1.3465 1.36154
1.3308 1.34198 1.33977
1.33232 1.34117 1.34281
1.34835 1.35379 1.343
1.35002 1.3531 1.34612
1.35356 1.34352 1.35535
1.34149 1.33875 1.34159
1.34898 1.34683 1.34287
1.34138 1.34432 1.34669
1.35369 1.3373 1.34045
1.34622 1.34326 1.33749
1.34661 1.34844 1.34056
1.35245 1.34345 1.35361
1.34603 1.34482 1.35528
1.35045 1.3524 1.34013
1.3379 1.34755 1.34068
1.35224 1.35224 1.35363
1.35661 1.35661 1.35787
1.35632 1.35632 1.35722
1.35678 1.35678 1.35795
1.35878 1.35878 1.35974
1.359 1.3487 1.36007
1.35915 1.35915 1.36013
1.35141 1.35081 1.36206
1.34821 1.35248 1.34611
1.34875 1.34011 1.34968
1.34415 1.34198 1.33344
1.34379 1.33911 1.33317
1.34276 1.34302 1.33583
1.34442 1.35856 1.34879
1.34739 1.34884 1.34731
1.34821 1.34821 1.34914
1.35272 1.35272 1.35375
1.3528 1.3528 1.3538
1.35286 1.35286 1.35388
1.35513 1.35513 1.35605
1.3555 1.3555 1.35639
1.35555 1.35555 1.35642
1.35551 1.35551 1.35639
1.35736 1.35736 1.35832
1.35169 1.36026 1.36121
1.36105 1.36105 1.36187
1.36094 1.36094 1.36178
1.36264 1.35355 1.36329
1.34794 1.34794 1.34927
1.34841 1.34841 1.34938
1.34854 1.34854 1.34955
1.34919 1.34919 1.35012
1.35126 1.35126 1.35222
1.3517 1.3517 1.35278
1.35383 1.35383 1.35495
1.35435 1.35435 1.35547
1.3544 1.3544 1.35551
1.3563 1.3563 1.35733
1.35689 1.35689 1.35799
1.35681 1.35681 1.35768
1.35859 1.35859 1.35963
1.35924 1.35924 1.36035
1.36139 1.36139 1.36237
1.36165 1.36165 1.36269
1.36169 1.36169 1.36271
1.3635 1.3635 1.36433
1.36385 1.36385 1.36471
