0.0172435 0.0170795 0.0170308
0.0169722 0.0169521 0.0168797
0.0181926 0.0180918 0.0180427
0.0181488 0.0179777 0.0176401
0.0200593 0.0197812 0.0197764
0.0166911 0.016423 0.0164072
0.0117882 0.0112797 0.0113836
0.00951164 0.0094747 0.00947455
0.00936897 0.009611 0.00956464
0.00855714 0.0084959 0.00884242
0.00842627 0.00847246 0.00834053
0.00822936 0.0082645 0.00831756
0.00824852 0.00815915 0.00845229
0.00785193 0.00752637 0.00780112
0.00779428 0.0077638 0.0077002
0.00713702 0.00677748 0.00723126
0.00691705 0.00702123 0.00717425
0.00698392 0.00686683 0.00683306
0.00664155 0.00649058 0.00684259
0.00669729 0.00636528 0.00677387
0.00679772 0.00659186 0.00663747
0.00659141 0.00698411 0.00668412
0.00683679 0.006603 0.00665263
0.00619241 0.00611253 0.00612515
0.00651663 0.00640205 0.00635453
0.0065764 0.00659911 0.00644428
0.00662304 0.00665996 0.00655778
0.00645929 0.00660224 0.00650866
0.00693779 0.00699897 0.00683897
0.00704975 0.00706169 0.00709127
0.00731988 0.00736321 0.00738047
0.0071352 0.0071316 0.00718134
0.00739867 0.0073976 0.0073797
0.00738887 0.00733471 0.00735176
0.00783717 0.00791522 0.00791308
0.00774749 0.00777186 0.00776124
0.00772511 0.00773258 0.00774412
0.00911152 0.00913418 0.00891403
0.00814186 0.00813374 0.00811161
0.00823667 0.00827683 0.00828855
0.0084458 0.00840008 0.0082925
0.00835754 0.00826465 0.00832914
0.0098727 0.00993165 0.00991814
0.0099782 0.00979812 0.00982628
0.0101924 0.010319 0.0101686
0.010754 0.010787 0.0106892
0.0111165 0.0110402 0.0109307
0.0104974 0.0104516 0.0106622
0.0111383 0.011138 0.0111605
0.0121309 0.012036 0.0121647
0.0119723 0.0119601 0.0120842
0.0128608 0.0128285 0.0128901
0.0137553 0.0137817 0.0138107
0.0125225 0.0128183 0.0125533
0.0146708 0.0147306 0.0145729
0.0147456 0.0147344 0.0147947
0.0146682 0.0146401 0.0146793
0.0145176 0.0146572 0.0146405
0.0145633 0.0145328 0.0145124
0.0143842 0.0144052 0.0144068
0.0142378 0.014404 0.0143616
0.0157443 0.0158315 0.0156839
0.0157305 0.0157147 0.0157499
0.01554 0.0158822 0.0159063
0.0154128 0.0156994 0.0157298
0.0155626 0.0155117 0.0156607
0.0172427 0.0173763 0.0173794
0.0171785 0.0170837 0.0171141
0.0170301 0.0169835 0.0169849
0.0170274 0.0170344 0.017026
0.0193781 0.0198427 0.0196451
0.0167505 0.0167779 0.01678
0.0193083 0.0196049 0.019574
0.0193955 0.0193358 0.0193584
0.0162323 0.0164121 0.0164524
0.0166255 0.0167573 0.0167791
0.016085 0.0162311 0.0160258
0.0160963 0.0161688 0.0161053
0.0160285 0.0159633 0.0159811
0.015914 0.0161517 0.0158934
0.0159024 0.0159422 0.0159578
0.0158781 0.015865 0.0158542
0.0159144 0.0158331 0.0158877
0.0160757 0.01603 0.0162297
0.0156524 0.0156171 0.0159191
0.0156122 0.0154368 0.0156512
0.0157013 0.0158134 0.0157641
0.0153992 0.0154043 0.0153964
0.0153656 0.0152823 0.0152585
0.0151001 0.0151349 0.0151971
0.0148827 0.0150922 0.014811
0.0148755 0.0149158 0.0148958
0.0147517 0.014761 0.0147141
0.0146389 0.0148939 0.0147722
0.0147534 0.0145838 0.0147699
0.0145983 0.0146027 0.0145633
0.014262 0.0143417 0.0146436
0.0146035 0.0152416 0.0147049
0.0139267 0.0144416 0.0145153
0.0140039 0.0139129 0.014266
0.0138711 0.0140282 0.0140298
0.0141771 0.0143648 0.0142597
0.0138338 0.0138275 0.0137589
0.0137138 0.0138392 0.0136019
0.0139477 0.0141085 0.0139108
0.0138606 0.0138073 0.013378
0.0134896 0.0132001 0.0136025
0.013155 0.0132747 0.0133359
0.0132676 0.013341 0.0135924
0.0133232 0.0138424 0.0130888
0.0130067 0.0130916 0.0129339
0.0134217 0.0135123 0.0131884
0.0127723 0.0132175 0.0131083
0.0130729 0.0130962 0.0130912
0.014756 0.0149339 0.0147494
0.0133253 0.0132711 0.0129492
0.0129649 0.0127297 0.0125655
0.0131924 0.0128036 0.0125613
0.0129055 0.0130391 0.0125573
0.012719 0.0126751 0.0126589
0.0124346 0.0130696 0.0128683
0.0124703 0.0125143 0.0121753
0.0121984 0.0126745 0.0123048
0.012299 0.012276 0.0119774
0.0126755 0.0129098 0.0124457
0.0129769 0.012387 0.0123196
0.0127899 0.0126178 0.0126623
0.0119377 0.0116285 0.0121833
0.0119827 0.0126867 0.0120936
0.0117879 0.0121509 0.0120089
0.0120803 0.011282 0.0114546
0.011344 0.011758 0.0116172
0.0117834 0.0115405 0.0114072
0.0120572 0.0123152 0.0117759
0.0117764 0.0117866 0.0123738
0.0113199 0.0114407 0.0112219
0.0115231 0.0119785 0.0119726
0.0115229 0.0115379 0.01176
0.0115319 0.0114949 0.0114872
0.0117163 0.0115611 0.0113191
0.0111541 0.0110169 0.0115654
0.0109949 0.0115692 0.0114484
0.0109323 0.011117 0.0110366
0.0116232 0.0115746 0.0114584
0.0114686 0.0107999 0.0113211
0.0110269 0.0108854 0.0113303
0.0114848 0.0114401 0.0114232
0.0108377 0.0107039 0.0111184
0.0102174 0.010121 0.0106073
0.0108456 0.0106577 0.0109879
0.010827 0.0110376 0.0111542
0.0102232 0.0101675 0.0103827
0.0100976 0.0103598 0.0103119
0.0102015 0.0100087 0.0103681
0.00863433 0.00876968 0.00945023
0.00943672 0.00939025 0.00954715
0.00858889 0.00854545 0.0087883
0.00855508 0.00863868 0.00837756
0.00865536 0.00892867 0.00860083
0.00831641 0.00828557 0.00865263
0.0082935 0.00825249 0.00837214
0.00798932 0.00791634 0.008138
0.00775697 0.00771968 0.00775509
0.00779654 0.00760602 0.0079991
0.00805159 0.008049 0.00866998
0.00853786 0.00884386 0.0085746
0.00791924 0.00791542 0.00816187
0.00855792 0.00856053 0.00796497
0.00756635 0.00761974 0.00727844
0.00718919 0.0075088 0.00739137
0.00726967 0.00726511 0.00728835
0.00739051 0.00739658 0.00724162
0.00720526 0.0071389 0.00669133
0.00651559 0.00650792 0.00692074
0.00685611 0.0067571 0.00681425
0.00672792 0.00669529 0.00661914
0.00687031 0.00703914 0.0067857
0.00662511 0.00660321 0.0068178
0.00635634 0.00642391 0.00674245
0.00676165 0.0067805 0.00697892
0.00640124 0.00642663 0.00634289
0.00594145 0.00670247 0.00728236
0.00649872 0.0068279 0.00664304
0.00689159 0.00693499 0.00621958
0.0069524 0.00603418 0.00616919
0.00568059 0.00567921 0.00569885
0.006122 0.00607961 0.00604749
0.00589393 0.00596119 0.00595183
0.00549661 0.00544476 0.00532227
0.00620726 0.00547695 0.00583943
0.006155 0.00613162 0.00586823
0.00534417 0.00568617 0.00561663
0.00570849 0.00587165 0.00539818
0.00585285 0.00572608 0.00590728
0.00524242 0.0052356 0.00556652
0.00582643 0.0059778 0.0050948
0.0059626 0.00536574 0.00593268
0.0059151 0.00617877 0.00613915
0.00593053 0.00601856 0.00564817
0.00496356 0.00510266 0.00550483
0.00464374 0.0052374 0.00541586
0.00505308 0.00498429 0.00484732
0.00501103 0.00512326 0.00547871
0.00531518 0.00527586 0.00515059
0.00491457 0.00492122 0.00469684
0.00482709 0.00497119 0.00468659
0.00491711 0.00513041 0.00466381
0.00458037 0.00506475 0.0042938
0.00534632 0.00491101 0.00455843
0.0051405 0.0049832 0.00518303
0.00496408 0.00496408 0.00503509
0.00483895 0.00483895 0.00483394
0.00469822 0.00469822 0.0043848
0.00462788 0.00463136 0.00444195
0.00431098 0.00431098 0.00416741
0.00434615 0.00434615 0.00424453
0.00417604 0.00424387 0.00444087
0.00416193 0.00416193 0.00416769
0.00458065 0.00458065 0.00447769
0.00423622 0.00423622 0.00423346
0.00404322 0.00411425 0.00393868
0.00432924 0.00452719 0.0046249
0.00388761 0.00481276 0.00440686
0.00467464 0.00414522 0.0046155
0.00429174 0.00437525 0.00456545
0.00405835 0.00440011 0.00445983
0.00433404 0.00471376 0.0041081
0.00418394 0.00418394 0.00430583
0.00421589 0.00421589 0.00425627
0.0043655 0.00446109 0.00425089
0.00393981 0.0042795 0.00423186
0.00441529 0.00441529 0.00430706
0.00402946 0.00427542 0.00416963
0.00378666 0.00404934 0.00437035
0.00383877 0.00433649 0.00407357
0.00462819 0.00461694 0.00456842
0.00388169 0.003988 0.00409219
0.00397579 0.00408928 0.00402276
0.00379379 0.00400252 0.00355273
0.00376993 0.00372631 0.00391776
0.00396243 0.00402707 0.00390002
0.00396325 0.0039938 0.00360464
0.00361523 0.00411013 0.00395378
0.00442251 0.00381345 0.00389003
0.00412891 0.00380643 0.0037947
0.00388988 0.00442552 0.00399361
0.00360433 0.00394569 0.00377211
0.00433367 0.00431587 0.00385716
0.00332885 0.00394682 0.00431096
0.00398222 0.0037097 0.00368891
0.00391904 0.00460139 0.00375755
0.00407067 0.00412667 0.00386583
0.00348535 0.00395644 0.00388042
0.00458323 0.00403898 0.00430205
0.00360701 0.00401249 0.00432755
0.00478006 0.00408292 0.0039467
0.00416519 0.00378809 0.0039437
0.00412728 0.00412728 0.00376211
0.00385114 0.00415741 0.00428008
0.00350242 0.00383606 0.0038121
0.00388479 0.00388479 0.00399781
0.00395114 0.00421402 0.00432991
0.00393997 0.00388585 0.00398185
0.00401187 0.00401187 0.00389469
0.00376921 0.00415562 0.00386706
0.00412084 0.00378398 0.00420103
0.00410051 0.00405167 0.00367482
0.00399571 0.00409446 0.004622
0.00398769 0.00403134 0.004062
0.00415033 0.00350014 0.00348191
0.00392972 0.0038341 0.00385326
0.00372452 0.00343281 0.00334349
0.00385744 0.00355188 0.00348517
0.00328163 0.00332625 0.00346682
0.00330756 0.00338886 0.00328845
0.00392605 0.00370206 0.00351319
0.00382742 0.00345172 0.00372294
0.00372802 0.0034752 0.00345386
0.00411991 0.00368915 0.00338482
0.0035562 0.00374692 0.00328801
0.00394235 0.00361045 0.00328082
0.00419367 0.00367883 0.00348174
0.00359392 0.00366568 0.00336975
0.00317903 0.00340262 0.00327827
0.00322487 0.00338856 0.00334873
0.00386255 0.00356478 0.00329993
0.00342489 0.00354929 0.00349074
0.00338038 0.00353734 0.00331687
0.00339184 0.0033195 0.00343672
0.00388646 0.00369242 0.00388348
0.00319423 0.00360574 0.00336973
0.00317987 0.00314207 0.00323998
0.00316259 0.00318088 0.00342804
0.0033021 0.00344104 0.00326369
0.00358098 0.00321045 0.00342247
0.00342868 0.00334413 0.00340583
0.00374004 0.00344926 0.00309847
0.00326746 0.00324589 0.0030338
0.00324307 0.00347559 0.00326464
0.00356148 0.00344906 0.0032661
0.00389565 0.0033523 0.00328014
0.0034706 0.00344635 0.00320095
0.00346781 0.00360913 0.00344161
0.00369889 0.0032687 0.00348221
0.00390623 0.00354857 0.00340359
0.0037191 0.0034624 0.0037446
0.00354916 0.00309058 0.00328796
0.00336744 0.00349697 0.00355313
0.00361901 0.00345568 0.00358673
0.0034689 0.00318982 0.00328349
0.00379948 0.00335259 0.00336815
0.00356158 0.00328795 0.00330393
0.00333314 0.00324536 0.00325548
0.00337716 0.00301381 0.0032901
0.00346278 0.00358276 0.00336699
0.0032788 0.00317658 0.00307219
0.00311222 0.00336097 0.00310226
0.00340179 0.00328991 0.00318836
0.00332378 0.00332697 0.00293568
0.00371951 0.00343154 0.00326458
0.00323457 0.00348711 0.00324518
0.00335743 0.00336914 0.00327888
0.00335154 0.0032773 0.00337694
0.00318382 0.00363294 0.00308576
0.00332988 0.00329174 0.00333355
0.00329374 0.00315099 0.0031064
0.00309599 0.00304449 0.0030152
0.00387858 0.00330316 0.00308803
0.00350364 0.00338326 0.00334183
0.00328595 0.00306416 0.00312762
0.00336011 0.00371677 0.00372405
0.00302388 0.00365592 0.00322743
0.00360353 0.00305054 0.00313265
0.00316606 0.00331967 0.00306333
0.00314299 0.00381034 0.00331186
0.00332537 0.00313085 0.00308522
0.00325744 0.00348244 0.00313839
0.00355897 0.0032193 0.00307729
0.00308562 0.0031791 0.00304285
0.00295671 0.00303132 0.00285303
0.00365211 0.00377781 0.00337967
0.00319631 0.00323405 0.00318245
0.00299455 0.00300425 0.00326517
0.00324722 0.00328156 0.00292363
0.00326457 0.0030831 0.0029529
0.00298427 0.00328014 0.00293361
0.00307449 0.00302431 0.00282843
0.0028958 0.00341982 0.00274057
0.00340011 0.00303575 0.00282617
0.00301492 0.0029205 0.00303903
0.00336591 0.00343177 0.0031568
0.0029695 0.00298534 0.00297612
0.00311936 0.0033533 0.00324054
0.00345319 0.00315198 0.002902
0.00338764 0.00334393 0.00319869
0.00342236 0.00310934 0.00305376
0.00324272 0.00348295 0.0030831
0.00348807 0.00322884 0.00319555
0.00300239 0.00384446 0.00312538
0.00324432 0.00318112 0.00301981
0.00313328 0.00321131 0.00305424
0.00307257 0.00362061 0.00312882
0.00323636 0.00322522 0.00287397
0.00301253 0.00281882 0.00288166
0.00310321 0.00303973 0.00275476
0.00325309 0.00309849 0.00270569
0.00289234 0.0029503 0.00277813
0.002904 0.00291122 0.00289784
0.00272533 0.00315127 0.0030106
0.00303952 0.00284602 0.00284912
0.00304319 0.00304567 0.0026415
0.00280557 0.00308391 0.00276541
0.00294641 0.00294719 0.00283835
0.00282626 0.00282416 0.00261823
0.00272677 0.00307367 0.00272154
0.00253201 0.00340319 0.0028815
0.00287262 0.00323406 0.00297528
0.0031287 0.00343425 0.00270163
0.00303249 0.00310592 0.00274338
0.00297676 0.00309957 0.00280972
0.00340083 0.00299368 0.00287923
0.00301116 0.00302371 0.00277024
0.00302591 0.00298363 0.00275328
0.00262769 0.00296719 0.00261427
0.00277406 0.00280185 0.00256988
0.00270467 0.00291214 0.00250015
0.00297447 0.00293153 0.00282053
0.00280181 0.00325946 0.00282296
0.00309682 0.00294054 0.0028348
0.0027752 0.0028615 0.00272385
0.00277698 0.00323607 0.00262827
0.00302191 0.00324136 0.00260235
0.00277025 0.00292577 0.00287429
0.0030268 0.00328438 0.00262395
0.00282138 0.00292069 0.00289723
0.00286419 0.00350078 0.00280126
0.00303679 0.00305314 0.00270142
0.00280261 0.00331713 0.00277393
0.0030938 0.00289561 0.00303706
0.00350526 0.0031206 0.00289305
0.00303471 0.00296534 0.00295613
0.00291768 0.00288925 0.00297223
0.00364035 0.00282342 0.00261362
0.00291873 0.00286946 0.00279147
0.00306975 0.00309616 0.00289945
0.00326775 0.0031544 0.00302254
0.00304908 0.00324417 0.00292686
0.00315544 0.00302161 0.00272097
0.00286595 0.00280368 0.00267661
0.0029074 0.00288257 0.00290011
0.0028338 0.00309335 0.00261885
0.00287884 0.00300102 0.0028442
0.00291419 0.00303853 0.00290829
0.002815 0.00323269 0.00274355
0.00278304 0.00290054 0.0027337
0.00290479 0.00263806 0.00256695
0.00279437 0.0033382 0.00266936
0.00299818 0.00284113 0.00284174
0.00261685 0.00289369 0.00255424
0.00278387 0.00288877 0.0025964
0.00263377 0.00272613 0.00270021
0.00287786 0.00284142 0.00242513
0.00271287 0.00266026 0.00258059
0.00272788 0.00259829 0.00222484
0.00252482 0.00255958 0.00243585
0.00312448 0.00263222 0.00254425
0.00345555 0.00264771 0.00246914
0.00258589 0.00266322 0.00267963
0.00288931 0.0026577 0.00283307
0.00302021 0.00259763 0.00234369
0.00265646 0.00264592 0.00228297
0.00274294 0.00254682 0.00267253
0.0031041 0.00251628 0.00237355
0.00241974 0.00268331 0.00224298
0.00277048 0.00272419 0.00258356
0.0028402 0.00257145 0.00273735
0.00265715 0.00267598 0.00238837
0.00293611 0.00276757 0.00282058
0.00262502 0.00252351 0.00248973
0.0029956 0.00254216 0.00273166
0.00256443 0.00286299 0.0027281
0.00290954 0.00272443 0.00258094
0.00266787 0.00279621 0.00251368
0.00346897 0.00283034 0.00294973
0.00249079 0.00249763 0.00271693
0.00337169 0.00247488 0.00337101
0.00286602 0.00245461 0.00260364
0.00258069 0.00283819 0.00244127
0.00351705 0.00266218 0.00261983
0.00280054 0.00246879 0.00264357
0.00305413 0.00288303 0.00236176
0.00288531 0.00279364 0.00274599
0.00284779 0.00263915 0.00245417
0.00282694 0.00284167 0.00289396
0.00281401 0.00252165 0.00274973
0.00272709 0.00255578 0.00252866
0.00277062 0.00283314 0.00266301
0.00276434 0.00266747 0.0024347
0.00271463 0.00250835 0.0025865
0.00322489 0.00260651 0.00240963
0.00318348 0.00238128 0.00269454
0.00269333 0.00241995 0.00254304
0.0033751 0.00278805 0.00269504
0.00256621 0.00261527 0.00241785
0.00269461 0.00232995 0.00246097
0.00274619 0.00275045 0.00252511
0.00291242 0.00256462 0.00272969
0.00279954 0.00250399 0.00243675
0.00259956 0.00252945 0.00239548
0.00264129 0.00291854 0.00250028
0.00283832 0.00272187 0.00258652
0.0024314 0.00264692 0.00257322
0.00267609 0.00255921 0.00243744
0.00288878 0.00272358 0.00280799
0.00308172 0.00294824 0.0027805
0.00330586 0.00268323 0.00287241
0.00308272 0.00233568 0.00273679
0.00262558 0.00264204 0.00266592
0.00278465 0.00268405 0.00240132
0.00313102 0.00280955 0.00280957
0.00375872 0.0027704 0.00274698
0.00291344 0.00289908 0.00296604
0.00296823 0.00256949 0.00274825
0.00290668 0.00254414 0.00248727
0.00296169 0.00258003 0.00258944
0.00259495 0.00286025 0.00288162
0.00252636 0.00258759 0.00244703
0.00270018 0.00266473 0.00277335
0.002582 0.00269058 0.0026152
0.00288528 0.00289077 0.00239944
0.00300462 0.00270132 0.00262344
0.00334612 0.00262071 0.00260248
0.00255954 0.00277897 0.00254969
0.00261514 0.0025971 0.00270688
0.00294878 0.00258021 0.00267278
0.00326357 0.00280195 0.00254248
0.00273337 0.00268659 0.00254028
0.00299424 0.00259439 0.00276078
0.00294881 0.00249001 0.00250289
0.00298739 0.00261332 0.00243666
0.00314556 0.00241384 0.00220228
0.00292874 0.00251213 0.00268042
0.00271367 0.00253466 0.00263245
0.00283734 0.00266645 0.00271103
0.00280066 0.00273069 0.00295203
0.00303205 0.00246532 0.00300802
0.00328555 0.0024335 0.00251745
0.0031439 0.0028352 0.00258072
0.00268047 0.00273945 0.00268742
0.00290691 0.00245845 0.00267592
0.00311907 0.00251272 0.00244921
0.00247991 0.00254831 0.0026165
0.00271278 0.00263114 0.002494
0.00245972 0.00276237 0.00234365
0.00257523 0.00255998 0.00249369
0.0029855 0.00256073 0.00264386
0.00257614 0.00264936 0.00251464
0.00344285 0.00262532 0.00265877
0.00248111 0.00264337 0.00245468
0.00268026 0.00254475 0.00236829
0.00242296 0.00270557 0.00246811
0.00259796 0.00240807 0.00229488
0.00256022 0.00276289 0.00237531
0.00255169 0.00260296 0.00237981
0.00251753 0.00244382 0.00228862
0.00285173 0.0028505 0.00253766
0.00241563 0.00234208 0.00269272
0.00246838 0.00240116 0.00248599
0.0027743 0.00243564 0.00219603
0.0027069 0.00260253 0.00229806
0.0023672 0.00268195 0.00224319
0.00302409 0.00235694 0.00284023
0.00260471 0.00243637 0.00248484
0.00305889 0.00244998 0.00243909
0.00341746 0.00253294 0.00270657
0.0028873 0.00236311 0.00245704
0.00362394 0.00252673 0.00268525
0.00290401 0.00236367 0.00257136
0.00240084 0.00231109 0.00247764
0.00260553 0.00244079 0.00271306
0.00266774 0.00225744 0.0024401
0.00254989 0.0023603 0.00243127
0.00296261 0.00238194 0.00237927
0.00310801 0.00255955 0.00230133
0.00297765 0.00278486 0.00241527
0.00276123 0.0023675 0.00234017
0.0024738 0.00292869 0.00243798
0.0028545 0.00294672 0.00353774
0.00269133 0.00267216 0.00318943
0.00288916 0.00234734 0.00237294
0.00269624 0.00253855 0.00268121
0.00231316 0.00239136 0.00251958
0.00322084 0.00244125 0.00250098
0.00310296 0.00251559 0.00237556
0.00234966 0.00238434 0.00240449
0.00331918 0.00238737 0.00279326
0.00254401 0.00233763 0.00244926
0.00266777 0.00240592 0.00237145
0.00342112 0.00246063 0.00248927
0.00280811 0.00283535 0.00237875
0.00252264 0.00258177 0.0023441
0.00347526 0.00239916 0.00248949
0.00363518 0.00237795 0.00257066
0.00233194 0.00233541 0.00233563
0.00227561 0.00252454 0.00238978
0.00265963 0.00240266 0.00241139
0.00229705 0.00248858 0.00229462
0.00233396 0.00245386 0.00215565
0.00261387 0.00234284 0.00275785
0.00266228 0.00237555 0.00248573
0.00264245 0.00240286 0.00229137
0.00295363 0.00275186 0.0027564
0.00283572 0.00245103 0.00244813
0.00337134 0.00302821 0.00305681
0.002998 0.00232147 0.00220492
0.00415612 0.00315949 0.00289271
0.00360471 0.00233058 0.0023603
0.00255827 0.00250183 0.00214162
0.0031269 0.00241286 0.00240131
0.00311277 0.00229876 0.00213901
0.00232016 0.002542 0.00231033
0.00265482 0.00264832 0.00213799
0.00249513 0.00247573 0.00219089
0.00279147 0.0023273 0.00223309
0.00246782 0.00239589 0.00239529
0.00263749 0.00239316 0.00230631
0.00261222 0.00228218 0.00234542
0.0028168 0.00254539 0.00266206
0.0022905 0.00235801 0.00249408
0.00329012 0.00232074 0.00233214
0.0026941 0.00281723 0.00248397
0.00240465 0.00259324 0.00253369
0.00250477 0.00238238 0.00258445
0.00297193 0.00310759 0.00257846
0.00282933 0.00234202 0.0026814
0.00298663 0.00242473 0.00237528
0.00361278 0.00284786 0.00300204
0.00341482 0.00275194 0.00304908
0.00274453 0.00230416 0.00246442
0.00315586 0.00230218 0.00221086
0.00300884 0.0031391 0.00258698
