1.04913 1.04704 1.06203
1.07036 1.05036 1.0603
1.10474 1.0654 1.07019
1.07458 1.07882 1.07036
1.06957 1.0673 1.0672
1.05841 1.05971 1.06572
1.0696 1.05757 1.07978
1.09659 1.09703 1.09833
1.07053 1.07039 1.06952
1.06199 1.13098 1.0968
1.15085 1.0595 1.22312
1.07506 1.09574 1.05771
1.10166 1.06087 1.14687
1.11788 1.0769 1.152
1.08342 1.08406 1.08235
1.07367 1.08809 1.05665
1.12064 1.22695 1.1481
1.10735 1.16082 1.08144
1.14197 1.141 1.13341
1.13223 1.05807 1.16293
1.09059 1.05856 1.07704
1.05617 1.05189 1.07741
1.07715 1.05407 1.05379
1.05122 1.05484 1.05178
1.04917 1.05028 1.05242
1.04678 1.04683 1.04977
1.04645 1.04648 1.04748
1.05021 1.11057 1.04898
1.04361 1.04334 1.04598
1.04599 1.04604 1.04585
1.0442 1.0445 1.04449
1.04448 1.04483 1.04392
1.04134 1.04286 1.04226
1.0406 1.04038 1.04032
1.04382 1.03818 1.03976
1.04649 1.04264 1.04332
1.049 1.04451 1.05504
1.0494 1.13447 1.06451
1.09686 1.10784 1.10023
1.03659 1.03772 1.03756
1.10938 1.09936 1.03382
1.04725 1.03607 1.03663
1.04117 1.03516 1.03493
1.05244 1.05276 1.04015
1.047 1.08007 1.05625
1.05034 1.0342 1.03758
1.09902 1.08621 1.03913
1.05772 1.07809 1.14595
1.03503 1.03506 1.03393
1.08916 1.06552 1.06009
1.03052 1.03084 1.03001
1.03056 1.0303 1.03011
1.05723 1.03422 1.04737
1.04864 1.11862 1.02694
1.03794 1.045 1.03075
1.03857 1.03764 1.03699
1.04456 1.05118 1.0455
1.06552 1.05 1.05744
1.05655 1.05307 1.05934
1.0457 1.04414 1.04629
1.04698 1.04652 1.04865
1.0503 1.05093 1.05527
1.04189 1.04267 1.04209
1.04704 1.04649 1.04744
1.05113 1.05227 1.05263
1.03499 1.11376 1.03584
1.03906 1.03731 1.04162
1.0575 1.0577 1.05775
1.05578 1.05679 1.0617
1.05295 1.05151 1.05339
1.0595 1.06069 1.06206
1.05413 1.07741 1.05523
1.05748 1.05873 1.05822
1.07589 1.08703 1.0833
1.05655 1.06199 1.06202
1.06132 1.07105 1.0557
1.06819 1.0649 1.06997
1.05758 1.05954 1.0569
1.05927 1.05783 1.05668
1.06069 1.05967 1.05896
1.0495 1.05148 1.05177
1.05065 1.05295 1.05274
1.05099 1.0498 1.05133
1.06596 1.03916 1.07593
1.04229 1.05991 1.05235
1.05638 1.06659 1.05651
1.04152 1.06431 1.04017
1.04226 1.04755 1.04269
1.05016 1.05434 1.05596
1.03423 1.05664 1.0369
1.03831 1.04506 1.03912
1.03955 1.04324 1.04069
1.03411 1.10366 1.0356
1.04482 1.02732 1.03633
1.05256 1.04916 1.05182
1.04957 1.04361 1.03244
1.06426 1.03591 1.09863
1.0432 1.03945 1.04053
1.04926 1.04718 1.03433
1.04849 1.15525 1.07827
1.02412 1.0502 1.04172
1.04278 1.05964 1.05688
1.06469 1.06369 1.06299
1.04565 1.04692 1.04448
1.07093 1.05035 1.0646
1.04144 1.03941 1.06104
1.03868 1.02866 1.03581
1.09438 1.05209 1.04683
1.03591 1.06978 1.04497
1.04439 1.18456 1.0387
1.05764 1.0531 1.04899
1.04149 1.04013 1.04118
1.06897 1.0419 1.05262
1.11847 1.06739 1.0393
1.04339 1.05265 1.04972
1.04656 1.04795 1.08272
1.02676 1.03526 1.0279
1.08209 1.13509 1.07132
1.05662 1.07016 1.12418
1.05034 1.03307 1.03597
1.13069 1.05504 1.03854
1.05346 1.04467 1.04276
1.05189 1.07194 1.05183
1.06227 1.05289 1.05785
1.05203 1.05418 1.05011
1.06236 1.04579 1.09567
1.05716 1.04704 1.03575
1.06623 1.05709 1.05941
1.05528 1.0754 1.03858
1.05506 1.0606 1.07741
1.0996 1.13412 1.12314
1.11779 1.08378 1.04003
1.04736 1.08332 1.04786
1.05418 1.05663 1.084
1.03709 1.04271 1.02927
1.07015 1.05806 1.05256
1.03631 1.04857 1.03563
1.05376 1.04632 1.05453
1.04463 1.05236 1.04162
1.06387 1.06797 1.06056
1.06887 1.06091 1.06634
1.06019 1.04456 1.13545
1.03321 1.03798 1.04374
1.05027 1.05547 1.04084
1.07848 1.0725 1.06862
1.0641 1.04673 1.05198
1.06197 1.0645 1.04362
1.08803 1.07621 1.06312
1.08682 1.08341 1.05492
1.0634 1.06646 1.06015
1.0652 1.05959 1.04775
1.06926 1.06228 1.05576
1.08198 1.08094 1.05968
1.08268 1.08071 1.06047
1.0997 1.10166 1.05427
1.07898 1.07898 1.07162
1.10498 1.10716 1.08185
1.06836 1.07081 1.05496
1.08476 1.07613 1.08584
1.06895 1.05639 1.03371
1.05125 1.05344 1.04662
1.09999 1.09891 1.1067
1.06625 1.06256 1.0853
1.13155 1.1343 1.09831
1.12151 1.06881 1.04542
1.0705 1.0695 1.08278
1.08357 1.0876 1.0747
1.0799 1.09097 1.05213
1.08488 1.08207 1.05838
1.06841 1.10522 1.06154
1.075 1.0823 1.05616
1.08534 1.08624 1.11287
1.06298 1.05629 1.04009
1.13916 1.145 1.11422
1.12756 1.09104 1.06324
1.14409 1.09322 1.10019
1.05292 1.05111 1.04082
1.06874 1.07595 1.06263
1.11784 1.04867 1.06055
1.10414 1.08393 1.12037
1.07761 1.07578 1.0643
1.13287 1.08711 1.06071
1.13357 1.07741 1.11573
1.1127 1.05114 1.06466
1.0383 1.05759 1.05977
1.05741 1.05545 1.06969
1.06441 1.06485 1.04838
1.05522 1.05888 1.05199
1.05959 1.07245 1.04417
1.13297 1.08327 1.07311
1.06679 1.08056 1.0639
1.13817 1.06754 1.0781
1.07403 1.07466 1.09329
1.19749 1.07386 1.07093
1.06915 1.21158 1.16752
1.12928 1.06289 1.06463
1.12032 1.09839 1.03984
1.20901 1.13534 1.06358
1.10209 1.07667 1.05589
1.03821 1.03236 1.03248
1.04649 1.06204 1.04392
1.05095 1.06109 1.0519
1.07019 1.06705 1.05809
1.12042 1.07642 1.05076
1.06958 1.07702 1.06963
1.20914 1.07768 1.08861
1.1593 1.04908 1.07497
1.07898 1.09287 1.06645
1.13071 1.09985 1.07914
1.13044 1.08911 1.08529
1.06733 1.06733 1.06538
1.05111 1.05111 1.05334
1.05984 1.05984 1.07193
1.09718 1.09004 1.04414
1.08464 1.08464 1.08072
1.09559 1.09559 1.11359
1.08341 1.06627 1.07232
1.09968 1.09968 1.08333
1.0857 1.0857 1.06954
1.10634 1.10634 1.10891
1.0833 1.08554 1.07849
1.06811 1.13008 1.0593
1.12316 1.04558 1.05454
1.10618 1.08482 1.05406
1.07669 1.09367 1.08422
1.12511 1.07326 1.08756
1.15016 1.15165 1.09069
1.1489 1.1489 1.08952
1.06604 1.06604 1.08344
1.10228 1.05754 1.0533
1.0753 1.1238 1.09242
1.17354 1.17354 1.10628
1.08424 1.07407 1.06504
1.0786 1.07453 1.07482
1.11945 1.12658 1.06256
1.12517 1.11433 1.07615
1.153 1.08713 1.06075
1.22059 1.08348 1.07508
1.06295 1.0565 1.05993
1.05579 1.05126 1.04415
1.05575 1.0439 1.03738
1.11142 1.0472 1.04638
1.06973 1.0549 1.06764
1.22054 1.06085 1.07349
1.08272 1.05077 1.06249
1.21413 1.08496 1.08713
1.09028 1.13932 1.10458
1.48987 1.08679 1.12312
1.21343 1.07942 1.06855
1.2859 1.14183 1.09553
1.05715 1.17645 1.05059
1.08523 1.09111 1.07918
1.07609 1.27855 1.06532
1.30468 1.07689 1.07857
1.08779 1.1005 1.05394
1.28134 1.07176 1.07711
1.26658 1.1078 1.08915
1.09096 1.09096 1.09033
1.07505 1.06576 1.08611
1.20907 1.09276 1.13142
1.06704 1.06704 1.1073
1.08773 1.07897 1.0863
1.26453 1.06352 1.07492
1.10645 1.10645 1.12519
1.07296 1.07815 1.10494
1.26342 1.06993 1.07052
1.2603 1.07785 1.11012
1.0763 1.07254 1.07573
1.0862 1.07427 1.08814
1.29041 1.1001 1.10039
1.28295 1.06811 1.07092
1.24907 1.06502 1.07569
1.2782 1.06852 1.06127
1.21794 1.05965 1.09536
1.18193 1.06075 1.12106
1.21584 1.06304 1.06188
1.17542 1.07688 1.07862
1.14505 1.03655 1.0648
1.18031 1.06643 1.07141
1.07087 1.07919 1.06926
1.17669 1.06633 1.06328
1.21117 1.08472 1.08148
1.0874 1.07824 1.07189
1.10805 1.16817 1.0726
1.06009 1.05564 1.05613
1.17357 1.09109 1.08107
1.16999 1.07209 1.06756
1.06446 1.07228 1.0912
1.21169 1.05321 1.06256
1.07427 1.09094 1.04075
1.06937 1.0542 1.05349
1.08915 1.06479 1.05935
1.1021 1.04233 1.04875
1.05958 1.05166 1.0471
1.15856 1.06622 1.06074
1.08471 1.0405 1.04263
1.11464 1.04346 1.0359
1.14589 1.04657 1.04017
1.08777 1.07481 1.04092
1.08682 1.07171 1.04903
1.16212 1.08056 1.07695
1.11068 1.06411 1.05868
1.20645 1.05796 1.04554
1.16064 1.05372 1.05452
1.18924 1.09604 1.06746
1.19665 1.05245 1.10654
1.21955 1.07314 1.07832
1.21864 1.07343 1.07406
1.14222 1.08336 1.05919
1.06381 1.07283 1.06669
1.19747 1.04816 1.06512
1.12013 1.04144 1.05855
1.10545 1.06153 1.0553
1.14759 1.05212 1.05052
1.10142 1.04387 1.0285
1.08786 1.05165 1.05005
1.14176 1.05439 1.06571
1.05952 1.07606 1.0669
1.06339 1.06 1.06161
1.13737 1.06997 1.03943
1.18471 1.05994 1.06525
1.15507 1.06863 1.07729
1.18832 1.06407 1.06681
1.10758 1.14558 1.0712
1.07703 1.13933 1.09179
1.15985 1.05514 1.04773
1.05519 1.04889 1.05116
1.20502 1.08303 1.06332
1.19338 1.04912 1.05072
1.05429 1.05164 1.1067
1.10301 1.09638 1.10499
1.10846 1.05213 1.06078
1.10289 1.04455 1.08
1.06493 1.04065 1.07049
1.07989 1.04992 1.05191
1.10737 1.05643 1.0698
1.07148 1.04319 1.07141
1.14514 1.05302 1.06374
1.10189 1.04755 1.05002
1.06766 1.04978 1.05722
1.09079 1.04686 1.03888
1.08717 1.0743 1.04845
1.05417 1.04377 1.05355
1.11996 1.04652 1.05878
1.11963 1.04923 1.04159
1.09967 1.06028 1.04639
1.04496 1.04036 1.05587
1.05394 1.05964 1.05499
1.11202 1.07681 1.0731
1.08936 1.0669 1.07625
1.03635 1.05685 1.04339
1.06266 1.12131 1.05043
1.09466 1.05299 1.05564
1.10006 1.04948 1.0432
1.12975 1.05667 1.11718
1.13724 1.07384 1.05893
1.05917 1.05622 1.05051
1.11181 1.05425 1.09231
1.07253 1.08603 1.04903
1.05188 1.06287 1.06344
1.08121 1.04722 1.04821
1.08518 1.19601 1.0432
1.06956 1.06019 1.06363
1.13583 1.04305 1.0823
1.06972 1.06204 1.11627
1.13167 1.0535 1.08141
1.09098 1.04632 1.08611
1.08732 1.05994 1.08353
1.09492 1.0593 1.05515
1.08534 1.05087 1.04675
1.12187 1.062 1.05281
1.06047 1.04963 1.06558
1.11174 1.03778 1.03332
1.06101 1.07067 1.05666
1.03526 1.05041 1.05203
1.10351 1.05507 1.06449
1.06889 1.03742 1.03548
1.11529 1.06547 1.03875
1.10092 1.06942 1.06691
1.10072 1.05832 1.05745
1.14221 1.05169 1.0584
1.12299 1.05191 1.04336
1.08939 1.03668 1.02718
1.06817 1.04445 1.08025
1.08866 1.03504 1.0525
1.10742 1.04855 1.05034
1.05771 1.04302 1.08203
1.06086 1.05281 1.0506
1.1163 1.07302 1.03841
1.08713 1.04324 1.05716
1.06893 1.06498 1.07909
1.07033 1.05036 1.04809
1.05055 1.08435 1.03404
1.06549 1.06042 1.05738
1.14244 1.08138 1.08568
1.06425 1.08345 1.09127
1.1333 1.05766 1.09094
1.10348 1.06148 1.08726
1.11899 1.06028 1.0585
1.14149 1.09043 1.05254
1.1035 1.03911 1.07202
1.0416 1.04486 1.10893
1.10145 1.07892 1.06863
1.08203 1.05392 1.03751
1.10975 1.05951 1.05265
1.1447 1.0561 1.09124
1.11163 1.03599 1.04486
1.10484 1.05853 1.05517
1.065 1.06165 1.06476
1.14986 1.05498 1.0542
1.13934 1.05306 1.07348
1.09714 1.05954 1.05101
1.14098 1.0402 1.0486
1.11004 1.05409 1.03815
1.14554 1.06218 1.08204
1.14255 1.0469 1.02862
1.04961 1.12203 1.05092
1.16708 1.05432 1.06285
1.09532 1.06038 1.03745
1.08859 1.03841 1.02652
1.0404 1.03959 1.04118
1.07627 1.03746 1.03355
1.08901 1.05198 1.0466
1.1231 1.04242 1.05593
1.06105 1.06462 1.03319
1.05505 1.03789 1.03318
1.09902 1.02996 1.04022
1.03232 1.04347 1.03553
1.02801 1.02904 1.04011
1.06748 1.04503 1.03401
1.08443 1.02807 1.0339
1.03711 1.03975 1.04183
1.05356 1.0329 1.04906
1.06059 1.03371 1.02512
1.04101 1.06226 1.04479
1.06641 1.06741 1.02282
1.075 1.03378 1.01935
1.0277 1.04141 1.03465
1.03425 1.02631 1.02784
1.04175 1.02233 1.03314
1.05972 1.03309 1.03098
1.06131 1.12673 1.03102
1.05358 1.03643 1.04057
1.16955 1.04121 1.05259
1.07064 1.03054 1.03309
1.06971 1.02516 1.04301
1.06978 1.04832 1.02759
1.07031 1.04515 1.02786
1.19095 1.06372 1.02713
1.05784 1.03291 1.03113
1.03284 1.07055 1.03407
1.02828 1.02643 1.02476
1.06683 1.06364 1.02853
1.08262 1.05196 1.03797
1.02964 1.04389 1.01527
1.08342 1.03274 1.03644
1.08419 1.03731 1.05126
1.05664 1.05031 1.02837
1.05081 1.03576 1.0339
1.03585 1.02582 1.03462
1.02939 1.06209 1.07832
1.06219 1.03784 1.07658
1.02412 1.06447 1.03455
1.03215 1.03205 1.03383
1.04512 1.01887 1.04987
1.07262 1.03199 1.04939
1.05789 1.10476 1.0357
1.07948 1.02196 1.04404
1.10479 1.0497 1.0262
1.06376 1.03595 1.04504
1.04995 1.03593 1.04091
1.01878 1.02973 1.02825
1.03354 1.04177 1.03118
1.08153 1.03346 1.07988
1.05419 1.03579 1.02048
1.11987 1.0385 1.04683
1.03586 1.05489 1.04409
1.03714 1.0463 1.09023
1.05742 1.09448 1.05425
1.06137 1.0749 1.03832
1.0262 1.02624 1.03111
1.08 1.02814 1.05894
1.0349 1.02461 1.04382
1.06387 1.03442 1.02719
1.0572 1.03635 1.03564
1.05449 1.0416 1.03588
1.09226 1.02761 1.03387
1.05971 1.04592 1.10409
1.03992 1.02539 1.08644
1.0596 1.04583 1.02261
1.1091 1.04623 1.04258
1.18799 1.05237 1.02567
1.0435 1.03752 1.02945
1.0407 1.06163 1.02797
1.03427 1.04898 1.04219
1.047 1.08234 1.06083
1.2029 1.03558 1.02473
1.08449 1.04166 1.04475
1.04437 1.02909 1.02659
1.07318 1.02725 1.02151
1.11727 1.0341 1.03214
1.02857 1.06333 1.02735
1.03899 1.01598 1.0321
1.14106 1.03886 1.02893
1.04785 1.03113 1.04519
1.04893 1.03762 1.07649
1.10492 1.02705 1.02221
1.03139 1.0482 1.02623
1.03975 1.03718 1.05152
1.04142 1.03162 1.0206
1.05865 1.0386 1.03416
1.05493 1.04706 1.06199
1.04963 1.0369 1.02952
1.08262 1.03036 1.04143
1.03438 1.04649 1.04086
1.03164 1.04164 1.03118
1.07832 1.03099 1.03796
1.15436 1.11483 1.03296
1.05598 1.06665 1.03327
1.07338 1.04376 1.03877
1.03825 1.03172 1.03451
1.04682 1.05761 1.03841
1.05254 1.03547 1.03228
1.05893 1.04661 1.02455
1.07641 1.02884 1.03349
1.07689 1.03882 1.05277
1.03455 1.04166 1.03347
1.09551 1.05063 1.03878
1.13699 1.03384 1.03153
1.12418 1.08359 1.03682
1.05079 1.03499 1.04558
1.02623 1.03051 1.02949
1.04604 1.0337 1.05294
1.03908 1.02756 1.04496
1.13224 1.07726 1.03088
1.04627 1.03482 1.05722
1.07537 1.02835 1.01864
1.02662 1.05622 1.02337
1.05248 1.02672 1.03298
1.02935 1.03352 1.03673
1.0496 1.03113 1.06559
1.06398 1.03425 1.02639
1.10457 1.02243 1.03293
1.14555 1.04351 1.03312
1.06399 1.02956 1.05476
1.06533 1.02958 1.03764
1.03391 1.04092 1.04542
1.07283 1.02402 1.06929
1.03008 1.05754 1.03128
1.07035 1.03465 1.0324
1.11381 1.02739 1.07774
1.03695 1.02579 1.02393
1.1271 1.03227 1.06009
1.08641 1.03886 1.03939
1.03644 1.02786 1.03022
1.10094 1.07186 1.06148
1.05832 1.0367 1.02658
1.04712 1.03854 1.05941
1.1075 1.03384 1.03844
1.06039 1.02437 1.03551
1.03641 1.07734 1.03267
1.17343 1.02421 1.03614
1.05686 1.03537 1.07237
1.04798 1.02983 1.02711
1.02388 1.03487 1.07851
1.10241 1.02911 1.04841
1.05135 1.03064 1.01999
1.04706 1.04724 1.0282
1.06291 1.0495 1.03566
1.07829 1.03545 1.03451
1.12679 1.05685 1.03089
1.07295 1.03178 1.03749
1.13714 1.02131 1.0571
1.12194 1.03341 1.03741
1.04708 1.04224 1.04132
1.05631 1.03409 1.03633
1.0359 1.03046 1.0435
1.03484 1.04598 1.03114
1.04785 1.03087 1.05363
1.07461 1.03633 1.02988
1.07652 1.03133 1.04215
1.03801 1.04317 1.025
1.06726 1.09948 1.04564
1.02955 1.05933 1.04488
1.05084 1.03762 1.02909
1.03259 1.02939 1.02902
1.04308 1.03809 1.03516
1.04185 1.0846 1.06418
1.02379 1.03351 1.05268
1.07128 1.04083 1.07515
1.03173 1.05009 1.02712
1.04848 1.09305 1.02252
1.04563 1.0384 1.0296
1.08168 1.04601 1.08442
1.03625 1.02349 1.057
1.04551 1.03511 1.03218
1.03458 1.03225 1.04025
1.03557 1.02421 1.02537
1.04722 1.02284 1.03539
1.03172 1.02088 1.03273
1.05177 1.0252 1.07119
