0.00290657 0.00238862 0.00243202
0.00243426 0.00254258 0.00256081
0.00228257 0.0024063 0.00251787
0.00247724 0.0025446 0.00264594
0.00244392 0.00256657 0.00262347
0.00238596 0.00255833 0.00250003
0.00243747 0.00252657 0.00250403
0.00243492 0.00260178 0.00253593
0.00239924 0.00259965 0.00249087
0.00259221 0.00261974 0.00269874
0.00266588 0.00272443 0.00272433
0.00251337 0.00269902 0.00270521
0.00265847 0.00280628 0.00282655
0.00293871 0.00314865 0.00316588
0.00340443 0.00331512 0.00355105
0.00349711 0.00356113 0.0036186
0.00324289 0.00330993 0.00339239
0.0034989 0.00348975 0.00354168
0.00366436 0.00351664 0.00370875
0.00368413 0.00381585 0.00374866
0.00330068 0.00330305 0.00345419
0.00349657 0.00352622 0.00356802
0.00391582 0.00393905 0.00396134
0.00379698 0.00373131 0.00387762
0.00377925 0.0039084 0.00393556
0.00404554 0.00404127 0.00418977
0.00231856 0.00222608 0.00252807
0.0018223 0.00190286 0.00211775
0.00176738 0.00175346 0.00202205
0.00223603 0.00223747 0.00259223
0.00251532 0.00247781 0.00283794
0.00249957 0.00252972 0.00291675
0.00257617 0.00257087 0.00284203
0.0027488 0.00273448 0.00302025
0.00262536 0.00263797 0.00299409
0.00262333 0.00271502 0.00291854
0.00296222 0.00346769 0.00356846
0.00275107 0.00281791 0.00285728
0.00282088 0.00274256 0.00292147
0.00288262 0.00297181 0.00307654
0.00341682 0.00369311 0.00351266
0.00321051 0.00369054 0.00369536
0.00332556 0.00367529 0.00360919
0.00254537 0.00251982 0.00261358
0.00212838 0.00188227 0.0020936
0.00221707 0.002048 0.00213558
0.00209983 0.0021977 0.00212412
0.00203236 0.00221697 0.00210956
0.00222346 0.00231058 0.00224782
0.00270463 0.00265594 0.00319181
0.00244337 0.00254789 0.00257695
0.00241108 0.0024322 0.00252332
0.00278238 0.00303556 0.00300852
0.00303909 0.0033443 0.00333742
0.0034434 0.00336194 0.00338786
0.00329946 0.00330794 0.00352016
0.00291414 0.00319233 0.00316642
0.00272041 0.00260643 0.00261368
0.00255008 0.00276113 0.00260411
0.00243246 0.002728 0.00280831
0.00266554 0.00304206 0.00294581
0.00253239 0.00290763 0.00275031
0.00264918 0.00289443 0.00295364
0.00292341 0.00314461 0.00308458
0.00261921 0.00299992 0.00288055
0.00261036 0.00309626 0.00296957
0.00257438 0.00292993 0.00294766
0.00278488 0.00308613 0.00296404
0.00169188 0.001734 0.00205924
0.00181141 0.00190682 0.00212252
0.00186854 0.00203785 0.00215985
0.00185579 0.00195863 0.00219733
0.00251318 0.0022388 0.00239203
0.00208564 0.00199814 0.00232007
0.00188674 0.00206418 0.00219612
0.00230278 0.00213447 0.00215327
0.00275348 0.00270658 0.00300899
0.00309978 0.00306402 0.00349049
0.00299087 0.00333171 0.00348322
0.00288198 0.00327133 0.00325038
0.00332553 0.0032878 0.00325989
0.00253504 0.00282362 0.00291838
0.00238206 0.00251205 0.00241883
0.00254204 0.0025921 0.00260261
0.0019428 0.00191548 0.00204425
0.00215203 0.00213423 0.00220047
0.00262084 0.00285996 0.00284892
0.00311084 0.00335826 0.00333151
0.00339046 0.00360253 0.00359426
0.00342034 0.00369083 0.00340057
0.00275504 0.00278468 0.00270358
0.00294463 0.00302007 0.00290327
0.00339316 0.00379184 0.00359363
0.00351299 0.00384296 0.00346444
0.00352804 0.00387038 0.00352008
0.00354559 0.00382369 0.00351167
0.00359384 0.00391452 0.00355917
0.00363501 0.0039204 0.00370028
0.00362179 0.00387553 0.00352721
0.00359205 0.0038723 0.00360111
0.00367757 0.0039149 0.00370651
0.00390592 0.00408387 0.00387701
0.00393149 0.00401493 0.00396782
0.00407718 0.00419655 0.00408345
0.00387146 0.00410654 0.00391716
0.00375549 0.00380527 0.00389931
0.00386812 0.00399138 0.00394737
0.00374356 0.00397462 0.00384556
0.00380768 0.00396221 0.00384716
0.00371116 0.00371512 0.00388802
0.00402712 0.00372169 0.00391219
0.00384447 0.00375529 0.0038907
0.00369882 0.00381958 0.00381203
0.00357332 0.00357943 0.00361915
0.00361904 0.00361998 0.00366439
0.00371089 0.0038218 0.00388354
0.00359366 0.00374296 0.00374085
0.00284535 0.00308149 0.00327781
0.00324521 0.00265499 0.00263899
0.00278439 0.00280553 0.00279623
0.00275678 0.00238999 0.00227982
0.00210301 0.00209417 0.00208722
0.00208641 0.00209828 0.00208228
0.00217273 0.00221791 0.00213131
0.00271806 0.00302557 0.00290019
0.00307789 0.00309534 0.00293708
0.00276044 0.00316194 0.0028954
0.00269298 0.00311652 0.00297961
0.00276472 0.00319774 0.00300336
0.00294811 0.00323952 0.00304891
0.00273834 0.00316997 0.00296481
0.00334515 0.00337367 0.00297371
0.00301283 0.0028559 0.00302319
0.00311868 0.00334277 0.00308785
0.00312227 0.00312034 0.00310945
0.00315406 0.00346993 0.00326538
0.00318128 0.00354247 0.00329422
0.00329523 0.00355459 0.00334186
0.00317536 0.00370576 0.00333186
0.00324657 0.00371936 0.0034357
0.00393225 0.00441345 0.00403837
0.00399868 0.0041334 0.00421075
0.00433676 0.00469804 0.00454215
0.00360503 0.00421971 0.00393059
0.00369065 0.00436703 0.00401995
0.00390654 0.00443999 0.00413463
0.00396019 0.00422788 0.0041306
0.00356876 0.0042969 0.00394918
0.00326939 0.00338901 0.00354888
0.00321279 0.00338103 0.00355724
0.00318839 0.0029618 0.0035405
0.00331114 0.00336234 0.0036874
0.00317773 0.00350208 0.00370682
0.00368425 0.00362071 0.00395941
0.00328791 0.00294417 0.00380384
0.00317132 0.0027677 0.00372256
0.00335418 0.00342266 0.00387106
0.00368157 0.00360242 0.00428956
0.00427194 0.00401799 0.00438368
0.00380306 0.0040698 0.00436133
0.00377356 0.00394494 0.00435462
0.00409725 0.00397813 0.00429111
0.00393333 0.00409975 0.00441774
0.00409311 0.00415386 0.00442276
0.00404765 0.00420183 0.00445801
0.00415887 0.00406058 0.0044441
0.00418754 0.00406198 0.00446494
0.00396776 0.00415757 0.0045571
0.00386136 0.00430171 0.00471463
0.00396141 0.00448347 0.00461019
0.0044865 0.00424204 0.00486743
0.00446426 0.00439523 0.00490619
0.00439147 0.00398935 0.00517061
0.00396463 0.00451837 0.00498129
0.00455072 0.00452031 0.0050058
0.00416319 0.00457147 0.00509062
0.00443578 0.00445394 0.00519097
0.00383758 0.00447853 0.00506227
0.0044441 0.00446431 0.00518706
0.00380569 0.00421331 0.00523072
0.0044151 0.00439387 0.00546515
0.00448135 0.00483797 0.00547392
0.00511323 0.00481507 0.00579387
0.00405734 0.0044394 0.005218
0.00490055 0.00454113 0.00522196
0.0044108 0.0042305 0.00496195
0.00411067 0.00408902 0.00478328
0.0045809 0.00427583 0.0049798
0.00420008 0.00436615 0.00507255
0.00460233 0.00473531 0.00522917
0.00486874 0.00489933 0.00537469
0.00476386 0.00494626 0.00543776
0.00494383 0.00549333 0.00600238
0.00559869 0.00584674 0.00621662
0.00532365 0.00556295 0.00629635
0.00576768 0.00615165 0.00633636
0.00622071 0.00611286 0.00658607
0.00575358 0.00600138 0.00639286
0.00607272 0.00573987 0.00653437
0.00627526 0.00613852 0.00691754
0.005815 0.00612107 0.00703207
0.00641616 0.00614188 0.00684953
0.0061663 0.00640171 0.00698559
0.00664074 0.00660466 0.00711113
0.00675163 0.00691348 0.00729573
0.00669651 0.00690062 0.00744714
0.00707374 0.00679408 0.00703668
0.00685538 0.00670711 0.00714915
0.00695209 0.00692406 0.007582
0.00690879 0.00708512 0.00753941
0.00698278 0.00709883 0.00763861
0.00714154 0.00716867 0.00758436
0.00750699 0.00775145 0.0082307
0.00759124 0.00715819 0.00766881
0.00681137 0.00699965 0.00773733
0.00709918 0.00707383 0.00775014
0.00733848 0.00699818 0.00796412
0.00828748 0.00814157 0.00876603
0.0082497 0.0080307 0.00863792
0.00804008 0.00838666 0.00893785
0.00890614 0.00900657 0.00928005
0.0080815 0.00871173 0.00923982
0.00834248 0.00876436 0.00912827
0.00831203 0.00893204 0.00941324
0.00868109 0.00886125 0.00949373
0.00878594 0.00896282 0.00950662
0.00838119 0.00876964 0.00965749
0.0096208 0.00938958 0.00999856
0.00910251 0.00866474 0.00951724
0.00974036 0.00959767 0.010423
0.00988455 0.0099948 0.0106845
0.00949895 0.00941875 0.0104031
0.00993914 0.0100031 0.010562
0.0101654 0.0100402 0.0106556
0.0102893 0.0100682 0.0108917
0.0111682 0.0109482 0.0120069
0.011424 0.0114924 0.0126288
0.0113631 0.0112418 0.012121
0.0110487 0.0115267 0.0124466
0.0108947 0.011147 0.0118205
0.0117388 0.0117448 0.0122263
0.0106926 0.0106316 0.0112956
0.0108943 0.011245 0.011611
0.011145 0.0108773 0.0115554
0.0133735 0.0133948 0.0136815
0.0119979 0.0117331 0.0125573
0.0112788 0.0113446 0.0117779
0.0115242 0.0115628 0.0125104
0.01174 0.0118012 0.0130826
0.0129086 0.0124225 0.0135098
0.0130062 0.0130706 0.013669
0.0129946 0.0133553 0.0139112
0.0128997 0.0136063 0.0140802
