0.00283458 0.00327319 0.00326095
0.00218655 0.0019977 0.00194231
0.00366487 0.00310993 0.00265619
0.0051508 0.00446118 0.00358225
0.00424037 0.00461108 0.00416659
0.00324616 0.00261939 0.00191162
0.00235038 0.00276361 0.00162757
0.00309302 0.00261659 0.00160571
0.00267973 0.00270372 0.00199531
0.00244637 0.00228264 0.0018905
0.00231293 0.00290607 0.00248787
0.00310253 0.0023984 0.00214531
0.00323203 0.00204541 0.00185039
0.00395522 0.00246342 0.00235545
0.0023887 0.00185627 0.00163178
0.00182969 0.00169901 0.00144766
0.00279962 0.0017656 0.0013385
0.00202443 0.00144724 0.00112352
0.00224915 0.00164998 0.0012815
0.00174189 0.00174948 0.00130932
0.00139505 0.00182477 0.0014365
0.00145947 0.00175425 0.00124447
0.00154372 0.00172393 0.00145332
0.00152516 0.00175265 0.00109165
0.00167331 0.0017313 0.00121658
0.00156736 0.0016743 0.00119842
0.00146536 0.0016042 0.00134921
0.00211529 0.00191373 0.00183415
0.00245822 0.00163233 0.00145607
0.00230274 0.00184736 0.0018385
0.0021 0.00169141 0.0015746
0.0030241 0.00156029 0.00161928
0.00191586 0.00153621 0.00141832
0.00275571 0.00220698 0.00192057
0.00187725 0.00147419 0.00139739
0.00196851 0.00147215 0.0013123
0.00283638 0.00187822 0.00152057
0.00256434 0.00383686 0.00338243
0.00238546 0.00230615 0.00189842
0.00289861 0.00144473 0.000996681
0.00387442 0.00139369 0.00122534
0.00307582 0.00168746 0.00127142
0.00255406 0.00239286 0.00191711
0.001691 0.00147095 0.000979529
0.00284957 0.00236098 0.0018456
0.00255644 0.00270357 0.00257136
0.00219027 0.00186206 0.00156955
0.0026411 0.00225335 0.00208524
0.00318224 0.00231559 0.00219298
0.00215473 0.0016139 0.00167567
0.0026086 0.00223389 0.00223682
0.00359222 0.00226975 0.00222245
0.00134513 0.00114323 0.000964652
0.00182396 0.00143495 0.0012232
0.00228456 0.00201422 0.00183443
0.00262746 0.00280979 0.00252092
0.00228999 0.00236499 0.00218431
0.00165063 0.0021648 0.00159469
0.00173388 0.00155134 0.0013647
0.00134981 0.00147651 0.000995223
0.00190077 0.00176249 0.00124576
0.00201016 0.00180341 0.00162802
0.00145937 0.0017609 0.00120279
0.00164909 0.0019848 0.00122521
0.00177363 0.00226786 0.00160816
0.00193922 0.00252605 0.00228052
0.00199119 0.00246893 0.00231742
0.00227238 0.00187169 0.00174355
0.00189488 0.0020459 0.00155805
0.00189635 0.00231388 0.00204594
0.0019232 0.0027307 0.0022537
0.00170363 0.00263406 0.00214844
0.0014677 0.00279266 0.00213272
0.00207685 0.00245072 0.00215745
0.0016673 0.00242779 0.00178908
0.00187893 0.00177086 0.00168274
0.00218089 0.00247708 0.00196641
0.00182824 0.00217337 0.00156139
0.00162504 0.00227348 0.00166957
0.00231883 0.00252174 0.00201244
0.00196323 0.00229277 0.00149934
0.00197036 0.00212932 0.0018864
0.00179383 0.00226602 0.00203815
0.0025171 0.00218964 0.00187173
0.00191218 0.00204637 0.0017907
0.00238244 0.00220177 0.00194856
0.00155632 0.00192035 0.00173374
0.00213262 0.00174857 0.00174139
0.00289434 0.00199643 0.00205061
0.00181246 0.00157581 0.00159875
0.00301034 0.00180039 0.00173835
0.00194499 0.00190654 0.00177908
0.0021786 0.00179429 0.00198498
0.00225146 0.00198665 0.00193783
0.00193741 0.00249315 0.00224999
0.0015962 0.00290014 0.00265678
0.0018155 0.00289752 0.00251184
0.00196839 0.00205042 0.00188812
0.001968 0.00223367 0.00189822
0.00170778 0.00235162 0.00201667
0.00160903 0.00224247 0.0017667
0.00166079 0.00221961 0.00252869
0.00187793 0.00287205 0.00251976
0.00196624 0.00234823 0.0021814
0.00179967 0.00237294 0.0023149
0.00187863 0.00274567 0.00249268
0.001928 0.00227566 0.00219334
0.00192086 0.00240957 0.00223619
0.00177055 0.00279071 0.00255038
0.00206738 0.00253772 0.00226112
0.00185187 0.00259029 0.00232306
0.00184195 0.00303797 0.00270308
0.00192915 0.00262135 0.00247086
0.00201508 0.00284747 0.00245771
0.00176686 0.00304182 0.0027445
0.00182871 0.00355787 0.00279542
0.00195639 0.00276851 0.0025292
0.00162828 0.00272077 0.00211605
0.00169053 0.00350876 0.00271805
0.00207435 0.00232237 0.0027782
0.00164457 0.00219166 0.00245802
0.00189436 0.00254384 0.00257018
0.00188271 0.00256975 0.00293752
0.00211834 0.00318405 0.00312273
0.00175361 0.00358558 0.0032071
0.00201197 0.00351292 0.00310597
0.00168106 0.00301638 0.00276173
0.00168534 0.00248403 0.00227661
0.00188396 0.00261991 0.00253996
0.00187849 0.00310518 0.00309581
0.0024325 0.00400551 0.00398077
0.00236838 0.00366263 0.00358765
0.00242657 0.00389534 0.00347279
0.00217579 0.0041668 0.00369623
0.00265885 0.00408959 0.00381948
0.00257545 0.00421361 0.00421744
0.00272364 0.00392635 0.00442003
0.00295552 0.00480077 0.0047339
0.00321404 0.00513374 0.00497875
0.0034399 0.00553396 0.00536259
0.00365793 0.00567038 0.00562852
0.00386097 0.00527056 0.00613678
0.00446122 0.00554457 0.00655276
0.0042276 0.00579245 0.00649265
0.00438727 0.00580049 0.00656155
0.00372244 0.00549814 0.00622618
0.00406927 0.00482517 0.00620879
0.00406585 0.00479281 0.00632968
0.00442061 0.00533332 0.00629623
0.00412211 0.00472253 0.00594121
0.00406122 0.00628462 0.00594845
0.00415176 0.0045319 0.00589266
0.00359172 0.00552905 0.00534568
0.00398875 0.00570605 0.00578197
0.00356296 0.00414904 0.00534771
0.00364164 0.00546111 0.00528699
0.00413665 0.00548389 0.00551918
0.00388893 0.00442875 0.00530775
0.0036675 0.00480738 0.00568099
0.00349651 0.00423776 0.00454993
0.00294336 0.00346972 0.00417748
0.00324983 0.00454761 0.00486497
0.00356386 0.00466981 0.00519446
0.00432651 0.00466783 0.00519534
0.00336958 0.00457422 0.00495549
0.00440535 0.00516702 0.00539401
0.00375068 0.00461758 0.00525118
0.00437277 0.00472011 0.00540961
0.00401255 0.00410662 0.00514128
0.00389817 0.0045673 0.00487608
0.00438539 0.00516971 0.0052484
0.00493429 0.004666 0.00495504
0.00384598 0.0041943 0.00506964
0.00409155 0.00441832 0.00515955
0.00344765 0.00373485 0.00473706
0.0041244 0.00462415 0.00510397
0.0046663 0.00468716 0.00463427
0.00324674 0.00335934 0.00469165
0.00452241 0.00500852 0.00437173
0.00522175 0.00560333 0.00502864
0.00391067 0.00463613 0.00502636
0.00362289 0.00424795 0.00477634
0.00271185 0.00307598 0.00433799
0.00350181 0.0035051 0.00484132
0.00455909 0.00526582 0.00449074
0.0036445 0.00361152 0.00520827
0.00371844 0.00390593 0.00476176
0.00454695 0.00546696 0.00421672
0.0042493 0.00380874 0.00459579
0.00386368 0.00320523 0.00441755
0.0041027 0.0052716 0.00401359
0.00464589 0.00529957 0.00428167
0.00338464 0.00361414 0.00425511
0.00420207 0.00496488 0.00393289
0.00456744 0.00511854 0.00403877
0.00425791 0.00502975 0.00397281
0.00390148 0.00372412 0.00402955
0.00407082 0.00506903 0.00373838
0.00385197 0.00506969 0.00387717
0.00424472 0.00491035 0.00391424
0.00304145 0.00392561 0.00381529
0.00329571 0.00367477 0.00360452
0.00326463 0.00321188 0.00401087
0.00445478 0.00475716 0.00377286
0.00468954 0.00487609 0.00395688
0.00342056 0.00458674 0.00418527
0.00381291 0.00378149 0.00414978
0.00319443 0.00329768 0.00380426
0.00356898 0.00345064 0.00421258
0.00307438 0.00315085 0.00384496
0.00375308 0.00375308 0.00391787
0.00375194 0.00375194 0.00391243
0.00371632 0.00371632 0.00389487
0.00387056 0.00387056 0.00403492
0.00377487 0.00377487 0.00395269
0.00388121 0.00372786 0.00403065
0.00381037 0.00381037 0.00395792
0.00343456 0.00349699 0.00398714
0.00393524 0.00393524 0.00407991
0.00326359 0.0038252 0.00398219
0.00360047 0.00350499 0.00408023
0.00366013 0.00366013 0.00384181
0.00377997 0.00377997 0.00394293
0.00364896 0.00364896 0.00380075
0.00374264 0.00374264 0.00390164
0.00375123 0.00375123 0.00391529
0.00369326 0.00369326 0.00386546
0.00380581 0.00380581 0.00397521
0.0037229 0.0037229 0.00390004
0.00378733 0.00378733 0.00395806
0.00372063 0.00372063 0.00389818
0.00378745 0.00372806 0.00398895
0.00334557 0.00380731 0.00376561
0.00364604 0.00348406 0.00381034
0.00362825 0.00286822 0.00383961
0.0030105 0.00355094 0.00361154
0.00440748 0.00441442 0.00394134
0.00358666 0.0032024 0.00378888
0.00338511 0.0028778 0.00378513
0.00351313 0.0036251 0.0036204
0.00343906 0.0037607 0.00393328
0.00307974 0.0037422 0.00356976
0.00285204 0.00308769 0.0035174
0.0031675 0.00366001 0.00354489
0.00299611 0.00285077 0.00377853
0.00313207 0.00387415 0.00356357
0.00392929 0.00363249 0.00371737
0.00265208 0.00276166 0.0036395
0.00283685 0.00324271 0.00377482
0.00382082 0.00319547 0.00362325
0.00314834 0.00371851 0.0037125
0.00284255 0.00236115 0.00366717
0.00374696 0.00390287 0.00332778
0.0042469 0.00430428 0.00369573
0.00243372 0.00265677 0.00371448
0.00266739 0.00297645 0.00370895
0.00258324 0.00282095 0.00388281
0.0036895 0.00371051 0.00350652
0.00346645 0.00338719 0.00371776
0.00254872 0.00267109 0.00349013
0.00276534 0.00253786 0.00365508
0.00269054 0.00265173 0.00374085
0.00366242 0.00367832 0.00340087
0.003805 0.003912 0.00365005
0.00294461 0.00279753 0.00362595
0.00281628 0.00307885 0.00375344
0.00251716 0.00276353 0.00387304
0.00382989 0.00271249 0.0034628
0.00367862 0.00376617 0.0036867
0.00312776 0.00315343 0.00354974
0.00263163 0.00275574 0.00375608
0.00349502 0.00411149 0.00337875
0.00404724 0.00377694 0.00373854
0.00382108 0.00388357 0.00357986
0.00332146 0.00330758 0.00370296
0.00306995 0.00380825 0.00385545
0.00384832 0.00401508 0.00362105
0.0038037 0.00422397 0.00352528
0.00305048 0.00289193 0.00371008
0.00365185 0.0042935 0.00353207
0.00414008 0.00419778 0.00367913
0.00382997 0.00348105 0.00351695
0.00330651 0.00318282 0.00355888
0.00329778 0.00316636 0.00359392
0.00381872 0.00360215 0.00332726
0.00364368 0.00374462 0.00347692
0.00333257 0.00333257 0.00357667
0.00343762 0.00343762 0.00365924
0.0033885 0.0033885 0.00361951
0.00346594 0.00346594 0.00368863
0.00342219 0.00342219 0.0036459
0.00348138 0.00245359 0.00370204
0.00313164 0.00313164 0.00342513
0.00399692 0.00396321 0.00365673
0.00330738 0.00330738 0.00357136
0.00332093 0.00332093 0.00358909
0.00344634 0.00344634 0.00371188
0.00338106 0.00338106 0.00364436
0.00344217 0.00344217 0.00368361
0.00345673 0.00345673 0.00370516
0.00343016 0.00343016 0.00367843
0.00355579 0.00355579 0.00378582
0.00349035 0.00349035 0.00373032
0.00355883 0.00355883 0.00380123
0.0035305 0.0035305 0.00377315
0.00360344 0.00360344 0.00382188
0.00360691 0.00275295 0.00382808
0.0032081 0.0032081 0.00344095
0.00369369 0.00369369 0.00390855
0.00340335 0.00340335 0.00363874
0.00338318 0.00338318 0.00361837
0.00352459 0.00352459 0.00374348
0.00343921 0.00343921 0.00366168
0.00352433 0.00352433 0.00372791
0.00352149 0.00352149 0.00373484
0.00347398 0.00347398 0.00369201
0.00351297 0.00351297 0.00372723
0.0035677 0.0035677 0.00378077
0.00351177 0.00351177 0.00372419
0.00366836 0.00366836 0.00390212
0.00362361 0.00362361 0.00383396
0.00372057 0.00372057 0.0039593
0.00369493 0.00369493 0.00393794
0.00366965 0.00261413 0.00390247
0.00371717 0.00371717 0.0039531
0.00362831 0.00362831 0.00387208
0.00373176 0.00373176 0.00402745
0.00372713 0.00372713 0.00401025
0.00380452 0.00380452 0.00405957
0.00380388 0.00380388 0.004047
0.00377572 0.00377572 0.00402745
0.00384839 0.00384839 0.00412324
0.00379615 0.00379615 0.00403863
0.00390518 0.00390518 0.00416237
0.00374027 0.00374027 0.0039719
0.00396719 0.00396719 0.00419828
0.00373974 0.00373974 0.00400419
0.00382486 0.00382486 0.00406277
0.00384225 0.00384225 0.00411728
0.00373676 0.00373676 0.00400282
0.00382086 0.00382086 0.00405915
0.00370107 0.00370107 0.00397609
0.00375563 0.00375563 0.00403443
0.00378769 0.00378769 0.00408975
0.00372084 0.00372084 0.0040171
0.00369659 0.00369659 0.00399953
0.00364001 0.00364001 0.00396972
0.00374231 0.00374231 0.00405736
0.00369555 0.00369555 0.00400595
0.00381608 0.00381608 0.00411374
0.00376089 0.00376089 0.00397654
