1.09444 1.08653 1.08549
1.0964 1.09778 1.0969
1.08345 1.0843 1.08731
1.07518 1.07602 1.07894
1.08132 1.07142 1.07296
1.07273 1.0675 1.07088
1.07257 1.06787 1.07032
1.07506 1.07212 1.07561
1.08515 1.07745 1.07715
1.08904 1.07796 1.07851
1.09586 1.08738 1.0869
1.08647 1.07601 1.08583
1.07655 1.08214 1.08118
1.08558 1.08275 1.08476
1.09529 1.08408 1.0853
1.08838 1.08683 1.08745
1.08571 1.07489 1.07928
1.08706 1.08062 1.08311
1.08336 1.07372 1.08163
1.09828 1.08913 1.0939
1.08522 1.08797 1.08908
1.07648 1.08606 1.08644
1.06666 1.06974 1.06684
1.06235 1.06653 1.06201
1.06097 1.06564 1.06027
1.0606 1.06783 1.0641
1.05371 1.06605 1.06884
1.05488 1.07204 1.06827
1.05139 1.05449 1.0486
1.0508 1.06268 1.05954
1.04963 1.06581 1.06355
1.05047 1.05243 1.04988
1.06877 1.06618 1.06686
1.05911 1.08279 1.07925
1.06735 1.06042 1.06132
1.08004 1.08368 1.08487
1.09168 1.09381 1.09429
1.08029 1.09676 1.09091
1.0672 1.08073 1.07753
1.079 1.08507 1.08148
1.08011 1.07711 1.07516
1.07631 1.08868 1.08439
1.0774 1.08746 1.08489
1.07709 1.0774 1.07339
1.07018 1.08123 1.07818
1.06581 1.08296 1.0812
1.06892 1.0693 1.06595
1.06865 1.09061 1.08696
1.08799 1.1224 1.11056
1.08112 1.08614 1.08403
1.09899 1.10541 1.10487
1.08399 1.1002 1.09796
1.08598 1.09137 1.0887
1.09173 1.09754 1.0946
1.0835 1.09065 1.0865
1.07434 1.08126 1.07783
1.06199 1.07521 1.07159
1.05217 1.06389 1.05889
1.047 1.05482 1.05211
1.06068 1.06716 1.06346
1.05025 1.06576 1.06062
1.04436 1.05515 1.04911
1.06041 1.07077 1.06304
1.06491 1.0689 1.06087
1.05287 1.07709 1.07193
1.06153 1.09267 1.08563
1.07131 1.093 1.09036
1.04456 1.06839 1.0652
1.06607 1.08848 1.08371
1.08853 1.08267 1.07959
1.10619 1.10493 1.09767
1.08418 1.11719 1.10847
1.08987 1.11737 1.1083
1.06112 1.09102 1.08284
1.07865 1.10199 1.093
1.07525 1.08362 1.09112
1.07905 1.08591 1.07002
1.07227 1.09244 1.09054
1.07049 1.09693 1.08898
1.07582 1.07397 1.07394
1.07116 1.08531 1.07666
1.07475 1.09033 1.08795
1.07456 1.07805 1.07521
1.07881 1.10254 1.09769
1.09004 1.11128 1.10617
1.07391 1.09285 1.08806
1.10924 1.11836 1.11413
1.10682 1.12343 1.12137
1.08518 1.10392 1.10198
1.13191 1.1703 1.1679
1.11144 1.13871 1.13652
1.1075 1.11734 1.11791
1.12341 1.13458 1.13225
1.11052 1.12014 1.11818
1.09794 1.11051 1.10703
1.08601 1.1208 1.10913
1.09998 1.13474 1.1224
1.07373 1.10511 1.097
1.08804 1.12438 1.11421
1.09885 1.13185 1.12144
1.07501 1.10914 1.09763
1.10199 1.12916 1.1245
1.11522 1.1399 1.13426
1.0863 1.12094 1.11249
1.11243 1.12865 1.12845
1.1129 1.14418 1.13568
1.08389 1.11411 1.10863
1.09541 1.12604 1.12144
1.10535 1.13734 1.13025
1.07536 1.10782 1.10185
1.08897 1.12267 1.11892
1.109 1.138 1.12921
1.08361 1.11775 1.1088
1.10822 1.13441 1.12772
1.11531 1.13846 1.13274
1.1205 1.15497 1.14558
1.09183 1.11624 1.11376
1.10551 1.13146 1.11594
1.12199 1.15441 1.14053
1.12845 1.15239 1.14322
1.136 1.15609 1.15461
1.14165 1.16628 1.15439
1.15952 1.17818 1.17249
1.1523 1.18688 1.17291
1.17081 1.20369 1.1954
1.17666 1.20362 1.19727
1.18583 1.20256 1.2051
1.1859 1.20504 1.20642
1.19607 1.21685 1.21147
1.20668 1.23194 1.22166
1.23135 1.24383 1.2481
1.21638 1.22711 1.23168
1.21602 1.23941 1.23367
1.2219 1.25683 1.24549
1.23758 1.26478 1.25363
1.25349 1.28771 1.27836
1.26201 1.29592 1.28806
1.27042 1.30614 1.29937
1.28796 1.31983 1.31344
1.31053 1.34421 1.3374
1.32432 1.36187 1.35195
1.35363 1.3599 1.37944
1.36817 1.37652 1.39426
1.35575 1.36619 1.38421
1.36961 1.37912 1.3968
1.35244 1.36774 1.38224
1.36598 1.37656 1.39344
1.35355 1.36008 1.37997
1.36662 1.37031 1.38799
1.34511 1.34887 1.36451
1.32494 1.35561 1.34807
1.32848 1.33687 1.35193
1.3161 1.3493 1.33791
1.32013 1.35508 1.34412
1.32706 1.33856 1.35242
1.31766 1.35348 1.34124
1.32404 1.35719 1.34793
1.34602 1.35106 1.36956
1.349 1.35779 1.37894
1.33716 1.34145 1.35804
1.34195 1.35252 1.36889
1.35898 1.371 1.38497
1.35286 1.36499 1.3783
1.36904 1.37432 1.3895
1.35206 1.35996 1.37327
1.36154 1.36488 1.37838
1.33885 1.34732 1.36551
1.35396 1.35833 1.37333
1.33845 1.34071 1.35876
1.31797 1.34726 1.33718
1.32093 1.35462 1.34204
1.36086 1.3606 1.35124
1.35203 1.36042 1.3738
1.35768 1.35966 1.37748
1.34148 1.34176 1.35706
1.34692 1.34871 1.36314
1.3584 1.35618 1.34829
1.33984 1.34186 1.35551
1.35173 1.35015 1.34011
1.35546 1.35857 1.34472
1.35409 1.35733 1.37055
1.36178 1.36203 1.3783
1.34442 1.34458 1.3603
1.3483 1.34911 1.36563
1.35666 1.36284 1.34806
1.33389 1.33594 1.35292
1.34412 1.34424 1.35998
1.35423 1.35442 1.34518
1.34673 1.33579 1.34952
1.34161 1.34349 1.35529
1.34273 1.3468 1.33898
1.35716 1.36142 1.34904
1.33843 1.34221 1.35411
1.34811 1.34725 1.33928
1.35454 1.34793 1.34171
1.35787 1.35084 1.34581
1.35539 1.34401 1.3581
1.34725 1.35336 1.34314
1.34546 1.35772 1.3465
1.35191 1.35632 1.34985
1.35311 1.36134 1.36382
1.348 1.36198 1.36404
1.35651 1.35522 1.36752
1.36044 1.35856 1.35075
1.36524 1.36911 1.35322
1.3699 1.37031 1.38137
1.37411 1.37311 1.38592
1.35968 1.35982 1.36897
1.36002 1.36052 1.37033
1.34405 1.34346 1.35517
1.35592 1.35592 1.3573
1.3594 1.3594 1.3608
1.35974 1.35974 1.36133
1.36256 1.36256 1.36407
1.36274 1.36274 1.36437
1.36565 1.35622 1.36713
1.36608 1.36608 1.36714
1.35775 1.357 1.36727
1.36846 1.36846 1.36993
1.36106 1.36869 1.37023
1.36209 1.36285 1.37295
1.35793 1.35793 1.35937
1.3598 1.3598 1.36118
1.36018 1.36018 1.36154
1.3628 1.3628 1.36402
1.36609 1.36609 1.36715
1.36626 1.36626 1.36762
1.36895 1.36895 1.37036
1.36921 1.36921 1.37045
1.37175 1.37175 1.37311
1.37208 1.37208 1.37345
1.37479 1.36436 1.37622
1.34936 1.35045 1.36049
1.36143 1.35124 1.3627
1.3553 1.35564 1.36533
1.33991 1.34046 1.35084
1.36203 1.35883 1.35231
1.36327 1.35443 1.3644
1.35774 1.35849 1.3687
1.34192 1.34107 1.35466
1.34292 1.3412 1.35569
1.32789 1.34384 1.33552
1.32882 1.33249 1.33822
1.34116 1.35753 1.34272
1.35143 1.34949 1.36798
1.33756 1.35426 1.34402
1.3564 1.35337 1.34625
1.34757 1.34783 1.35869
1.35063 1.35241 1.36237
1.3615 1.34499 1.34911
1.34167 1.35049 1.35122
1.34187 1.34083 1.35408
1.34251 1.34194 1.33389
1.34912 1.34972 1.33552
1.3435 1.34359 1.36103
1.34672 1.352 1.36533
1.35153 1.3529 1.36954
1.35896 1.35737 1.34474
1.35009 1.34896 1.34581
1.33966 1.34051 1.35261
1.33922 1.33947 1.3557
1.3439 1.34718 1.35964
1.35267 1.35462 1.3408
1.35329 1.35382 1.34211
1.34691 1.34528 1.3624
1.35042 1.3533 1.36637
1.35398 1.35482 1.37053
1.3607 1.3339 1.34716
1.36032 1.3539 1.34842
1.34783 1.34765 1.35873
1.35291 1.35081 1.3621
1.34183 1.35386 1.34474
1.35642 1.35232 1.34671
1.3568 1.35592 1.34925
1.35296 1.35251 1.3639
1.35357 1.35267 1.36831
1.35264 1.35052 1.34659
1.35654 1.35959 1.3494
1.35096 1.34967 1.36346
1.35009 1.35434 1.34398
1.35614 1.35103 1.34533
1.35402 1.34878 1.34721
1.34246 1.34149 1.35334
1.34594 1.3454 1.35624
1.3531 1.3453 1.34126
1.34951 1.34929 1.34246
1.35283 1.35283 1.35414
1.35669 1.35669 1.35777
1.35699 1.35699 1.358
1.35961 1.35961 1.36054
1.35976 1.35976 1.36071
1.36187 1.35469 1.3628
1.34706 1.34706 1.34865
1.36032 1.35887 1.34856
1.35 1.35 1.35123
1.35124 1.35124 1.35265
1.35423 1.35423 1.35492
1.35453 1.35453 1.35524
1.35643 1.35643 1.35745
1.35901 1.35901 1.36008
1.35962 1.35962 1.3606
1.36225 1.36225 1.36318
1.36258 1.36258 1.3635
1.36435 1.36435 1.36546
1.36496 1.36496 1.36601
1.36665 1.36665 1.36746
1.36885 1.36199 1.3698
1.35427 1.35427 1.35542
1.3539 1.3539 1.35483
1.35646 1.35646 1.35754
1.3576 1.3576 1.35863
1.36009 1.36009 1.36113
1.36037 1.36037 1.36135
1.36234 1.36234 1.36312
1.36461 1.36461 1.36561
1.36521 1.36521 1.36609
1.36515 1.36515 1.36609
1.36683 1.36683 1.36774
1.36734 1.36734 1.36822
1.36906 1.36906 1.37015
1.36954 1.36954 1.37042
1.37128 1.37128 1.37211
1.37334 1.37334 1.37421
1.37377 1.36734 1.37454
1.37425 1.37425 1.37526
1.37415 1.37415 1.37526
1.37662 1.37662 1.37794
1.3781 1.3781 1.37922
1.38066 1.38066 1.38167
1.38251 1.38251 1.38346
1.38244 1.38244 1.38349
1.3842 1.3842 1.38519
1.38442 1.38442 1.38534
1.38657 1.38657 1.38754
1.38656 1.38656 1.38742
1.38932 1.38932 1.39025
1.38897 1.38897 1.38996
1.39072 1.39072 1.39169
1.3933 1.3933 1.39422
1.39367 1.39367 1.39458
1.39566 1.39566 1.39642
1.39556 1.39556 1.39676
1.39784 1.39784 1.39883
1.40031 1.40031 1.40144
1.40082 1.40082 1.40186
1.40356 1.40356 1.40436
1.40345 1.40345 1.40444
1.40599 1.40599 1.4073
1.40647 1.40647 1.40774
1.40878 1.40878 1.41037
1.41175 1.41175 1.41234
