89.8124385008
89.8186747231
89.7966462463
89.8018965425
89.8088975369
89.812907953
89.8185363354
89.7890638675
86.0132904432
88.252549974
84.1839471412
82.5864748037
82.5470422095
82.5311032585
82.5486867244
82.5478739536
82.5670195316
82.5766284241
82.578891465
82.584655066
82.5873493296
82.5522628061
82.8114290334
82.5195198757
82.5739620402
82.5236074332
82.5616774787
82.5739918861
78.5729474054
77.9330288055
76.4203502829
75.5560670615
75.5454902674
75.5132082107
75.515206896
75.5253846131
75.5314755963
75.5209742277
75.5454965509
75.6076923466
75.6097361806
75.5905252463
75.5504593324
75.5545671743
75.5352943465
75.5239703845
69.1707023198
68.7343580097
68.6788666892
68.658153856
68.6568703665
68.7191071181
68.9095825603
68.9180382975
68.9275683084
68.8820101361
68.9271025526
68.9396135775
68.9155851695
68.9362507504
68.939007556
68.9283536892
66.9287377811
68.9467023397
63.1426742623
62.2943901691
62.2885252397
62.2561886194
62.2234626338
62.2248903519
62.2143630955
62.1531861554
62.2360944573
62.2096561017
62.2482189154
62.2485845422
62.2377065434
62.2762023494
62.2863210562
62.2569053454
62.268766757
62.2843871499
57.6584266392
56.6353378204
56.646275476
55.7790156585
55.6800989523
55.7333473549
55.6081293364
55.5411220279
55.6907065584
55.6064062489
55.5883911994
55.6321046318
55.6435570736
55.7385888872
55.7563448925
55.7814542817
55.8366159549
55.8364362569
55.0525849323
53.3768451223
53.5712981161
52.0003457252
50.5740890782
49.5830289877
49.5349073595
49.4589724942
49.5337970345
49.4565159991
49.4243469973
49.4256874345
49.4138300721
49.4025405257
49.5091108104
49.5300568027
49.5098039053
49.5684550926
49.6076503837
47.8631059597
47.4178097726
46.4085853348
45.3022785724
44.3157271381
44.1616650713
44.1606216367
44.1716921739
44.2096860424
44.3728570346
44.1436019792
44.4367877795
43.9557191155
43.96365274
42.936953972
42.1347727414
41.7935285568
41.0597922072
40.9260391025
40.2224159718
39.6328610471
39.1174784607
38.5571782138
38.6606873684
38.7823160724
38.8597485315
38.1401047287
38.4274568976
38.1353164617
38.4208302615
37.3740160695
37.1947737952
37.0999819955
36.8157774611
36.7020208104
36.6872093768
36.146974853
35.6614999896
35.0875886174
34.3326800414
34.3793226992
34.162098631
33.9086454903
33.6316801128
33.6256072513
33.4672154564
33.7342234433
33.5175075162
33.3951028787
33.7184200308
33.6540890965
33.8527512969
32.9212591645
32.5162807376
32.7372038782
32.58433196
32.881053408
32.5682906817
32.5469271526
32.4324726518
32.4641570538
32.0710613873
32.0614018619
32.2600100888
31.7317623357
31.8903760531
32.0732539443
32.0108648208
31.9217276518
31.4887866437
32.1573404512
31.8514327291
32.373466708
32.2653353188
31.9871015296
31.6863331264
31.3300234068
31.3130966291
30.485874257
30.7881652113
30.1489306197
29.9594665107
29.6268493216
29.5516943033
29.4303240983
29.381140015
29.4427131174
28.6428465864
28.4423739462
28.6093935415
28.2578658009
28.191500454
28.0851170304
28.1522536131
28.0971559841
28.1504477594
28.1634899304
28.1502506975
28.2175544067
28.0466789142
28.0629314581
28.1313305068
28.01449134
28.1243779882
28.1455327843
28.0374271134
28.1083024858
28.1185675783
28.0388594016
28.0837916766
27.9544486007
27.9529780247
28.2197962399
28.2723478292
28.2883546859
28.2892691842
28.2906186907
28.2054595741
28.2229217627
28.2268027885
28.227125822
28.2334719177
28.2304631308
28.2350536763
28.2285571804
28.224440605
28.2300986514
28.230614094
28.2465167764
28.2437563708
28.2502944409
28.248694431
28.2802780858
28.2774567866
28.2863515906
28.3264057202
28.3277594706
28.3355706177
28.3497499195
27.9749641982
27.9991134703
27.9991758204
28.0305786328
28.0328685924
28.0361313521
28.0672929462
28.0612946685
28.0715820943
28.071008217
28.0755700901
28.0841850677
28.1229599015
28.1420292063
28.1220311164
28.1337122621
28.0594801877
28.0665381289
28.039096337
28.0496581648
28.0508646608
28.0634400129
28.0797104003
28.10631095
28.1201989805
28.12093455
28.0348222304
28.0246407074
28.0008419196
27.9709232435
27.9845804888
27.8810034038
27.9308450729
27.9429083431
27.970145607
27.9540740594
27.9602229551
27.9588591056
27.9703138845
27.9916748344
27.9973942387
27.5816528449
27.6907899095
27.7520834723
27.5270078161
27.6781377014
27.6767954671
27.5724602668
27.4273827944
27.5851609568
27.4369693049
27.4379956777
27.4445832414
27.1459294241
27.1638557269
27.1743977942
27.179028212
27.1856702941
27.2008536082
27.2088432619
27.2221450147
27.2206135464
27.2113425751
27.2268706432
27.2215234407
27.2298454404
27.2292938485
27.187803158
27.4787499553
27.4875864591
27.458167579
27.4337501687
27.442958462
27.4483884508
27.1265803615
27.4577537392
27.1461472612
27.1621503873
27.1705873881
27.2024287939
27.2014113641
27.2251827313
27.1609247356
27.1603597692
27.169339636
27.2023083835
27.1823601989
27.1870205741
27.1910474768
26.9031979727
26.9335032105
26.9532495521
26.9512116627
