0.00319625 0.00340202 0.00326095
0.00244461 0.00239309 0.00193089
0.00397006 0.00422827 0.00359731
0.0052367 0.00471118 0.00428028
0.00398131 0.00442985 0.00385429
0.00232337 0.00267987 0.00187234
0.00232837 0.00237372 0.00168299
0.00187084 0.00248428 0.00158236
0.00278095 0.00202762 0.00148483
0.00184307 0.00208062 0.00154253
0.00164211 0.00220236 0.00188232
0.0021351 0.00236924 0.00227091
0.00281121 0.0015429 0.00147652
0.00319039 0.00205957 0.001928
0.00274228 0.00169897 0.00143827
0.00255882 0.00172327 0.0013772
0.00217465 0.00180954 0.00161318
0.00180458 0.00180674 0.00159966
0.00149303 0.00149695 0.0013108
0.00211648 0.00167497 0.00135219
0.00261618 0.00154418 0.0012547
0.00143351 0.00161379 0.00125105
0.00156175 0.00165834 0.0013106
0.00156984 0.00162705 0.00113842
0.00156471 0.00173996 0.00114097
0.00147882 0.00187914 0.00150671
0.00173785 0.00197209 0.00150141
0.00197532 0.00151024 0.00121757
0.00226767 0.00191907 0.0016696
0.00195305 0.00241122 0.00223597
0.00183347 0.0022422 0.00228975
0.0024114 0.00167106 0.00144925
0.00159426 0.00142681 0.00144387
0.00224049 0.00158269 0.001414
0.00336727 0.00295426 0.00257348
0.00214732 0.00336941 0.00271156
0.00259068 0.00227312 0.00170673
0.00150377 0.00165062 0.00131999
0.00216131 0.00155407 0.00147054
0.00218536 0.00218089 0.00182352
0.00259785 0.00220635 0.00216748
0.00220599 0.00187294 0.00189235
0.00212534 0.00218057 0.00207132
0.00221548 0.00203725 0.00168026
0.00248656 0.00213426 0.00192078
0.00250798 0.00197494 0.00182694
0.00218602 0.00183178 0.00176062
0.00330562 0.00266951 0.00264711
0.00293605 0.002622 0.00249901
0.00132148 0.00164797 0.00118787
0.00206906 0.00220365 0.00200127
0.00205461 0.00215163 0.00199182
0.00170402 0.00169323 0.00148862
0.00175385 0.00176415 0.00144292
0.00186044 0.00219236 0.00197853
0.00200528 0.00197111 0.00189456
0.00176279 0.00166143 0.00155785
0.00191373 0.00205655 0.00177288
0.00203566 0.00230438 0.00226647
0.00188774 0.00201226 0.00188521
0.00174179 0.0021777 0.00175903
0.00179203 0.00222764 0.00190509
0.00205102 0.00246686 0.00184946
0.0017288 0.00240306 0.00201281
0.00180062 0.00208419 0.00169307
0.00153778 0.00188514 0.00139849
0.00160794 0.00240525 0.00174754
0.00265999 0.00229713 0.00208276
0.00245665 0.00198956 0.00199836
0.00159551 0.00234837 0.00215377
0.00179154 0.00229762 0.0020176
0.0018093 0.00236545 0.00211173
0.00179966 0.00245258 0.00213678
0.00215874 0.00259785 0.00235498
0.00206429 0.00194633 0.00195677
0.00165238 0.0021423 0.00197239
0.00212994 0.00255954 0.00245334
0.00189133 0.00254804 0.00241395
0.00165203 0.0022991 0.00206087
0.00209457 0.00250231 0.00244099
0.00208956 0.00225283 0.00205751
0.00182638 0.00228564 0.00220412
0.00195394 0.0022408 0.00233332
0.0017959 0.00228752 0.00213944
0.0026643 0.00191924 0.00177228
0.00201609 0.00194221 0.00191274
0.00299361 0.00179561 0.00200943
0.00285781 0.00189688 0.00188489
0.00212575 0.00220159 0.00208814
0.00185087 0.00232651 0.00204812
0.00198832 0.0022134 0.00196053
0.00189986 0.00200432 0.00199231
0.00146744 0.00169561 0.00147779
0.00176645 0.00209265 0.00189346
0.00223849 0.00222036 0.00229687
0.00151753 0.00207045 0.00189083
0.0018987 0.00245028 0.00214313
0.00183394 0.00273448 0.00240063
0.0018681 0.00265159 0.00256896
0.00197574 0.00283181 0.00251087
0.00232574 0.00235562 0.00203402
0.00199189 0.00256659 0.00259146
0.00227424 0.00306498 0.00292707
0.0020076 0.00280873 0.00260904
0.00238371 0.00274626 0.0026966
0.00235339 0.00287518 0.00294927
0.00296897 0.00248506 0.00263312
0.00193873 0.00247796 0.00251067
0.00220612 0.00324423 0.00320737
0.00247566 0.00291741 0.00277122
0.00209019 0.0030485 0.00290339
0.00215828 0.00295046 0.00302853
0.00236238 0.00290826 0.00309175
0.00220458 0.00268212 0.00271165
0.00204832 0.00325163 0.00307834
0.00201145 0.00316435 0.00313919
0.0022096 0.00291639 0.00309214
0.00214118 0.0027642 0.002657
0.00204076 0.0030956 0.00276004
0.00205114 0.00275675 0.00259486
0.0019579 0.00204561 0.00196907
0.00229561 0.00238769 0.00218816
0.002134 0.00287757 0.00262339
0.00217085 0.00359436 0.00321445
0.00230902 0.00385189 0.00363824
0.00236138 0.00395563 0.00360256
0.00240257 0.00406061 0.0040486
0.00260152 0.00429816 0.0040885
0.002879 0.00388639 0.00430854
0.00256014 0.00394925 0.00418446
0.00286124 0.00455866 0.00415241
0.00252836 0.00431046 0.00388612
0.00282825 0.00431308 0.00385906
0.00271446 0.00448831 0.00411541
0.00243474 0.00467572 0.00395142
0.00275187 0.00482286 0.00404479
0.0028939 0.00516961 0.00489136
0.00316968 0.00482159 0.0053435
0.00343753 0.00473756 0.00528837
0.00358958 0.00563635 0.00541337
0.00349489 0.00547351 0.00546051
0.00354018 0.00517317 0.00536221
0.00387253 0.00537819 0.00533901
0.00366932 0.005661 0.00531236
0.00360361 0.00476766 0.00523452
0.00352329 0.00376523 0.00435977
0.00296887 0.00435947 0.00394968
0.00302863 0.00360836 0.00350673
0.00306555 0.00370249 0.00393632
0.00288996 0.00459806 0.00426162
0.00370199 0.00404968 0.00441013
0.00355676 0.00417928 0.0044855
0.00363446 0.00499123 0.00444115
0.0035358 0.00426723 0.00484337
0.00331905 0.00433568 0.00462913
0.00390542 0.00420973 0.00497629
0.00383185 0.0041474 0.00499437
0.00373003 0.00427027 0.00509714
0.00352608 0.00413753 0.00487928
0.00373367 0.00407438 0.00508975
0.00310062 0.00444789 0.00452668
0.00356544 0.00426944 0.00456564
0.00323955 0.00454902 0.00467187
0.0034389 0.00347711 0.00484426
0.00383401 0.00379876 0.00494526
0.00328791 0.00393861 0.00442743
0.00335609 0.00403336 0.00465059
0.00308105 0.00360606 0.00432605
0.00296057 0.00434913 0.00440937
0.00372656 0.00401313 0.00379152
0.00323786 0.00400976 0.00444667
0.00284787 0.0037676 0.00436455
0.00328492 0.00317729 0.0042034
0.00308187 0.00298662 0.00447973
0.00387207 0.00415814 0.00390725
0.0033327 0.00499375 0.00465272
0.00292592 0.00319974 0.00449483
0.00449552 0.00401696 0.00412853
0.00470591 0.00513265 0.00442024
0.00444075 0.00524801 0.00442807
0.00364643 0.00429336 0.00438188
0.00318033 0.00405906 0.0042256
0.00391423 0.00391423 0.00406637
0.00375657 0.00373757 0.00414315
0.00433461 0.00457139 0.0037804
0.00446767 0.00491694 0.00403852
0.00335795 0.00362844 0.00412202
0.00422732 0.00450134 0.00365295
0.00384423 0.00384423 0.00391275
0.00379641 0.00379641 0.00384755
0.0038091 0.0038091 0.00393105
0.00374115 0.00374115 0.00385979
0.00376069 0.00376069 0.00387481
0.00395025 0.00395025 0.00403355
0.00387645 0.00387645 0.00395519
0.00395007 0.00395007 0.00405351
0.00388638 0.00388638 0.00400351
0.00401815 0.00401815 0.00412222
0.00397211 0.00397211 0.00406111
0.00404752 0.00404752 0.00414876
0.00398756 0.00398756 0.00410675
0.00399558 0.00399558 0.00411444
0.00407546 0.00407546 0.00419092
0.00398085 0.00398085 0.00412749
0.00408927 0.00408927 0.00422634
0.00403516 0.00403516 0.00417376
0.00414509 0.00414509 0.00424653
0.00407363 0.00407363 0.00417496
0.00414406 0.00414406 0.00427045
0.00408411 0.00408411 0.0042084
0.00414451 0.00349673 0.00426739
0.00350284 0.00366194 0.00419527
0.00338966 0.00362115 0.00418631
0.00316322 0.00384313 0.00403792
0.00316565 0.00325108 0.00392856
0.00356771 0.00442944 0.00372524
0.00383209 0.0038969 0.00375962
0.00353141 0.00433627 0.00355977
0.00381886 0.0038118 0.0036332
0.00335791 0.00394864 0.00385567
0.00310243 0.00312246 0.0038789
0.00354141 0.00427175 0.00354706
0.00405763 0.00415076 0.00371506
0.0026018 0.00278354 0.0037841
0.00261948 0.00249642 0.00382089
0.00404071 0.00405784 0.00363032
0.00438524 0.00433504 0.00379682
0.00309278 0.00316629 0.00384233
0.00293567 0.00336479 0.00365304
0.00409958 0.00399428 0.00385188
0.00379214 0.00367215 0.00359124
0.00258252 0.00273143 0.0036601
0.00400725 0.00364986 0.00353461
0.00395447 0.00425053 0.00366667
0.00285605 0.00279912 0.00384249
0.00270974 0.00268106 0.00382283
0.00311251 0.00333188 0.00356665
0.00341103 0.00350523 0.00384112
0.00319056 0.00328773 0.00379863
0.00393187 0.00375801 0.00356009
0.00400974 0.00352932 0.00369272
0.00272411 0.00265208 0.0036548
0.00268915 0.00272988 0.0037793
0.00342534 0.00422896 0.00347342
0.00385833 0.004379 0.00369707
0.00313316 0.00383217 0.00361496
0.00309344 0.00285864 0.00376831
0.00377841 0.00366386 0.00348251
0.00416645 0.00411372 0.0036657
0.00279149 0.00279488 0.00374109
0.00286725 0.00240364 0.00376479
0.00383562 0.00444944 0.00351145
0.00371153 0.0042356 0.00371136
0.00364606 0.00370083 0.0036149
0.00267712 0.00259061 0.00365769
0.00386652 0.00418053 0.00348839
0.00330779 0.00326856 0.00380915
0.00269158 0.00276121 0.00370156
0.00353242 0.0040825 0.00340203
0.00425858 0.00414099 0.0037871
0.00330342 0.0031595 0.00377766
0.00281251 0.00271731 0.00379114
0.00395878 0.00351898 0.00351698
0.00412237 0.0037273 0.00359082
0.00338539 0.00376346 0.00353667
0.0025869 0.00319654 0.00378859
0.0029903 0.00278964 0.00380834
0.00377111 0.00401004 0.00360032
0.00404144 0.00418007 0.00383831
0.00316137 0.00273595 0.0037371
0.00259214 0.00277761 0.003774
0.00401355 0.00390613 0.00365117
0.0039881 0.00421661 0.0038553
0.00342158 0.00352631 0.00374327
0.00358348 0.00358348 0.00378654
0.00318967 0.00331376 0.0039032
0.00337411 0.00387661 0.00370229
0.00354924 0.00396236 0.00367318
0.00389379 0.00378926 0.00354154
0.0039659 0.0041079 0.00362483
0.00307653 0.00315946 0.00381268
0.00398557 0.00389584 0.00365824
0.00390461 0.00394086 0.00353861
0.00299032 0.00308669 0.00381492
0.00326281 0.00314123 0.00382527
0.00327034 0.00327034 0.00353374
0.0039809 0.00386562 0.00363937
0.00342935 0.00342935 0.00367811
0.00334992 0.00334992 0.00359739
0.00344404 0.00344404 0.00369054
0.00341103 0.00341103 0.00365862
0.0034627 0.0034627 0.00370428
0.00342952 0.00342952 0.00365104
0.00351855 0.00351855 0.00378381
0.00349567 0.00349567 0.00372729
0.00359149 0.00359149 0.00382126
0.00353383 0.00353383 0.00377551
0.00361816 0.00361816 0.00384558
0.00358445 0.00358445 0.00379723
0.00361556 0.00361556 0.00385763
0.00356132 0.00356132 0.00380927
0.00369222 0.00369222 0.00393281
0.00365211 0.00365211 0.00388269
0.00366489 0.00366489 0.00391366
0.00379449 0.00379449 0.00400594
0.00370656 0.00370656 0.00394154
0.00285532 0.00379824 0.0040071
0.00299004 0.00382139 0.00403123
0.00376929 0.00290527 0.00398228
0.00380982 0.00380982 0.004059
0.00294376 0.003622 0.00389363
0.00375111 0.00375111 0.00401098
0.00365487 0.00365487 0.00391103
0.00373132 0.00373132 0.00397649
0.00385447 0.00385447 0.00412761
0.00371855 0.00371855 0.0040285
0.00382082 0.00382082 0.00408121
0.00381353 0.00381353 0.00406423
0.00383889 0.00383889 0.00408897
0.00375643 0.00375643 0.00401311
0.00365718 0.00365718 0.00391211
0.00380067 0.00380067 0.00406008
0.00367915 0.00367915 0.00392664
0.00370832 0.00370832 0.00396804
0.00377863 0.00377863 0.00403647
0.0037258 0.0037258 0.00396073
0.00376173 0.00376173 0.00398869
0.00384249 0.00384249 0.0041093
0.00378335 0.00378335 0.00404828
0.0038426 0.0038426 0.00415266
0.00379028 0.00379028 0.00411433
0.00389949 0.00389949 0.00423057
0.0038299 0.0038299 0.00417134
0.00382273 0.00382273 0.00415802
0.00391249 0.00391249 0.00422282
0.00382734 0.00382734 0.00411834
0.00388643 0.00388643 0.00415367
0.00382461 0.00382461 0.00411544
0.00390441 0.00390441 0.00428157
0.00386084 0.00386084 0.00418897
0.00373876 0.00373876 0.00410044
0.0037761 0.0037761 0.00415091
0.00386246 0.00386246 0.00414211
0.00382241 0.00382241 0.0040919
0.0038866 0.0038866 0.00420658
0.00387541 0.00387541 0.00417493
0.00380655 0.00380655 0.00411968
0.00381856 0.00381856 0.00408355
0.00371444 0.00371444 0.00399443
0.00375728 0.00375728 0.00404766
0.00380824 0.00380824 0.00405713
