70.0742201863
70.0317704614
69.9648288723
69.8937065495
69.8280057845
69.7407836498
69.6735443686
69.5961881555
69.4954502439
69.4145155973
69.2911620451
69.1596362072
69.0691474286
69.0007847341
68.9072842927
68.82063538
68.7450847735
68.6478125312
68.6357797308
68.5757209924
68.4853644539
68.37624483
68.2849916259
68.1708433111
68.0707282462
67.9541029718
67.8281384187
67.7769156966
67.6529959186
67.499014766
67.3563987027
67.2045955533
67.0356502397
66.8675001945
66.6999836744
66.5248949449
66.3638543877
66.1719626439
65.9719032315
65.8129085837
65.6214856013
65.4221202435
65.222012013
65.0099316457
64.7965730816
64.6514815245
64.4666938021
64.262681399
64.1977059447
64.0429011469
63.8541287016
63.6624147787
63.4348609833
63.1973791908
63.015659578
62.8060526508
62.5743525738
62.4072412874
62.1956256661
61.9546020082
61.8147957615
61.5922407039
61.3501384001
61.1089789151
60.8438800533
60.5678905258
60.3309903254
60.088184123
59.8216460172
59.6054587949
59.3674327389
59.1048656078
58.9414950685
58.6858437644
58.4149351966
58.1832863702
57.9150212652
57.6417374995
57.3764387059
57.1158497362
56.8243066656
56.60302283
56.3191711657
56.0434189566
55.768982085
55.4823962689
55.1840063075
54.9528347896
54.6600560937
54.3885185252
54.1241481596
53.8318467975
53.5515604302
53.2752585199
52.9711001213
52.6836192194
52.4092228101
52.1185537175
51.8220154514
51.5282884498
51.2580054097
50.9719963526
50.7168734543
50.4459926843
50.1718841341
49.8956920506
49.615354639
49.3388249691
49.1342752952
48.9065964685
48.6671429175
48.5072739936
48.345345038
48.1562926358
47.9492175231
47.907412509
47.8041248261
47.6479484758
47.4771244879
47.3983371047
47.2625950439
47.1499645411
46.9945316551
46.8536081286
46.7029781765
46.548363679
46.3777675012
46.2105983784
46.0389351201
45.9102876406
45.8195339466
45.6940599821
45.5542327509
45.4564218479
45.3285787611
45.1996209661
45.0596889013
44.9400891285
44.8187952309
44.7130595798
44.5920192927
44.4510983971
44.3363010475
44.2188803031
44.1005765412
44.0196777749
43.9169560032
43.8089377415
43.7058396301
43.5964935331
43.4957631555
43.3676006407
43.2524488188
43.0988357349
42.9792780604
42.8773062654
42.8135451184
42.7467192616
42.6570521087
42.5686924866
42.4874702742
42.4835925627
42.4430011035
42.4430348358
42.401999587
42.3133945424
42.2312319493
42.1668167501
42.1182859509
42.0503258586
41.9898924846
41.9216841821
41.8594350965
41.7867858282
41.7086944211
41.7129040022
41.6652769467
41.6356220075
41.5869974837
41.5283915031
41.4909478562
41.3733966336
41.2656637254
41.1901857437
41.1067127238
41.0777256004
41.0294286697
41.0014972366
40.9322087153
40.8330706738
40.7585401965
40.6863713651
40.6268179057
40.5873994884
40.5372014312
40.4852874076
40.4241162032
40.3695855993
40.3279096585
40.2881668047
40.2542380828
40.1778291388
40.1126675172
40.0565332926
39.9743784436
39.9054317231
39.8759629485
39.8432321176
39.7639298674
39.6822246374
39.6325624342
39.6414933484
39.6300558885
39.5675123973
39.5146825131
39.4714758184
39.4335280062
39.3923474081
39.3365959089
39.2929299309
39.2469450121
39.1982744073
39.1531116358
39.1910037477
39.1682836006
39.1595399231
39.1351363943
39.0958210837
39.0598067137
39.0203439148
38.9676499835
38.9177919754
38.8574860026
38.8041887148
38.7436970298
38.7006647369
38.6585235789
38.6302547632
38.5960615178
38.5552574343
38.5588042928
38.5389394514
38.4905135376
38.4411015219
38.3942951802
38.334788167
38.2855674415
38.2256894325
38.1612768901
38.1026256656
38.0566452914
38.0104045287
38.0460760754
38.0218912908
37.986198716
37.9600034266
37.8936786749
37.8350524138
37.8668535325
37.8576556834
37.8126806845
37.8540752225
37.8473431646
37.8029399252
37.7584459406
37.8234764232
37.8131161011
37.7759882916
37.7307616575
37.6691934296
37.6058884901
37.5399247811
37.5010131127
37.4253004191
37.3476981967
37.2832489898
37.2156926363
37.1509587688
37.0978222817
37.1020546493
37.0639595209
36.9952874434
36.9541805797
36.9095975632
36.8468179352
36.7893875099
36.737799918
36.7305408954
36.6994720118
36.6600490454
36.6205128361
36.5878442932
36.5261957382
36.4744624665
36.4217253212
36.3655849215
36.3215440862
36.2836280834
36.2658496129
36.2561980841
36.2129617591
36.1824270794
36.1650947336
36.1775129376
36.1738408881
36.1554941886
36.1382959426
36.2122548037
36.2509850423
36.2932578528
36.3534856414
36.3857092757
36.4001399819
36.4796595527
36.5007650025
36.5051557464
36.4918484343
36.5020006062
36.4781541085
36.4618431726
36.4344274975
36.4935584263
36.4851369479
36.4690158656
36.4680366973
36.4489682186
36.4173268043
36.3773233999
36.319979721
36.3002673297
36.2713013359
36.2334750964
36.2223313458
36.1992358443
36.1749556588
36.1563974857
36.104003469
36.0729030301
36.0528594255
36.0151618658
35.9856956713
35.9774687692
35.9555246097
35.951355241
35.9497580082
35.9253129464
35.9224590402
35.900879151
35.9352409728
35.9348492722
35.8988321721
35.8695083562
35.9147421112
35.947709263
35.9679391735
35.9771041916
35.9784352187
35.9849595929
35.9623905338
35.959361271
35.9740858847
35.9618232274
35.9462100682
35.9127137822
35.8818789432
35.8485100085
35.8259161919
35.7841158825
35.7457063647
35.7212631881
35.6811505652
35.7111090503
35.7312163266
35.7309555559
35.7421394523
35.716331204
35.6861528983
35.682109609
35.6607899028
35.6773847201
35.6920936845
35.6768479918
35.6762066531
35.6610227257
35.6198024241
35.6161116333
35.5850873399
35.5753139945
35.5692880421
35.539510909
35.5242738266
35.529197212
35.5136367728
35.504199542
35.4527914745
35.3934064815
35.3553562979
35.306328081
35.2924917214
35.2820933459
35.246191207
35.2266289761
35.1807224462
35.1370995468
35.1121361087
35.0885125963
35.1179888015
35.1394123385
35.1301056183
35.1545466462
35.1738379127
35.1750506424
35.1847858716
35.1753117187
35.166028956
35.1617333198
35.1374434747
35.1199204737
35.106934651
35.0857909026
35.0669916915
35.0502789656
35.0156189681
34.992832111
34.9540052092
34.94997682
34.9419849844
34.9153499552
34.8964653264
34.941210117
34.9384638936
34.9335857939
34.8977903089
34.9154725628
34.9176036546
34.9123777752
34.9062341195
34.8844654438
34.8511328548
34.8273730907
34.7869185419
34.8050453074
34.8088625251
34.7819408957
34.7593751767
34.8173382093
34.8223998218
34.8242588535
34.8095683598
34.8206864208
34.8275214032
34.820978787
34.8157061592
34.8251622782
34.8161857448
34.8030901221
34.7780719376
34.7826004311
34.7769822639
34.7509253832
34.7281362958
34.7152807739
34.6863514163
34.6573615609
34.6155386004
34.5863667853
34.5589454716
34.5235012547
34.496404672
34.4869123548
34.4775105162
34.4555018818
34.4302790018
34.4665947755
34.4855863698
34.4830547064
34.4792735008
34.5388598996
34.5558919972
34.5623184887
34.555894685
34.542029963
34.4966825714
34.4629923483
34.4327781503
34.4503762436
34.4273037759
34.4004277004
34.3585925787
34.3188276584
34.2632246866
34.2236474671
34.1864125812
34.1550735427
34.1254872329
34.092187889
34.0648986401
34.0462593145
34.0299051227
34.0189588989
33.9961920109
33.9875981185
33.9896760799
33.9719285631
33.9846941422
33.9853700751
33.9702578821
33.9572593888
33.9441733369
33.9515966099
33.9499922513
33.9410689701
33.9374539533
33.9270084518
33.9150674074
33.9087947385
33.898921193
33.938225159
33.9518083135
33.916717767
33.9418772751
33.9467874606
33.9322652743
33.9419629693
33.9181397839
33.8986846849
33.8625607327
33.8403923585
33.8005221944
33.7831590895
33.7570263759
33.7364326489
33.7432588418
33.7318182316
33.7187903142
33.698270661
33.7341675229
33.7666531489
33.7569941839
33.7185942336
33.6971618772
33.694228177
33.6893614986
33.6689962133
33.667040063
33.6636617855
33.6530020423
33.6527077108
33.6391105854
33.613760716
33.6143609789
33.598456087
33.588461134
33.5774813933
33.5593847898
33.5429675492
33.5312215517
33.5114607219
33.4909136465
33.4609837634
33.457815153
33.4452303969
33.4220851105
33.3974078993
33.4004716214
33.3806168595
33.3629658635
33.3452815706
33.3349375165
33.3249411883
33.3011844432
33.2779721562
33.2857053347
33.2772264968
33.267011946
33.2442124586
33.229130599
33.2458744855
33.2415797776
33.2319677624
33.2079726976
33.2169442886
33.2197096515
33.2003360954
33.1982460262
33.217913771
33.2246869422
33.2317249317
33.2260840372
33.225785601
33.2195220825
33.2080606361
33.2006337816
33.2046565258
33.1935277935
33.1804916693
33.1620737333
33.1462884776
33.1254893917
33.1104212122
33.0960645617
33.1033096002
33.0853152542
33.0623802608
33.0401929625
33.0174061741
33.0356999785
33.0207914673
33.0051085066
32.9802771655
32.9962411069
33.0022341412
32.9903234322
32.983065415
32.9722752589
32.9503569489
32.9359780987
32.91808953
32.9396212363
32.9431015499
32.9301572049
32.9151303966
32.9137771133
32.8995306061
32.8868721843
32.8666103599
32.8456345367
32.8039634777
32.7773133792
32.753788638
32.7253256939
32.7005505687
32.6794598853
32.6749819602
32.6580088617
32.6467673684
32.6388075266
32.6292303575
32.6701926314
32.679288657
32.6780020248
32.6720337673
32.6658349091
32.6631779355
32.6515031405
32.6260052365
32.6424848983
32.641579836
32.6359332327
32.627520178
32.6077466956
32.6315257787
32.619111195
32.6361140816
32.6169238128
32.5878466819
32.5686838702
32.5417974943
32.5161390165
32.5187250983
32.5046016665
32.4900169603
32.4719714445
32.4588535372
32.4411832587
32.4157066841
32.3993745138
32.4133699668
32.4030555236
32.3879511861
32.3646902872
32.3127292448
32.3147567643
32.3090993333
32.2972975457
32.2844066218
32.3141175777
32.300887022
32.2916599035
32.2760802805
32.2704842236
32.2659563505
32.2619943508
32.2540304731
32.2374021
32.2643074944
32.2638525706
32.2526819114
32.2377588911
32.2335284303
32.2134808926
32.1906291475
32.1617087242
32.1439665595
32.1285681378
32.1040338282
32.083694542
32.1097291479
32.1091925423
32.1018559748
32.0885762932
