70.1247244873
70.0842756588
70.0259000921
69.9271548546
69.827430785
69.7118475796
69.6183244226
69.5194097193
69.4008878789
69.3063584789
69.1987633217
69.0752375206
68.9851378664
68.8859876676
68.7795344751
68.6925514164
68.6081173771
68.5002386797
68.472356426
68.4250667482
68.3429896341
68.2195801237
68.0737725061
67.9296894383
67.8145416984
67.6576308904
67.4927043485
67.3771585988
67.2819008657
67.1597746955
67.0791567344
66.9817813948
66.8627789341
66.8151296944
66.7463507476
66.636050154
66.4977316214
66.3314907156
66.1490372421
65.9964029271
65.807157098
65.6064527565
65.4120835834
65.1984174988
64.9810342321
64.7728020154
64.5521228882
64.327340704
64.1582979392
63.950749871
63.731422567
63.5647872432
63.4363995956
63.2343859779
63.0534111813
62.8348368372
62.5923616802
62.3744169649
62.1242407842
61.8575366587
61.6231653009
61.373637283
61.1120205481
60.8661033432
60.6001613971
60.3269623452
60.0921382287
59.826012775
59.5661571122
59.3012028448
59.0320589955
58.7398175087
58.4409069953
58.1403435906
57.8373961023
57.5341418462
57.2316226448
56.9275352628
56.6259196794
56.3256706679
56.0257954076
55.7277093568
55.4365336239
55.139585406
54.8632142341
54.5715666785
54.2861759795
54.0291734032
53.7452603524
53.4633566405
53.1739827695
52.8821095642
52.5985943256
52.2996206341
52.0071920371
51.7294034786
51.4751425558
51.1898482017
50.9204488783
50.6358566095
50.3542452554
50.0818379485
49.7979115978
49.4984804176
49.2323298469
48.9568129449
48.6981939697
48.4464731141
48.1698033254
47.947975614
47.7237427193
47.4698273688
47.2034053672
46.9644269909
46.7307908232
46.4971379358
46.3024962157
46.045401758
45.8760866897
45.7295855711
45.5554920252
45.3753885732
45.2050355649
45.0611006422
44.8807728768
44.6812446521
44.5516553481
44.389219311
44.2182882495
44.1170842475
43.9610937043
43.8644379216
43.7351574689
43.6577493697
43.5009838605
43.3471126591
43.2668531565
43.1085490789
43.0182129309
42.8524426402
42.7504577503
42.6798230237
42.5520683958
42.478089616
42.4153942041
42.2736408639
42.1684301969
42.1142811756
41.988901526
41.8639456663
41.8064581623
41.7422248982
41.6053033711
41.459450867
41.391015757
41.2923543088
41.2197327915
41.1674846625
41.0784785327
40.9606527191
40.8893221859
40.7871564417
40.6705443424
40.6068129277
40.5113639896
40.4043658949
40.3296483337
40.2085482794
40.1030020262
40.015695652
39.9561909342
39.8241779604
39.7334476337
39.6754506802
39.5558777057
39.4169988904
39.3337646063
39.2085316718
39.0892931405
39.0225122151
38.9105259453
38.8108926902
38.7419697227
38.6257324564
38.5623499015
38.5009567776
38.3701768429
38.2278721041
38.1568273206
38.0488511991
37.9305992615
37.7734044576
37.6936610192
37.5681619469
37.4847427213
37.3538612946
37.2745510765
37.1357807291
37.020402714
36.9458101514
36.8260549288
36.7192305108
36.6481078931
36.5926667503
36.4989416523
36.4036859083
36.3452958439
36.2679198128
36.2053929095
36.1444140652
36.0446539664
35.9640589271
35.9033478424
35.8291106423
35.6984853667
35.6115061559
35.5075166944
35.3914842144
35.265345824
35.1190192236
35.0189175619
34.9059796781
34.8045975239
34.7388219857
34.6535928517
34.5745941244
34.5061474598
34.4366779434
34.3655171103
34.2935320604
34.2422659691
34.1439147312
34.0602289081
33.9803656902
33.9085624281
33.8857413403
33.8253737649
33.761353945
33.6777643942
33.5938588764
33.5355258823
33.4567428678
33.3640648235
33.2996760908
33.2275819576
33.1398158748
33.0825762209
33.0384340518
32.9757201756
32.903582462
32.8352658205
32.7736218531
32.7036319356
32.6402779175
32.5330947836
32.4436281977
32.369973719
32.3285775841
32.2724806759
32.2284345128
32.1831326561
32.1529185285
32.0873645491
32.058646137
32.0153413057
31.9799143072
31.956104302
31.9317690726
31.8854887372
31.8660707635
31.8497334367
31.7763437799
31.702151638
31.6379944654
31.5496386983
31.466581292
31.4046553963
31.3451298975
31.2971340146
31.2556428053
31.1669478629
31.1064156295
31.0318755463
30.9624580421
30.9101470341
30.836695208
30.7955703979
30.7570006029
30.7356884208
30.700839295
30.6494118382
30.5994316947
30.5403864128
30.4806936323
30.4085556276
30.3485093502
30.2741127069
30.2357557299
30.1839178885
30.1080953806
30.0518931907
30.005232638
29.9614117602
29.904145603
29.8538113902
29.821929304
29.7969003947
29.7795485143
29.7389556019
29.7056504019
29.6572216762
29.6114853395
29.5838537365
29.5651959785
29.5197644668
29.4778603877
29.4161439497
29.3687735278
29.3241091639
29.3090568565
29.2825934493
29.2486184913
29.2340488993
29.1674842926
29.1189054001
29.0715488616
29.0133438973
28.9556167907
28.9120013232
28.8527502088
28.8198258107
28.7793915583
28.7640153021
28.7506215477
28.7001536147
28.6519142583
28.6229105981
28.6000377165
28.5644898849
28.5564833211
28.5118921057
28.4863012598
28.4497412192
28.4206264419
28.3865437544
28.3692200475
28.322462303
28.3134256089
28.2812259816
28.2816256395
28.2176215062
28.1712250997
28.140528868
28.0993541037
28.044191658
27.9932854439
27.973949421
27.9457643419
27.912001816
27.8645178068
27.8237756049
27.8071050333
27.7764358287
27.7682537137
27.7397395492
27.6988999926
27.685766609
27.650245568
27.6116536512
27.5584270725
27.5347100049
27.4980816411
27.4716459474
27.4407845281
27.4012967333
27.3543624118
27.2926812822
27.2377334855
27.1856042311
27.1263802514
27.1126812212
27.0727014062
27.0538679757
27.0426048502
27.0161340493
26.9958249901
26.981582257
26.9704756401
26.9639729426
26.9700245736
26.9666586235
26.9652538617
26.9312870969
26.8980361627
26.8822418874
26.860745308
26.8150210163
26.7928593292
26.7830330028
26.7763075792
26.7724586593
26.7625151598
26.7549104757
26.7316653827
26.7220730852
26.7080072644
26.6749708161
26.6310966718
26.5980945754
26.5534064261
26.5276006759
26.5047538409
26.4698964854
26.4389608106
26.4307391784
26.4134579794
26.4112634782
26.4089351859
26.4039589631
26.3794262638
26.3686577466
26.3651412019
26.3565333681
26.3467519571
26.3495579384
26.3439135124
26.3466029296
26.3501352037
26.340434686
26.3216026316
26.3110256036
26.2625107912
26.2602457206
26.2505599085
26.2492083562
26.2432313725
26.2017370654
26.1864214474
26.1548587416
26.1526539799
26.146853719
26.1108676619
26.0746566649
26.0428848534
26.0297878633
25.9865499594
25.9691494006
25.9494138108
25.9479559287
25.9323803475
25.9096576698
25.8886318958
25.8750379067
25.876594619
25.864638895
25.8515712943
25.8187276252
25.7982859582
25.7770990718
25.7077290038
25.679961188
25.6540978655
25.6419889173
25.6226784745
25.5911990994
25.5695648227
25.5611246948
25.5445376965
25.5132484498
25.5000872302
25.4803378691
25.4479768038
25.4005385074
25.3746007883
25.3479927531
25.3216736449
25.3215731901
25.3123212385
25.2992416705
25.2881659462
25.2715584364
25.2586836592
25.2279459922
25.2045293106
25.1897272542
25.163388142
25.1630385259
25.1552290927
25.1523401318
25.1450805916
25.1339930946
25.130289709
25.1121269478
25.1011580006
25.1012694193
25.1080612084
25.1018936613
25.0697949826
25.0609322438
25.0471925607
25.0348633453
25.0188156317
24.9835059716
24.9623611159
24.9482835924
24.9464096895
24.939765092
24.9253147776
24.8916448152
24.8655007245
24.8441592607
24.8286944332
24.8180956451
24.8065324259
24.7955622567
24.7905839881
24.7811267335
24.7807911924
24.781709099
24.7761206853
24.7693583555
24.7663728977
24.7569819119
24.7517427828
24.7418400109
24.7353861935
24.7346004371
24.7233569546
24.7203641484
24.7109362442
24.7010149794
24.6693870705
24.6531911492
24.6372948425
24.61062702
24.5786433888
24.5641377193
24.5600605675
24.5598731147
24.5160757341
24.499683011
24.4926015672
24.4819857755
24.4802559758
24.4543832833
24.4387129117
24.424138192
24.4211044373
24.3830476571
24.3731761204
24.365725248
24.3564138144
24.3441319568
24.3593279745
24.3522743203
24.3300060696
24.3077214599
24.2860138553
24.2708736919
24.2671635389
24.2758596256
24.2753253713
24.2844767636
24.2754440016
24.266071829
24.2612197078
24.2392692091
24.2240766889
24.2135215323
24.2115970689
24.199964039
24.1802802494
24.1771126188
24.1713514244
24.1618338872
24.1655257885
24.1757016596
24.1656097334
24.1661629142
24.1582461657
24.1439578902
24.1300228256
24.1148255933
24.1018394725
24.0852054994
24.0791959287
24.0631779423
24.0458368271
24.0295123355
24.0102688092
23.9938509644
23.9480357864
23.941280514
23.9334828032
23.9350117994
23.9437102005
23.9366380136
23.9272000651
23.9290396259
23.9242215635
23.9149093019
