0.00301767 0.00330321 0.00283649
0.00289068 0.00291789 0.00264581
0.0031876 0.00283302 0.00281654
0.00344152 0.00287222 0.0028682
0.00314149 0.00312494 0.00312202
0.00315331 0.00314142 0.00305395
0.00303585 0.0030218 0.00304297
0.00327453 0.00321255 0.00321191
0.00332232 0.00320636 0.00322007
0.0036783 0.00321558 0.00318971
0.00280938 0.00298566 0.00289742
0.00268968 0.00270386 0.00262377
0.00253742 0.00250612 0.00253486
0.00312431 0.00243466 0.00246432
0.00233166 0.00231959 0.002342
0.00240153 0.00230409 0.00233037
0.0028565 0.00259755 0.00258288
0.00290759 0.0025016 0.00246113
0.002493 0.0024077 0.00241746
0.00244358 0.00231361 0.00236413
0.00252781 0.00258824 0.00248008
0.00248212 0.00237912 0.00232597
0.00274733 0.00229725 0.00248877
0.00241392 0.0022784 0.00227226
0.0023617 0.00235749 0.00242651
0.0023112 0.00229251 0.00227373
0.0024216 0.0022183 0.00220093
0.00270301 0.00221363 0.0021801
0.00272094 0.00227624 0.00218708
0.00265991 0.00201322 0.00203535
0.00235799 0.00219798 0.00212825
0.00244207 0.00218137 0.00214457
0.00201827 0.00204225 0.00203418
0.00229926 0.00207448 0.00201192
0.00244951 0.00236145 0.00206524
0.00244371 0.00202802 0.00211199
0.00227619 0.0021141 0.00207166
0.0028459 0.0023446 0.00236485
0.00234898 0.00215044 0.00221452
0.00235641 0.00204533 0.00203049
0.00246102 0.00240463 0.00229121
0.00233135 0.00224803 0.00217201
0.00243938 0.00222031 0.00219911
0.00275219 0.00236598 0.00224727
0.00221411 0.00195857 0.00198969
0.00258029 0.00197018 0.00224957
0.00262213 0.00224846 0.00225165
0.00191018 0.00177267 0.00193325
0.00257156 0.00208309 0.00202626
0.00274163 0.00235623 0.00188605
0.00253832 0.00194622 0.00193663
0.00216469 0.00189037 0.00185892
0.00207728 0.00206852 0.0020661
0.00215516 0.00198304 0.00211901
0.00205459 0.00190675 0.00184538
0.00253002 0.00227938 0.00213153
0.00214392 0.00216055 0.00211492
0.002137 0.00204832 0.00200354
0.00253036 0.00256398 0.0021697
0.00224472 0.00220864 0.00210142
0.00216846 0.00206508 0.00205755
0.00219023 0.00211063 0.00207919
0.00230621 0.00186786 0.00185324
0.0017745 0.00194218 0.00190601
0.00239217 0.00211653 0.00188222
0.00216275 0.00208464 0.00215338
0.00207824 0.00184644 0.00182536
0.0023202 0.00179734 0.00181048
0.00249217 0.00180326 0.00163573
0.00185617 0.00164789 0.00163212
0.00183543 0.00171743 0.00173258
0.00181911 0.00169687 0.00167565
0.00184459 0.00184135 0.00182536
0.0026745 0.00183604 0.00177628
0.00194185 0.00180993 0.00180241
0.0020003 0.00178722 0.00180216
0.00288879 0.0018201 0.00178399
0.0017393 0.00163919 0.0016109
0.00174835 0.0015666 0.00158352
0.00268632 0.00200584 0.00178734
0.00276719 0.0017147 0.00170748
0.00176971 0.0016422 0.00162958
0.00223894 0.00218787 0.0018736
0.0018272 0.0017585 0.00171838
0.00187583 0.00162294 0.00160463
0.00226145 0.00212034 0.00170984
0.00172273 0.00175919 0.00172493
0.00175384 0.00167769 0.00170724
0.00184907 0.00159519 0.00166458
0.00192521 0.00158297 0.0015615
0.00161053 0.00165159 0.00168641
0.00182014 0.00177916 0.00180664
0.00164906 0.00180449 0.00177207
0.00166108 0.00182129 0.00182064
0.0017734 0.00176565 0.0018253
0.00189206 0.00188051 0.00184399
0.00172348 0.00175333 0.00176435
0.00171727 0.0017701 0.00170645
0.00183209 0.00185856 0.00185323
0.00168327 0.0017576 0.00169873
0.00173606 0.00171518 0.00168938
0.00179226 0.0018895 0.00184488
0.00157571 0.00160526 0.00166038
0.00180462 0.00170829 0.00177596
0.00183701 0.00185081 0.00170009
0.00162298 0.00160587 0.00163872
0.00188922 0.00190012 0.0017954
0.00182554 0.00179398 0.00174759
0.00184555 0.00176627 0.00180759
0.00182573 0.00175005 0.00173787
0.0017511 0.00178391 0.00180512
0.00191025 0.00200644 0.00195771
0.00190324 0.00175244 0.00179848
0.00198369 0.00198986 0.00192104
0.00184571 0.00177562 0.00173723
0.00201823 0.00174936 0.00179599
0.00196686 0.00206095 0.00197645
0.00206107 0.00192539 0.00199682
0.00210735 0.00217394 0.00211247
0.00212897 0.00216023 0.00204351
0.00205272 0.00206097 0.00202663
0.00216307 0.00211381 0.00210203
0.00196552 0.00220015 0.00214415
0.0021623 0.00200001 0.00206655
0.00207821 0.00191051 0.00200467
0.00212642 0.00199537 0.00209355
0.00219582 0.00212052 0.00207621
0.00213844 0.00200278 0.00209436
0.00218061 0.00222902 0.00207552
0.00206317 0.00196372 0.00193956
0.00198362 0.00205841 0.00201317
0.00202436 0.00206172 0.00189226
0.00181397 0.00190054 0.00184936
0.00210741 0.00193829 0.00213148
0.00198841 0.00224327 0.00218857
0.00199159 0.00194243 0.00191757
0.00216031 0.00214856 0.00213624
0.0022052 0.00197966 0.00211535
0.00209539 0.00223365 0.00210011
0.00207157 0.00190001 0.00210454
0.00213888 0.0021246 0.00208272
0.00216989 0.00219486 0.0021261
0.00211315 0.00188425 0.00193592
0.00194592 0.00185293 0.0018674
0.0020318 0.00198226 0.00192793
0.00222966 0.00196505 0.0020286
0.00194091 0.0020474 0.00198877
0.00228647 0.00203121 0.00209609
0.00221614 0.00190949 0.00212138
0.00193635 0.00181079 0.00171922
0.00186909 0.00175717 0.00171933
0.00195776 0.00184081 0.00183296
0.0022633 0.00226895 0.00206054
0.00231787 0.00221182 0.0022311
0.00216922 0.0020253 0.0019603
0.00232499 0.00220001 0.0020524
0.00225904 0.00237818 0.001944
0.00228876 0.00251868 0.00248661
0.00295781 0.00235906 0.00248955
0.00253767 0.00241523 0.0020324
0.00251401 0.00254738 0.0026178
0.00251495 0.00208245 0.00203903
0.00240664 0.00249889 0.00237421
0.00253757 0.00248815 0.00220511
0.00202865 0.00211199 0.00168345
0.00253264 0.00249815 0.0024388
0.00197654 0.0016817 0.00134508
0.00221844 0.00221009 0.00174667
0.00194507 0.00190081 0.00245041
0.00207244 0.00188071 0.00172217
0.00242111 0.00181961 0.00231471
0.00154737 0.00145503 0.00181101
0.00130485 0.00154001 0.00121236
0.00180535 0.00197514 0.00155639
0.00173639 0.00173076 0.00161881
0.00158211 0.00170138 0.00150733
0.00191386 0.00176896 0.00159093
0.00179107 0.00173098 0.00136761
0.00229665 0.00173752 0.00212688
0.00180127 0.0018662 0.00161563
0.00201055 0.0017221 0.00160041
0.00214061 0.00192933 0.00205981
0.00199781 0.00185817 0.00192368
0.00182347 0.00178155 0.00168657
0.00200293 0.00237086 0.00193394
0.00200253 0.00204607 0.00175051
0.00200735 0.00142095 0.00172318
0.00192515 0.00192515 0.00201023
0.00223626 0.00223626 0.00202124
0.00168787 0.00168787 0.00229545
0.00245287 0.00245287 0.00228812
0.0018508 0.0018508 0.00182865
0.00218428 0.00218428 0.00194901
0.00213397 0.00213397 0.00161626
0.00194295 0.00194295 0.00195894
0.00207061 0.00207061 0.00234997
0.002178 0.002178 0.00177062
0.00232005 0.00232005 0.00216972
0.00198028 0.00198028 0.00188124
0.00207487 0.00207487 0.00221244
0.00134546 0.00134546 0.00164242
0.00219904 0.00219904 0.00233522
0.00226188 0.00226188 0.00241987
0.00170707 0.00170707 0.0020806
0.00183584 0.00183584 0.00223321
0.00212886 0.00212886 0.00191589
0.00250032 0.00250032 0.00154295
0.00215312 0.00215312 0.0022945
0.00212072 0.00212072 0.00168106
0.00210701 0.00210701 0.00196604
0.00265691 0.00265691 0.00209717
0.00251806 0.00251806 0.00242547
0.00249405 0.00249405 0.00204002
0.00222062 0.00222062 0.00186649
0.0026275 0.0026275 0.00243967
0.00197108 0.00197108 0.00171735
0.00226328 0.00226328 0.00234799
0.00165817 0.00165817 0.00239439
0.00133124 0.00133124 0.00152192
0.00266699 0.00266699 0.00181779
0.00236239 0.00236239 0.00243709
0.00178176 0.00178176 0.0021502
0.00133912 0.00133912 0.00204718
0.00237315 0.00237315 0.00203657
0.00234631 0.00234631 0.00235567
0.00190439 0.00190439 0.00226496
0.00168112 0.00168112 0.0020859
0.00238936 0.00238936 0.00277647
0.00221882 0.00221882 0.0021905
0.00205416 0.00205416 0.00210835
0.00203489 0.00203489 0.00183233
0.00131533 0.00131533 0.00164556
0.00196227 0.00196227 0.00201826
0.00259477 0.00259477 0.00193696
0.00218975 0.00218975 0.00216654
0.00195704 0.00195704 0.00168141
0.0009832 0.0009832 0.00141912
0.00135187 0.00135187 0.00186103
0.00178102 0.00178102 0.002059
0.00197623 0.00197623 0.00175528
0.00126193 0.00126193 0.00156703
0.00158642 0.00158642 0.0019545
0.00179965 0.00179965 0.00222081
0.00169366 0.00169366 0.00205389
0.00109146 0.00109146 0.0015862
0.00162077 0.00162077 0.00159464
0.0014414 0.0014414 0.00192339
0.00199879 0.00199879 0.00227025
0.00170294 0.00170294 0.00181059
0.0016121 0.0016121 0.00162406
0.00151647 0.00151647 0.00200612
0.00169509 0.00169509 0.00128944
0.00180389 0.00180389 0.00192271
0.00156104 0.00156104 0.00160363
0.00129617 0.00129617 0.0016497
0.0014027 0.0014027 0.00145191
0.0017632 0.0017632 0.00153348
0.00117851 0.00117851 0.00182958
0.00229246 0.00229246 0.00238923
0.00243487 0.00243487 0.00168912
0.00211732 0.00211732 0.00191144
0.00239558 0.00239558 0.00165582
0.00175836 0.00175836 0.00131914
0.00211727 0.00211727 0.00186933
0.00108854 0.00108854 0.00180612
0.00131229 0.00131229 0.00224065
0.00203043 0.00203043 0.00147769
0.00173469 0.00173469 0.00155463
0.00151992 0.00151992 0.00218181
0.00234666 0.00234666 0.00120619
0.00238603 0.00238603 0.00163682
0.00203022 0.00203022 0.0012961
0.00135551 0.00135551 0.00187663
0.00217893 0.00217893 0.00151243
0.00180336 0.00180336 0.00157246
0.00173038 0.00173038 0.00139228
0.00231503 0.00231503 0.0015291
0.00146874 0.00146874 0.00138781
0.00199303 0.00199303 0.00186609
0.0017317 0.0017317 0.00160337
0.00204898 0.00204898 0.00158681
0.00181239 0.00181239 0.00201404
0.00218492 0.00218492 0.00188506
0.00190271 0.00190271 0.00134939
0.00202101 0.00202101 0.00183774
0.00178049 0.00178049 0.00189374
0.00243899 0.00243899 0.00166027
0.00198851 0.00198851 0.00194232
0.00196066 0.00196066 0.00167102
0.002309 0.002309 0.00205199
0.00194308 0.00194308 0.00160639
0.00172754 0.00172754 0.00170433
0.00170031 0.00170031 0.00149047
0.00213041 0.00213041 0.00218872
0.00189488 0.00189488 0.00187621
0.00209602 0.00209602 0.00139824
0.00169046 0.00169046 0.00180116
0.00204024 0.00204024 0.00112234
0.00195536 0.00195536 0.00167541
0.00182073 0.00182073 0.00129343
0.00181923 0.00181923 0.00148541
0.00203529 0.00203529 0.00151295
0.00192902 0.00192902 0.00186995
0.0020826 0.0020826 0.00154986
0.00187016 0.00187016 0.00165121
0.00162266 0.00162266 0.00155634
0.00204314 0.00204314 0.00175695
0.00175468 0.00175468 0.00203919
0.00164457 0.00164457 0.00151708
0.00192261 0.00192261 0.00176586
0.00155811 0.00155811 0.00149707
0.00151341 0.00151341 0.0014964
0.00163716 0.00163716 0.00146064
0.00209668 0.00209668 0.00172381
0.0022592 0.0022592 0.00180545
0.00183829 0.00183829 0.00152287
0.00234334 0.00234334 0.00217308
0.00225414 0.00225414 0.00161438
0.00200059 0.00200059 0.00172215
0.00202608 0.00202608 0.00182244
0.0017236 0.0017236 0.00181348
0.0015828 0.0015828 0.00163221
0.00228522 0.00228522 0.00205274
0.00218386 0.00218386 0.00160555
0.00158287 0.00158287 0.00124666
0.00190561 0.00190561 0.00187597
0.00207618 0.00207618 0.00173313
0.00183559 0.00183559 0.0015876
0.00207451 0.00207451 0.00159907
0.00213334 0.00213334 0.00172103
0.00209178 0.00209178 0.00205395
0.00207987 0.00207987 0.00153473
0.00216897 0.00216897 0.00203327
0.00167249 0.00167249 0.00162186
0.00104032 0.00104032 0.00111779
0.00131133 0.00131133 0.0010974
0.00194716 0.00194716 0.00144551
0.0016666 0.00149414 0.00186222
0.00215138 0.00162347 0.00176207
0.00177304 0.00155589 0.00171593
0.00212924 0.00157604 0.00180143
0.0018341 0.00138094 0.00178973
0.00189015 0.00181436 0.00190561
0.0016581 0.0018273 0.00184174
0.00134565 0.00108684 0.0011948
0.00145901 0.00184381 0.00178464
0.00195548 0.00162916 0.00178774
0.00131003 0.00122834 0.00143716
0.0019327 0.0020822 0.00179179
0.00209751 0.00164104 0.00169766
0.00169485 0.00180269 0.00166974
0.00177841 0.00161703 0.00172495
0.00151955 0.00159928 0.00183528
0.00150817 0.00177647 0.00147246
0.00208123 0.00122135 0.00171684
0.00191819 0.00157974 0.00177899
0.00170643 0.00162406 0.00169455
0.00212329 0.0020729 0.00222376
0.00181521 0.00176902 0.00150546
0.0015962 0.0014667 0.00160868
0.00186323 0.00164668 0.00170538
0.00173648 0.0015627 0.00110175
0.00148503 0.00139104 0.00127539
0.0014051 0.00117496 0.00111412
0.00206776 0.0017851 0.00196869
0.00175014 0.00142253 0.00170665
0.00173063 0.00141523 0.00169742
0.00203641 0.00208158 0.00201228
0.00177151 0.00142692 0.00133367
0.00121663 0.00114803 0.00144037
0.00173403 0.00154063 0.00156604
0.00100369 0.00100562 0.00138958
0.00146799 0.00125325 0.0013005
0.00107388 0.00106492 0.00124232
0.00121747 0.00115592 0.00171617
0.00127095 0.00151242 0.00130632
0.00170723 0.00150529 0.00122877
0.00183446 0.00165074 0.00161537
0.00204345 0.001991 0.00183289
0.00194465 0.00162353 0.00148331
0.00127809 0.00185799 0.00141249
0.00158172 0.00180785 0.00136354
0.00179604 0.00122223 0.00159448
0.00171726 0.00159473 0.00148539
0.00165344 0.00175782 0.00178529
0.00116683 0.00169336 0.00141176
0.00184362 0.00150926 0.00160901
0.00132819 0.00137218 0.00107527
0.0014348 0.0013046 0.00123333
0.00168396 0.00170443 0.00168254
0.00124182 0.00139921 0.00121537
0.00143376 0.00138201 0.00127468
0.00173079 0.00150876 0.0015982
0.00151772 0.00118913 0.00115981
0.00168512 0.00163937 0.00108341
0.00167696 0.00139091 0.00134573
0.00128407 0.00108996 0.0012862
0.00100902 0.0012698 0.00137081
0.00157959 0.00133261 0.00149488
0.00113919 0.00133617 0.00109345
0.00121157 0.00165639 0.00132578
0.000919419 0.00121404 0.00111448
0.00128879 0.00100363 0.00120663
0.00147328 0.00109513 0.00145514
0.00154388 0.00135689 0.00164766
0.00157229 0.00165274 0.00145184
0.00122238 0.00169064 0.00131841
0.0018735 0.00190599 0.00145087
0.00144035 0.00117179 0.00149356
0.00154956 0.00163678 0.00142009
0.00129414 0.00148902 0.00125724
0.00149416 0.00135982 0.00138921
0.00158583 0.00154312 0.00150098
0.00112875 0.00124232 0.00109196
0.00159565 0.0017754 0.00178847
0.00178795 0.00169857 0.00195969
0.00167908 0.00176619 0.00167958
0.00121004 0.00177134 0.00174262
0.00106313 0.0018183 0.00128056
0.00151872 0.00135378 0.00167778
0.0017532 0.00166962 0.00163951
0.00113338 0.00161203 0.0016438
0.0015648 0.00167492 0.00175892
0.0016853 0.0014802 0.00176934
0.00140875 0.00124741 0.00143095
0.00165868 0.00175979 0.00199955
0.00167437 0.00182399 0.00142687
0.00192497 0.00201226 0.00261133
0.00146331 0.0014597 0.0016881
0.00118571 0.00187755 0.00117853
0.00134707 0.0012769 0.0013451
0.00130201 0.00169441 0.00140781
0.00103675 0.00095272 0.00123057
0.00108313 0.00128002 0.00102841
0.00117732 0.00124862 0.00132805
0.00146069 0.00124112 0.00142438
0.00128458 0.00134804 0.00168258
0.00153836 0.00149982 0.00178062
0.00181231 0.00146554 0.00179009
0.00139058 0.00200524 0.00177671
0.00156864 0.0017043 0.00152466
0.000933116 0.00151235 0.00171959
0.00147535 0.00125179 0.00146601
0.00130811 0.00134569 0.00111366
0.00145142 0.00134918 0.00112194
0.0011343 0.00105029 0.00115701
0.00127815 0.00123012 0.00118418
0.00120761 0.00122181 0.00129707
0.00115907 0.00160258 0.001239
0.000891004 0.000972214 0.000882576
0.00117582 0.000913041 0.00118176
0.00127701 0.00116558 0.000692379
0.000816176 0.00131834 0.000811094
0.00120435 0.00149023 0.00133836
0.0012473 0.0010812 0.00096811
0.00163639 0.000861039 0.00122076
0.00130603 0.000874602 0.00115564
0.00140664 0.000939919 0.00136014
0.00140518 0.00122699 0.00119688
0.000808341 0.0010729 0.00106255
0.00156917 0.000944099 0.00106021
0.00107155 0.00162395 0.00091413
0.000784861 0.00108379 0.00106788
0.000794733 0.00139138 0.00116532
0.00095438 0.00101651 0.000813768
0.000887927 0.000978633 0.000856648
0.0014922 0.00141169 0.000973699
0.00115267 0.000791966 0.00135722
0.00110133 0.0011058 0.000984786
0.00140872 0.000933877 0.000959227
0.00141952 0.000961113 0.000909205
0.00112541 0.00105891 0.00100675
0.00126424 0.000892795 0.000983761
0.000920616 0.000642364 0.000941749
0.00134975 0.00102741 0.00103714
0.000735139 0.000887533 0.000882181
0.000980739 0.00068797 0.00075185
0.0012314 0.00139568 0.00115957
0.000753571 0.000859342 0.000831337
0.00174915 0.000755544 0.0011514
0.00104152 0.000871935 0.000889287
0.000967254 0.000758607 0.00114933
0.000908183 0.00111516 0.000959795
0.00130629 0.00103318 0.00107915
0.0013876 0.00137218 0.000896326
0.00101145 0.00123983 0.00111459
0.00135767 0.000907032 0.00109539
0.00136152 0.0014 0.00113289
0.00102137 0.00139736 0.0011509
0.000924349 0.00116416 0.00116589
0.00100497 0.00165189 0.00131012
0.000988904 0.00112594 0.00112178
0.00132833 0.000788569 0.000808093
0.00158496 0.00137645 0.00124586
0.00141274 0.00135243 0.00109284
0.00112763 0.0012846 0.00152446
0.00123915 0.00148888 0.0014304
0.00158061 0.00164479 0.00155522
0.0014476 0.00137019 0.00153797
0.0013487 0.00148064 0.00152942
0.00151067 0.00128047 0.00116235
0.00138448 0.00121825 0.00117458
0.00125186 0.00129913 0.00107548
0.00143551 0.00146927 0.000776993
0.00154943 0.0010849 0.00147109
0.00118591 0.00136303 0.00120949
0.00109009 0.00142214 0.00123449
0.00116432 0.000957944 0.0012574
0.00119921 0.00133467 0.00131396
0.00120698 0.00112677 0.00117505
0.00127736 0.0015565 0.00135284
0.00126369 0.00125118 0.00116133
0.0010059 0.00111041 0.00133912
0.00146368 0.00145013 0.00151452
0.00117553 0.00157973 0.00158121
0.000777576 0.00111187 0.00094222
0.00105723 0.00121554 0.00129573
0.00150982 0.000824153 0.000967026
0.000918236 0.00087126 0.000873219
0.000884661 0.000876011 0.00104498
0.00105877 0.00171053 0.00123416
0.00115291 0.00142016 0.00108466
0.00130972 0.00107671 0.00124519
0.00093287 0.0011923 0.000869823
0.000908141 0.00113551 0.000772473
0.000970172 0.00135965 0.00142036
0.00104534 0.000915158 0.00110933
0.00115416 0.00101373 0.000865125
0.00103774 0.00104703 0.000781628
0.00123747 0.00174215 0.000849026
0.0013171 0.00130464 0.00109401
0.00196558 0.00125681 0.00169961
0.00141729 0.00166851 0.00120239
0.00116812 0.00153466 0.00140991
0.00155589 0.00113314 0.00104885
0.0008438 0.00122902 0.00100554
0.00103891 0.000937931 0.000809441
0.00110513 0.0010218 0.00112905
0.00114317 0.00156916 0.00100633
0.00129303 0.00124176 0.00112903
0.00133259 0.00128502 0.0012722
0.00148535 0.00132291 0.0010195
0.00135089 0.00103869 0.0008933
0.00124235 0.00149615 0.00104642
0.00151858 0.00132732 0.00100534
0.00106251 0.00115358 0.00112577
0.00118911 0.00131366 0.00099067
0.00133845 0.00115065 0.000927291
0.00136141 0.00129636 0.00124111
0.00113565 0.00111027 0.00115501
0.00111846 0.000992357 0.00138693
0.000989634 0.0012574 0.000985749
0.000814284 0.00104702 0.00116291
0.00123455 0.00147111 0.00111341
0.00146416 0.00104458 0.00113302
0.00116529 0.00123302 0.00120344
0.00122581 0.00128024 0.000844416
0.00112956 0.00107917 0.000971913
0.00167788 0.00098109 0.000797531
0.000709643 0.000630165 0.000821164
0.000708451 0.000721321 0.000842693
0.00101539 0.00152415 0.000703071
0.001195 0.000872621 0.00118502
0.000903861 0.00108617 0.000811448
0.00107315 0.00131334 0.00105751
0.00135855 0.00106512 0.00114627
0.00131628 0.00112108 0.00119925
0.000944271 0.00074692 0.000847877
0.00109554 0.00106738 0.00101637
0.000883982 0.000514803 0.00108329
0.00152158 0.00105524 0.00118744
0.00127864 0.00133401 0.00105112
0.000823567 0.00096915 0.00108807
0.000828928 0.00109243 0.000971432
0.00112922 0.0014562 0.000907394
0.00135065 0.00136852 0.00147815
0.001207 0.000789291 0.000972472
0.000911713 0.00103503 0.00147837
0.00107732 0.00120966 0.00110346
0.000904869 0.000832952 0.000947325
0.00139058 0.00126631 0.000921256
0.00132776 0.00110045 0.000870776
0.00106843 0.0012261 0.00126675
0.00105645 0.00135154 0.00117262
0.00115834 0.00108827 0.00107997
0.0010696 0.000894935 0.00104239
0.000980926 0.00115389 0.000982872
0.000925404 0.00134341 0.000796229
0.000826104 0.00124746 0.000800384
0.00115555 0.00134663 0.00105084
0.00107131 0.00116857 0.000911547
0.00102283 0.00133013 0.000973232
0.00120704 0.0012447 0.00128654
0.000845619 0.000965034 0.000866084
0.0009056 0.00139515 0.00102948
0.000888508 0.000765608 0.000936752
0.00109175 0.000998333 0.00103998
0.00113385 0.00133192 0.00103096
0.00142775 0.00107595 0.00128369
0.0016579 0.00111763 0.00142299
0.00120434 0.00138998 0.000999752
