0.519301 0.519253 0.519193
0.513783 0.51368 0.51361
0.507852 0.507926 0.507629
0.501412 0.500912 0.500957
0.489611 0.489402 0.489364
0.4219 0.42209 0.421994
0.416508 0.416458 0.416442
0.876724 0.876394 0.876569
0.635241 0.635145 0.635284
0.577145 0.576848 0.577015
0.547439 0.547214 0.547248
0.51183 0.512049 0.51191
0.479514 0.479433 0.479507
0.445382 0.445227 0.445109
0.529117 0.529051 0.528953
0.512894 0.512677 0.512724
0.44962 0.449444 0.449437
0.418551 0.418474 0.418436
0.377821 0.37787 0.377733
0.350717 0.350642 0.35065
0.317376 0.31738 0.317376
0.648201 0.648238 0.648254
0.804198 0.804328 0.804326
0.710164 0.710127 0.710177
0.6747 0.674794 0.674766
0.695274 0.695323 0.695261
0.63318 0.633189 0.633193
0.571286 0.571354 0.571279
0.546971 0.546924 0.546924
0.537406 0.537377 0.537359
0.477927 0.478011 0.477948
0.434349 0.434346 0.434319
0.439775 0.439817 0.43972
0.428055 0.42803 0.428037
0.485406 0.485288 0.485273
0.643342 0.643406 0.643458
0.640348 0.640403 0.64039
0.574249 0.574415 0.574354
0.534806 0.534905 0.534837
0.378043 0.377976 0.378128
0.377519 0.377526 0.37765
0.368959 0.369178 0.369063
0.358788 0.358846 0.358815
0.333057 0.333513 0.333211
0.308135 0.30818 0.308106
0.3307 0.330669 0.330808
0.360357 0.360416 0.3606
0.471358 0.47135 0.471418
0.363405 0.36338 0.363469
0.366348 0.366464 0.366492
0.324656 0.324742 0.324693
0.272895 0.27295 0.272986
0.278605 0.278601 0.278566
0.236155 0.236032 0.235925
0.20341 0.203153 0.203033
0.196674 0.196912 0.196534
0.185118 0.184998 0.185154
0.251185 0.250868 0.251271
0.24716 0.246755 0.247312
0.346832 0.346711 0.346849
0.300388 0.300457 0.300456
0.241153 0.241069 0.241201
0.236703 0.236641 0.236766
0.259067 0.259116 0.259017
0.266012 0.26631 0.266005
0.235779 0.235895 0.235827
0.228484 0.228526 0.228667
0.246184 0.246252 0.24638
0.231735 0.231781 0.231802
0.169478 0.169581 0.169696
0.164214 0.164245 0.164421
0.14459 0.144624 0.144875
0.183667 0.183888 0.183846
0.235152 0.235121 0.235045
0.189485 0.189642 0.189507
0.204982 0.204815 0.204926
0.294744 0.294907 0.294762
0.283324 0.28333 0.283242
0.269096 0.269234 0.269083
0.24435 0.24425 0.24423
0.201816 0.201701 0.201806
0.133594 0.133356 0.133659
0.120656 0.120488 0.120864
0.10729 0.10707 0.107524
0.154604 0.154687 0.154627
0.171503 0.17166 0.171382
0.166248 0.16677 0.166156
0.165722 0.16564 0.165539
0.197643 0.197723 0.197571
0.199949 0.199951 0.199832
0.320067 0.320282 0.320076
0.302711 0.302674 0.302697
0.21999 0.219973 0.220011
0.161707 0.162148 0.162481
0.140007 0.139687 0.139906
0.131105 0.130864 0.131178
0.1475 0.147636 0.147797
0.160463 0.160511 0.160479
0.176699 0.17675 0.176638
0.150062 0.150151 0.149642
0.157422 0.157323 0.157222
0.187775 0.188161 0.187812
0.256529 0.256471 0.256491
0.25355 0.253658 0.253393
0.216063 0.216086 0.216017
0.188526 0.188525 0.188565
0.138125 0.138031 0.138155
0.136702 0.136682 0.137005
0.113549 0.113413 0.113633
0.148017 0.148143 0.148054
0.135303 0.135403 0.135178
0.132647 0.132787 0.132649
0.160621 0.160991 0.160659
0.175304 0.175318 0.17531
0.243664 0.243733 0.24366
0.284249 0.284223 0.284248
0.183748 0.183718 0.183783
0.114904 0.114737 0.115416
0.114481 0.114442 0.114928
0.123934 0.123831 0.124079
0.131898 0.131785 0.131962
0.124819 0.124706 0.125273
0.128046 0.127711 0.12811
0.126081 0.12622 0.126418
0.129801 0.129524 0.129706
0.106829 0.107045 0.106995
0.12277 0.122879 0.12292
0.131241 0.131173 0.131098
0.152426 0.152322 0.152314
0.197778 0.19787 0.197771
0.212326 0.21231 0.212292
0.19243 0.192394 0.192388
0.140487 0.140111 0.140405
0.10767 0.107563 0.107908
0.11092 0.111374 0.111753
0.135163 0.134917 0.135415
0.117026 0.116864 0.117847
0.0998337 0.0996074 0.100118
0.112199 0.11195 0.112388
0.113778 0.113854 0.113986
0.110286 0.110247 0.11032
0.120491 0.120518 0.120526
0.162511 0.162475 0.162466
0.176441 0.176434 0.176273
0.248816 0.248816 0.247601
0.122655 0.122655 0.122835
0.111191 0.111191 0.111548
0.110678 0.110678 0.110994
0.10725 0.10725 0.10791
0.114027 0.114027 0.11468
0.104421 0.104421 0.105135
0.106252 0.106252 0.106971
0.0958942 0.0961001 0.0963981
0.0959565 0.0959565 0.0961795
0.0956868 0.0956868 0.0959537
0.0930109 0.0930109 0.0929007
0.0945895 0.0945895 0.0945266
0.0947397 0.0947397 0.0946212
0.100085 0.100085 0.0998638
0.10343 0.10343 0.103156
0.110003 0.110003 0.109707
0.110722 0.110722 0.110429
0.130937 0.130937 0.130645
0.129659 0.129659 0.129371
0.133503 0.133503 0.133177
0.154866 0.154866 0.154438
0.160428 0.160428 0.160106
0.189482 0.189482 0.188952
0.179126 0.179126 0.178732
0.173642 0.173642 0.173251
0.161606 0.161606 0.16135
0.150964 0.150964 0.150648
0.150159 0.150159 0.149793
0.145038 0.145038 0.144989
0.124593 0.124593 0.124603
0.120867 0.120867 0.120795
0.118967 0.118967 0.118925
0.0970077 0.0970077 0.0970941
0.104932 0.104932 0.105081
0.0968784 0.0968784 0.0969569
0.0893784 0.0893784 0.0895488
0.0893801 0.0893801 0.0895443
0.0889066 0.0889066 0.0890883
0.0826782 0.0826782 0.0829329
0.088106 0.088106 0.088406
0.08758 0.08758 0.087892
0.0871866 0.0871866 0.0874772
0.0852454 0.0852454 0.0855264
0.0854644 0.0854644 0.085734
0.0869447 0.0869447 0.0871927
0.0934014 0.0934014 0.0936245
0.0919741 0.0919741 0.0922007
0.0912866 0.0912866 0.0914869
0.0940294 0.0940294 0.0942486
0.0849604 0.0849604 0.0850792
0.0845748 0.0845748 0.0846741
0.0874647 0.0874647 0.0875449
0.0827908 0.0827908 0.0828723
0.0775911 0.0775911 0.0776429
0.0862237 0.0862237 0.0861949
0.0838215 0.0838215 0.0837604
0.080229 0.080229 0.0802374
0.0835261 0.0835261 0.083499
0.0822684 0.0822684 0.0822839
0.0831892 0.0831892 0.0830848
0.0833438 0.0833438 0.0832534
0.0834292 0.0834292 0.0833453
0.0823705 0.0823705 0.0822813
0.0826488 0.0826488 0.0824863
0.0852551 0.0852551 0.0850872
0.083222 0.083222 0.0830375
0.0843606 0.0843606 0.0842059
0.090177 0.090177 0.0899633
0.0893441 0.0893441 0.0891385
0.0896265 0.0896265 0.0894546
0.0913039 0.0913039 0.0910256
0.0913188 0.0913188 0.0911149
0.0941961 0.0941961 0.0939382
0.0941353 0.0941353 0.0938837
0.0962046 0.0962046 0.0959109
0.0929297 0.0929297 0.0926065
0.0986826 0.0986826 0.0984281
0.10158 0.10158 0.101355
0.102201 0.102201 0.102001
0.103406 0.103406 0.103216
0.0921157 0.0921157 0.0919591
0.0929697 0.0929697 0.0927812
0.0926291 0.0926291 0.0924494
0.0817944 0.0817944 0.0817499
0.0799072 0.0799072 0.0799268
0.0810522 0.0810522 0.0810847
0.0730404 0.0730404 0.0732209
0.0825383 0.0825383 0.0828273
0.0825041 0.0825041 0.0827511
0.0821422 0.0821422 0.0822928
0.0810015 0.0810015 0.0814623
0.0793902 0.0793902 0.079677
0.0807935 0.0807935 0.0810437
0.0794396 0.0794396 0.0795787
0.083604 0.083604 0.0836774
0.0844925 0.0844925 0.0845865
0.0874223 0.0874223 0.0874721
0.087336 0.087336 0.0873619
0.0859418 0.0859418 0.0858052
0.0889781 0.0889781 0.0886814
0.0930516 0.0930516 0.0927858
0.0940911 0.0940911 0.0937624
0.0930835 0.0930835 0.0927548
0.0982447 0.0982447 0.097884
0.103179 0.103179 0.102757
0.0950196 0.0950196 0.0947005
0.0987271 0.0987271 0.0983567
0.100602 0.100602 0.100264
0.103725 0.103725 0.103371
0.105196 0.105196 0.104817
0.112579 0.112579 0.112208
0.116891 0.116891 0.116495
0.11781 0.11781 0.117414
0.117069 0.117069 0.116661
0.12122 0.12122 0.120822
0.109438 0.109438 0.109105
0.108776 0.108776 0.108418
0.106274 0.106274 0.106025
0.106802 0.106802 0.106548
0.105629 0.105629 0.105391
0.0984019 0.0984019 0.0982558
0.102672 0.102672 0.102577
0.0957775 0.0957775 0.0956983
0.094137 0.094137 0.0940915
0.0898077 0.0898077 0.0898383
0.0904849 0.0904849 0.0905198
0.0904922 0.0904922 0.0905082
0.084262 0.084262 0.0843381
0.0829684 0.0829684 0.0830335
0.082244 0.082244 0.0823176
0.0776443 0.0776443 0.0777638
0.0733822 0.0733822 0.0734521
0.0736862 0.0736862 0.0737617
0.0744633 0.0744633 0.0745289
0.0792834 0.0792834 0.079371
0.0802954 0.0802954 0.0803527
0.0767495 0.0767495 0.076832
0.0754899 0.0754899 0.0755396
0.0753597 0.0753597 0.0753478
0.0737145 0.0737145 0.0736813
0.073069 0.073069 0.0730507
0.0743365 0.0743365 0.074271
0.0751914 0.0751914 0.0750981
0.0766964 0.0766964 0.076573
0.0774782 0.0774782 0.0773388
0.076412 0.076412 0.0763044
0.0756703 0.0756703 0.0755002
0.0796029 0.0796029 0.0794182
0.0780827 0.0780827 0.0779272
0.0775129 0.0775129 0.0772974
0.0789385 0.0789385 0.0787423
0.0773164 0.0773164 0.0771572
0.0774452 0.0774452 0.0772755
0.0768245 0.0768245 0.0767117
0.0761977 0.0761977 0.0760931
0.0756013 0.0756013 0.075461
0.0773078 0.0773078 0.0771613
0.0769978 0.0769978 0.0768188
0.0774179 0.0774179 0.0773314
0.0775087 0.0775087 0.077367
0.0778494 0.0778494 0.0777997
0.0785252 0.0785252 0.0784531
0.0784541 0.0784541 0.0784121
0.0795756 0.0795756 0.0794801
0.0817654 0.0817654 0.0816623
0.0823837 0.0823837 0.0822833
0.0812642 0.0812642 0.0811916
0.0820194 0.0820194 0.0819298
0.0817092 0.0817092 0.0816288
0.0817859 0.0817859 0.0817287
0.0877076 0.0877076 0.087672
0.0907581 0.0907581 0.0907082
0.0889782 0.0889782 0.0889334
0.0922997 0.0922997 0.0922644
0.091754 0.091754 0.0917252
0.09329 0.09329 0.0932552
0.0887049 0.0887049 0.0886678
0.0850721 0.0850721 0.0850854
0.0871519 0.0871519 0.087168
0.0866011 0.0866011 0.0866208
0.0855894 0.0855894 0.0856244
0.0856696 0.0856696 0.0857118
0.0856094 0.0856094 0.0856527
0.0827071 0.0827071 0.0827631
0.0834575 0.0834575 0.0835093
0.0835194 0.0835194 0.0835714
0.0812951 0.0812951 0.0813781
0.0763948 0.0763948 0.0764481
0.0775761 0.0775761 0.0776294
0.0766503 0.0766503 0.0767054
0.0761417 0.0761417 0.0762363
0.0751233 0.0751233 0.0752217
0.0752578 0.0752578 0.0753664
0.0735642 0.0735642 0.0737043
0.0732206 0.0732206 0.0733627
0.0716172 0.0716172 0.0717424
0.0718647 0.0718647 0.0719994
0.072447 0.072447 0.0725743
0.0686498 0.0686498 0.0688014
0.0694267 0.0694267 0.0695698
0.0688482 0.0688482 0.0689757
0.0686718 0.0686718 0.0687869
0.0686464 0.0686464 0.0687656
0.0676158 0.0676158 0.0677308
0.0690407 0.0690407 0.0691501
0.0690305 0.0690305 0.0691239
0.0661022 0.0661022 0.0661816
0.0667204 0.0667204 0.066799
0.0653544 0.0653544 0.0654612
0.0670835 0.0670835 0.0671616
0.0657851 0.0657851 0.0658555
0.065693 0.065693 0.0657581
0.0651022 0.0651022 0.0651727
0.0648631 0.0648631 0.0649359
0.0632041 0.0632041 0.06327
0.0625406 0.0625406 0.0626098
0.0618641 0.0618641 0.0619248
0.0624181 0.0624181 0.0624857
0.060193 0.060193 0.0602415
0.060509 0.060509 0.0605474
0.0603472 0.0603472 0.0603904
0.0604422 0.0604422 0.0604894
0.0621057 0.0621057 0.062185
0.0623451 0.0623451 0.0624107
0.062258 0.062258 0.0623269
0.061012 0.061012 0.0610363
0.0608249 0.0608249 0.0608468
0.0608219 0.0608219 0.0608421
0.0601112 0.0601112 0.0600551
0.0582909 0.0582909 0.0582746
0.0599663 0.0599663 0.0599238
0.0576223 0.0576223 0.0576498
0.0575709 0.0575709 0.0575171
0.058013 0.058013 0.057952
0.0579995 0.0579995 0.0579648
0.0596905 0.0596905 0.0596393
0.059318 0.059318 0.0592717
0.0591687 0.0591687 0.0591193
0.058164 0.058164 0.0580748
0.0589179 0.0589179 0.0588221
0.0602883 0.0602883 0.0602207
0.0601965 0.0601965 0.0601614
0.0600849 0.0600849 0.0600509
0.0621261 0.0621261 0.0620455
0.0625752 0.0625752 0.0624847
0.0655853 0.0655853 0.0655012
0.0655307 0.0655307 0.0654481
0.0649844 0.0649844 0.0649099
0.0676503 0.0676503 0.0675535
0.06671 0.06671 0.0666119
0.06822 0.06822 0.0681314
0.0682851 0.0682851 0.0681873
0.0690274 0.0690274 0.0689332
0.0696686 0.0696686 0.0695544
0.0691858 0.0691858 0.0690613
0.0699554 0.0699554 0.0698541
0.0693471 0.0693471 0.069256
0.0675595 0.0675595 0.0674484
0.0666506 0.0666506 0.0665539
0.0657628 0.0657628 0.0656767
0.0659579 0.0659579 0.0658758
0.0663392 0.0663392 0.06625
0.0654612 0.0654612 0.0653697
0.0647049 0.0647049 0.0646415
0.0640515 0.0640515 0.0639901
0.064598 0.064598 0.0646093
0.0641264 0.0641264 0.0641306
0.0630233 0.0630233 0.063026
0.0632757 0.0632757 0.0632646
0.0630287 0.0630287 0.0630265
0.0627666 0.0627666 0.0628008
0.0622598 0.0622598 0.0622945
0.0631154 0.0631154 0.0631467
0.0642577 0.0642577 0.0642915
0.0636421 0.0636421 0.0636746
0.0630907 0.0630907 0.0631223
0.0633128 0.0633128 0.0633497
0.0624188 0.0624188 0.0624867
0.0627022 0.0627022 0.062768
0.0624645 0.0624645 0.0625262
0.0666936 0.0666936 0.0667917
0.0688835 0.0688835 0.0689504
0.0688132 0.0688132 0.0689054
0.0688232 0.0688232 0.0689064
0.0669275 0.0669275 0.0670234
0.0662569 0.0662569 0.0663465
0.064263 0.064263 0.0643502
0.0642145 0.0642145 0.0643019
0.0633687 0.0633687 0.0634614
0.0627801 0.0627801 0.0628604
0.062954 0.062954 0.0630391
0.0625727 0.0625727 0.062672
0.0618167 0.0618167 0.0619252
0.0621541 0.0621541 0.0622719
0.0641363 0.0641363 0.0642044
0.063985 0.063985 0.0640744
0.0631724 0.0631724 0.0632678
0.0627287 0.0627287 0.0628186
0.062194 0.062194 0.0622583
0.0617117 0.0617117 0.0617649
0.0614238 0.0614238 0.0614808
0.0621741 0.0621741 0.0622373
0.0619196 0.0619196 0.0619822
0.0614911 0.0614911 0.0615327
0.0619987 0.0619987 0.0620372
0.0608895 0.0608895 0.0609436
0.0604104 0.0604104 0.0604607
0.0608188 0.0608188 0.0608697
0.0592371 0.0592371 0.0592955
0.0595914 0.0595914 0.0596429
0.0580699 0.0580699 0.0581315
0.0576542 0.0576542 0.0577242
0.057913 0.057913 0.0579758
0.0581116 0.0581116 0.0581726
0.0580555 0.0580555 0.0581089
0.0584127 0.0584127 0.0584641
0.0580005 0.0580005 0.0580764
0.0569302 0.0569302 0.0569923
0.0571695 0.0571695 0.0572261
0.0575958 0.0575958 0.0576484
0.0575521 0.0575521 0.0575988
0.0580478 0.0580478 0.0580905
0.0580502 0.0580502 0.0580926
0.058518 0.058518 0.0585921
0.0581021 0.0581021 0.0581517
0.0581025 0.0581025 0.0581514
0.0583896 0.0583896 0.058423
0.0597162 0.0597162 0.0597562
0.059264 0.059264 0.0593092
0.059226 0.059226 0.0592706
0.0596742 0.0596742 0.0596975
0.0597341 0.0597341 0.0597614
0.0597402 0.0597402 0.0597623
0.0596872 0.0596872 0.0597156
0.0595436 0.0595436 0.0595814
0.059794 0.059794 0.0598218
0.0599932 0.0599932 0.0600189
0.059703 0.059703 0.0597353
0.0604218 0.0604218 0.0604178
0.0608756 0.0608756 0.0608744
0.0612563 0.0612563 0.0612845
0.0612907 0.0612907 0.0613106
0.0618308 0.0618308 0.0618525
0.0602526 0.0602526 0.0602664
0.0596047 0.0596047 0.0596308
0.0606013 0.0606013 0.060623
0.0609552 0.0609552 0.0609763
0.0609666 0.0609666 0.0609876
0.0608584 0.0608584 0.0608877
0.0602652 0.0602652 0.0602954
0.0630596 0.0630596 0.0630712
0.0625098 0.0625098 0.0625235
0.0633915 0.0633915 0.063425
0.0636551 0.0636551 0.0636859
0.0634501 0.0634501 0.0634775
0.0642335 0.0642335 0.0642554
0.063524 0.063524 0.0635478
0.063899 0.063899 0.063942
0.0646195 0.0646195 0.0646566
0.0637262 0.0637262 0.0637521
0.0640285 0.0640285 0.064051
0.064224 0.064224 0.0642495
0.0641127 0.0641127 0.0641381
0.0635209 0.0635209 0.0635413
0.0641275 0.0641275 0.0641536
0.0626608 0.0626608 0.0626886
0.0632849 0.0632849 0.0633244
0.0626449 0.0626449 0.0626873
0.062157 0.062157 0.0621841
0.0606621 0.0606621 0.0606964
0.0616856 0.0616856 0.0617087
0.0608926 0.0608926 0.0609252
0.0604056 0.0604056 0.0604566
0.0599143 0.0599143 0.059956
0.0603862 0.0603862 0.0604281
0.0603589 0.0603589 0.0603951
0.0597967 0.0597967 0.0598343
0.0605104 0.0605104 0.0605537
0.0600205 0.0600205 0.0600646
0.0604074 0.0604074 0.0604537
0.0611201 0.0611201 0.0611487
0.061098 0.061098 0.0611297
0.061372 0.061372 0.0614135
0.0623258 0.0623258 0.0623617
0.062389 0.062389 0.0623988
0.0626875 0.0626875 0.0627185
0.0627057 0.0627057 0.0627368
0.0630942 0.0630942 0.0631337
0.0631441 0.0631441 0.0631845
0.0627681 0.0627681 0.0628077
0.0636901 0.0636901 0.0637212
0.0632381 0.0632381 0.0632728
0.0632848 0.0632848 0.0633254
0.0632837 0.0632837 0.063325
0.0635283 0.0638931 0.0635683
0.0645014 0.0645014 0.0642756
0.0643329 0.0643329 0.0641219
