1.08582 1.08608 1.08549
1.08548 1.07791 1.07946
1.07281 1.06836 1.06773
1.06757 1.06346 1.06356
1.07687 1.06406 1.07499
1.06387 1.06475 1.06306
1.07527 1.07233 1.06799
1.07498 1.07481 1.07649
1.07529 1.06839 1.07682
1.07646 1.06535 1.07342
1.07432 1.07723 1.07893
1.08033 1.07653 1.08
1.08377 1.08019 1.08231
1.08203 1.08616 1.08938
1.07419 1.07509 1.07862
1.06935 1.0776 1.07807
1.06656 1.06764 1.06606
1.06338 1.06375 1.06502
1.07236 1.06775 1.06744
1.0666 1.06838 1.0735
1.06243 1.0634 1.06893
1.063 1.07061 1.07296
1.06102 1.05359 1.05971
1.0485 1.06151 1.05618
1.07185 1.06112 1.0608
1.06707 1.08625 1.08139
1.07846 1.09325 1.09151
1.07859 1.09877 1.09434
1.07481 1.08512 1.08041
1.09028 1.09676 1.08677
1.07565 1.09441 1.08617
1.07303 1.07997 1.07881
1.07817 1.08674 1.0853
1.07754 1.0837 1.08296
1.06945 1.07522 1.07404
1.06944 1.08396 1.07613
1.07048 1.08405 1.08191
1.05925 1.07856 1.0745
1.08945 1.09689 1.09779
1.08931 1.10557 1.10409
1.08942 1.09477 1.09283
1.10412 1.10869 1.10618
1.11126 1.12677 1.1236
1.08841 1.09309 1.08837
1.09087 1.09762 1.0918
1.07831 1.08502 1.07993
1.05978 1.07223 1.06715
1.0528 1.07719 1.07255
1.0564 1.08545 1.08002
1.05095 1.05609 1.0519
1.06905 1.0701 1.06502
1.05631 1.07218 1.06808
1.05782 1.06443 1.06054
1.06881 1.07867 1.07198
1.06839 1.07505 1.07356
1.05689 1.07255 1.07271
1.06331 1.07949 1.07842
1.06465 1.08235 1.07919
1.0547 1.07439 1.07221
1.08208 1.08913 1.08524
1.07839 1.08737 1.07983
1.06715 1.09136 1.08156
1.07803 1.1023 1.09151
1.07027 1.09391 1.08822
1.0832 1.08542 1.07613
1.07777 1.09529 1.08609
1.086 1.08813 1.08123
1.07776 1.10313 1.09127
1.09246 1.11331 1.10948
1.1002 1.11521 1.11501
1.08658 1.09989 1.09989
1.1026 1.11762 1.11773
1.13555 1.14236 1.17339
1.11696 1.12634 1.12519
1.11611 1.13609 1.13539
1.11107 1.12834 1.12646
1.0998 1.11032 1.10696
1.07762 1.10531 1.10156
1.07977 1.11625 1.10702
1.05136 1.08677 1.07818
1.07154 1.10181 1.09796
1.08578 1.11714 1.10651
1.06251 1.09769 1.0857
1.0857 1.11968 1.11049
1.09663 1.13015 1.121
1.06671 1.1088 1.09483
1.09425 1.13419 1.12288
1.1078 1.1364 1.13186
1.07527 1.11475 1.1036
1.10243 1.12801 1.12664
1.10889 1.13736 1.13325
1.07561 1.10567 1.10029
1.08622 1.11701 1.11063
1.08988 1.11434 1.11458
1.09635 1.08741 1.08116
1.07188 1.10125 1.09408
1.07901 1.1087 1.09841
1.05601 1.07911 1.07544
1.07087 1.09512 1.08648
1.06858 1.1013 1.09135
1.06156 1.08155 1.07724
1.08227 1.0912 1.08529
1.06081 1.09532 1.08257
1.07312 1.08153 1.07525
1.08347 1.08731 1.08333
1.07343 1.08331 1.08232
1.07005 1.07334 1.07223
1.08063 1.08101 1.08104
1.08125 1.09207 1.08786
1.07486 1.10234 1.09315
1.09611 1.11965 1.11958
1.11817 1.1505 1.14778
1.08351 1.10168 1.10444
1.13008 1.12881 1.14712
1.12109 1.15471 1.15595
1.12794 1.15361 1.15143
1.08688 1.12415 1.12124
1.08962 1.12544 1.12181
1.09793 1.13428 1.12502
1.12248 1.15325 1.15108
1.14355 1.17805 1.16514
1.16627 1.20586 1.19191
1.19276 1.23342 1.21999
1.22377 1.25937 1.25138
1.24491 1.28428 1.27825
1.27459 1.3102 1.30389
1.29769 1.33591 1.3298
1.32275 1.35793 1.35264
1.34322 1.35689 1.37243
1.33154 1.3427 1.35955
1.31284 1.33927 1.34206
1.2797 1.31136 1.31019
1.29168 1.32498 1.31886
1.31048 1.34586 1.33785
1.33034 1.34487 1.35706
1.31929 1.34867 1.34453
1.33004 1.33959 1.35364
1.31351 1.35258 1.34035
1.34073 1.352 1.36656
1.33006 1.33359 1.35395
1.30344 1.33455 1.33215
1.32369 1.35503 1.34474
1.34531 1.35262 1.36787
1.32826 1.338 1.35484
1.31533 1.34524 1.34074
1.32866 1.33776 1.35369
1.31656 1.3417 1.34155
1.33176 1.34866 1.35614
1.33673 1.34508 1.35866
1.30987 1.33935 1.33447
1.31166 1.34195 1.33606
1.32622 1.34719 1.35207
1.32942 1.36267 1.35379
1.34877 1.36094 1.37402
1.35449 1.36273 1.37862
1.33748 1.34116 1.35949
1.34079 1.35145 1.36347
1.33829 1.33795 1.35215
1.34882 1.34574 1.33577
1.35019 1.34275 1.34264
1.33532 1.34457 1.3495
1.33798 1.3399 1.35471
1.3457 1.33869 1.33538
1.34006 1.35396 1.34299
1.35046 1.35491 1.36286
1.34865 1.3528 1.36537
1.36323 1.35978 1.34957
1.35291 1.3592 1.37011
1.35317 1.35317 1.35548
1.35165 1.35165 1.35401
1.3561 1.3561 1.35822
1.35571 1.35571 1.35779
1.35833 1.35833 1.36046
1.35846 1.35846 1.36048
1.35859 1.35859 1.3606
1.36137 1.36137 1.36328
1.36164 1.36164 1.3634
1.35498 1.36454 1.36622
1.3645 1.3645 1.3662
1.36447 1.36447 1.3662
1.36719 1.36719 1.36889
1.36738 1.36738 1.36915
1.36751 1.36751 1.36929
1.35908 1.37022 1.37164
1.37039 1.37039 1.37174
1.37264 1.37264 1.37444
1.37302 1.37302 1.37472
1.37311 1.37311 1.37475
1.37572 1.37572 1.37751
1.37606 1.37606 1.37778
1.37618 1.37618 1.3779
1.37619 1.37619 1.3779
1.37893 1.37893 1.3804
1.37906 1.37906 1.38085
1.37275 1.37403 1.3839
1.35953 1.35776 1.37047
1.35198 1.35198 1.35302
1.35469 1.35469 1.356
1.35616 1.3471 1.35723
1.3591 1.35253 1.34463
1.33932 1.3526 1.34655
1.35695 1.35695 1.35827
1.35118 1.36053 1.36168
1.36113 1.35087 1.36217
1.3521 1.3433 1.34727
1.34167 1.34686 1.34888
1.35643 1.3528 1.34925
1.35109 1.35109 1.35212
1.35126 1.35126 1.35212
1.35374 1.35374 1.35483
1.35423 1.35423 1.35524
1.35418 1.35418 1.35513
1.35607 1.35607 1.35691
1.35667 1.35667 1.35746
1.35675 1.35675 1.3576
1.35853 1.35853 1.35943
1.35899 1.35899 1.35993
1.3591 1.3591 1.36002
1.3613 1.3613 1.36206
1.35404 1.36184 1.36257
1.36157 1.35326 1.36233
1.3635 1.35573 1.36419
1.3484 1.3484 1.34986
1.34893 1.34893 1.34993
1.34832 1.34832 1.34932
1.34854 1.34854 1.34952
1.35091 1.35091 1.35193
1.35141 1.35141 1.35238
1.35141 1.35141 1.35235
1.35325 1.35325 1.35419
1.35375 1.35375 1.3547
1.35621 1.35621 1.35701
1.35635 1.35635 1.35716
1.35635 1.35635 1.35718
1.35837 1.35837 1.35912
1.35885 1.35885 1.35964
1.35887 1.35887 1.35981
1.36052 1.36052 1.36173
1.36091 1.36091 1.36202
1.36286 1.36286 1.36387
1.36336 1.36336 1.36435
1.36496 1.36496 1.36573
1.3654 1.3654 1.36669
1.36535 1.36535 1.36655
1.36743 1.36743 1.36859
1.3679 1.3679 1.3691
1.36801 1.36801 1.36918
1.36797 1.36797 1.36904
1.36889 1.36889 1.36998
1.36857 1.36857 1.3698
1.36875 1.36875 1.37012
1.3716 1.3716 1.37293
1.37287 1.37287 1.37394
1.37562 1.37562 1.37674
1.3757 1.3757 1.3768
1.37504 1.37504 1.37631
1.37708 1.37708 1.37832
1.37766 1.37766 1.37884
1.37795 1.37795 1.37897
1.38009 1.38009 1.38112
1.38051 1.38051 1.38162
1.38296 1.38296 1.38412
1.38261 1.38261 1.3837
1.38251 1.38251 1.38365
1.38476 1.38476 1.3858
1.38523 1.38523 1.38633
1.38761 1.38761 1.38871
1.38786 1.38786 1.38903
1.3881 1.3881 1.38921
1.39039 1.39039 1.3911
1.39079 1.39079 1.39184
1.3929 1.3929 1.39394
1.39299 1.39299 1.39423
1.39315 1.39315 1.3942
1.39557 1.39557 1.39668
1.39598 1.39598 1.3971
1.39853 1.39853 1.39951
1.39883 1.39883 1.3996
1.39875 1.39875 1.39994
1.3989 1.3989 1.40008
1.40097 1.40097 1.40152
1.40106 1.40106 1.40165
1.40305 1.40305 1.40392
1.40321 1.40321 1.40405
1.40496 1.40496 1.40575
1.40517 1.40517 1.40586
1.40552 1.40552 1.40622
1.40723 1.40723 1.40754
1.40845 1.40845 1.40883
1.40904 1.40904 1.40935
1.40929 1.40929 1.40978
1.41061 1.41061 1.41094
1.41024 1.41024 1.41059
1.41175 1.41175 1.41222
1.41312 1.41312 1.41341
1.41363 1.41363 1.41393
1.41629 1.41629 1.41669
1.41759 1.41759 1.41768
1.41991 1.41991 1.42037
1.4206 1.4206 1.42078
1.42119 1.42119 1.42132
1.42279 1.42279 1.42317
1.42363 1.42363 1.4236
1.4257 1.4257 1.42591
1.42666 1.42666 1.42678
1.42723 1.42723 1.42741
1.42888 1.42888 1.42916
1.42851 1.42851 1.4299
1.43089 1.43089 1.43112
1.43179 1.43179 1.43214
1.43215 1.43215 1.43234
1.43383 1.43383 1.43419
1.43475 1.43475 1.43504
1.43572 1.43572 1.43546
1.43753 1.43753 1.43733
1.43846 1.43846 1.43882
1.43886 1.43886 1.43921
1.44051 1.44051 1.4404
1.4411 1.4411 1.44196
1.44147 1.44147 1.44227
1.44355 1.44355 1.44405
1.44416 1.44416 1.44494
1.44674 1.44674 1.44727
1.44771 1.44771 1.44826
1.44978 1.44978 1.45095
1.45132 1.45132 1.45212
1.45206 1.45206 1.45237
1.45517 1.45517 1.456
1.45628 1.45628 1.45671
1.4564 1.4564 1.4574
1.45868 1.45868 1.45815
1.46098 1.46098 1.46117
1.46225 1.46225 1.463
1.46269 1.46269 1.46308
1.46438 1.46438 1.46479
1.46756 1.46756 1.46822
1.46874 1.46874 1.46967
1.46883 1.46883 1.46959
1.47107 1.47107 1.47188
1.47198 1.47198 1.47287
1.47461 1.47461 1.47569
1.4743 1.4743 1.475
1.47389 1.47389 1.47492
1.47585 1.47585 1.47592
1.47849 1.47849 1.47913
1.47948 1.47948 1.47996
1.48095 1.48095 1.48163
1.48174 1.48174 1.48239
1.48311 1.48311 1.48408
1.48426 1.48426 1.48449
1.48586 1.48586 1.48646
