0.00236248 0.00172485 0.00146189
0.0020577 0.00212915 0.000892001
0.0022277 0.00221218 0.00156519
0.00244006 0.00206695 0.00188548
0.00279631 0.00203124 0.00122274
0.00188729 0.00202851 0.00150153
0.00205971 0.00220673 0.00160031
0.00144714 0.0017487 0.00132616
0.00206335 0.00201196 0.00156741
0.00204243 0.00188427 0.00177392
0.00141132 0.00198898 0.00199681
0.00231895 0.00280421 0.00213895
0.00199311 0.00234959 0.00218922
0.00261679 0.00255154 0.00231609
0.00182399 0.00292148 0.00251218
0.00193828 0.0024165 0.00242499
0.0023508 0.00263453 0.00242581
0.00191768 0.00261159 0.00235683
0.00222492 0.00225018 0.0021018
0.00175538 0.00268298 0.00236651
0.00153576 0.00322093 0.0023216
0.00148699 0.00262319 0.00226164
0.00208576 0.00248647 0.00224906
0.00181042 0.00269216 0.00243406
0.00162222 0.00271672 0.00241257
0.00194217 0.00272438 0.00216965
0.00160772 0.00288701 0.00267339
0.00155564 0.00272087 0.00247573
0.00196204 0.00238616 0.00224449
0.00150749 0.00277785 0.0025399
0.00161951 0.00290661 0.00257196
0.00201077 0.0029052 0.00223038
0.00155748 0.00271221 0.00269975
0.00158221 0.00286731 0.00252522
0.00195244 0.00245873 0.00222427
0.00160495 0.00324301 0.00285022
0.00163383 0.00307956 0.00268059
0.00193016 0.0028071 0.00226814
0.00170632 0.00342284 0.00290936
0.00160984 0.00361538 0.0026698
0.0019224 0.00293437 0.00221855
0.00173106 0.00334311 0.00289267
0.00162342 0.00310411 0.00267857
0.00196786 0.00293071 0.00220827
0.00168719 0.00295916 0.00288737
0.00173128 0.00338767 0.00264414
0.0020347 0.00276023 0.00233688
0.00165277 0.00352765 0.00258286
0.00167647 0.003333 0.00265222
0.00199345 0.00244228 0.00225761
0.00173504 0.00318937 0.00264761
0.00186656 0.00304456 0.00265256
0.00189356 0.00260123 0.00217098
0.00319684 0.00299653 0.00267294
0.00173233 0.00334275 0.00269426
0.00186614 0.00263122 0.00223491
0.00175579 0.00312891 0.00253563
0.00167483 0.00275921 0.00262122
0.00171626 0.00284344 0.00215396
0.00173689 0.00338238 0.00282756
0.00173703 0.00309866 0.00273056
0.00178617 0.00271268 0.00223548
0.00179611 0.00329392 0.00278333
0.00170269 0.002954 0.00274226
0.00167514 0.00252531 0.00216531
0.00161659 0.00363045 0.002597
0.00162684 0.0030734 0.00258552
0.00171568 0.00242439 0.00210369
0.00160874 0.00348264 0.00249932
0.0016403 0.00295044 0.0025642
0.00156828 0.00265474 0.00204214
0.0016132 0.00342203 0.00275221
0.00170355 0.00306114 0.00260629
0.00166289 0.0024135 0.00207048
0.00164673 0.00301071 0.00270725
0.00184549 0.00317578 0.00270928
0.00182154 0.00244 0.00215346
0.00172536 0.00318574 0.00273469
0.00174728 0.00332867 0.00269201
0.00171829 0.00240547 0.0021095
0.00161013 0.00287544 0.00262165
0.0018385 0.00299707 0.00268454
0.00171385 0.00266285 0.00216368
0.00168182 0.00325562 0.00277424
0.00174428 0.0031765 0.00264636
0.00162857 0.00242302 0.00208438
0.00167978 0.00318112 0.00266208
0.00176369 0.00338344 0.0026704
0.0016286 0.00258305 0.00210085
0.00173535 0.00378454 0.00284461
0.00169045 0.0034824 0.00273342
0.00162969 0.00225996 0.00205864
0.00178015 0.00294196 0.00262517
0.00179613 0.00335324 0.00276702
0.00164542 0.00255231 0.0022134
0.00176046 0.00384617 0.00278425
0.00178761 0.00361354 0.00278152
0.0015872 0.00238106 0.00205424
0.00166811 0.00311695 0.00252799
0.00169888 0.00337297 0.0025635
0.00164908 0.0024755 0.00195675
0.00168557 0.00302359 0.00269493
0.00177695 0.00314064 0.00262775
0.00165179 0.00243603 0.00214712
0.00160158 0.00318616 0.0025356
0.00187748 0.00329703 0.00259074
0.00153446 0.00238195 0.00199804
0.00156563 0.00308282 0.0024168
0.00171295 0.00221617 0.00251694
0.00168969 0.00247083 0.00195476
0.00168221 0.00321476 0.00263856
0.00177062 0.00328177 0.00250529
0.00158495 0.00260713 0.00198017
0.00171357 0.00310471 0.00271825
0.00181706 0.0029458 0.00260459
0.00166626 0.00262314 0.00209474
0.00178947 0.00347603 0.0028067
0.00190806 0.00376315 0.00268979
0.00163638 0.00282476 0.00217081
0.00169545 0.00209714 0.00182412
0.00174069 0.00194549 0.00171444
0.00183679 0.00169297 0.00155385
0.00138291 0.00272441 0.00206658
0.00161684 0.0021356 0.00160247
0.0020367 0.00155264 0.00152559
0.0015755 0.0016244 0.00147051
0.00173416 0.0022123 0.00180674
0.00238795 0.00147447 0.00154617
0.00182463 0.00194988 0.00177374
0.00187903 0.00200339 0.00154404
0.00143233 0.00244422 0.00173738
0.00115171 0.00257184 0.00194468
0.001336 0.00276838 0.00188575
0.00195589 0.00218196 0.00176685
0.0016021 0.00191225 0.00154759
0.00164395 0.00226433 0.00182778
0.00152422 0.00219324 0.00181192
0.00197537 0.00206494 0.00162775
0.00186912 0.00176749 0.00151179
0.00229479 0.00157612 0.00145826
0.00197858 0.00164047 0.00139792
0.00249171 0.00152311 0.00145699
0.00250789 0.00156706 0.00146043
0.00152411 0.00175578 0.00172348
0.0021398 0.00227262 0.00160172
0.00161693 0.00210721 0.00186152
0.00157188 0.00143713 0.00150717
0.000959241 0.000959241 0.00137059
0.0011244 0.0011244 0.00150511
0.00108074 0.00108074 0.0013761
0.00100846 0.00100846 0.00135202
0.00102529 0.00102529 0.00134007
0.00110669 0.00110669 0.00150035
0.00109914 0.00109914 0.00143469
0.00111391 0.00111391 0.00147288
0.00108133 0.00108133 0.00141454
0.0011383 0.0011383 0.00150583
0.00115913 0.00115913 0.00148412
0.00119319 0.00119319 0.00155093
0.0011889 0.0011889 0.00151626
0.00115248 0.00115248 0.00147741
0.00124564 0.00124564 0.00159714
0.00122754 0.00122754 0.00153297
0.00124805 0.00124805 0.00158066
0.0012449 0.0012449 0.00153745
0.00128547 0.00128547 0.00161335
0.00129093 0.00129093 0.00159465
0.00131595 0.00131595 0.00163485
0.0013113 0.0013113 0.00160721
0.00128084 0.00128084 0.00158057
0.00135771 0.00135771 0.00167256
0.00133343 0.00133343 0.00163528
0.00129892 0.00129892 0.0016016
0.00141635 0.00141635 0.00172064
0.00139258 0.00139258 0.00167274
0.00143299 0.00143299 0.00171768
0.00140226 0.00140226 0.00166148
0.00147753 0.00147753 0.00175512
0.00142439 0.00142439 0.00168877
0.00147585 0.00147585 0.00173777
0.00138456 0.00138456 0.00165161
0.00143624 0.00143624 0.00172245
0.00141096 0.00141096 0.00167372
0.00147685 0.00147685 0.00175538
0.0014674 0.0014674 0.00172096
0.00152032 0.00152032 0.00179462
0.00149718 0.00149718 0.0017423
0.00153647 0.00153647 0.00179664
0.0014908 0.0014908 0.0017423
0.00155765 0.00155765 0.00181424
0.00150774 0.00150774 0.00178705
0.00151842 0.00151842 0.00178807
0.00164242 0.00164242 0.00188884
0.00158481 0.00158481 0.00182742
0.00166354 0.00166354 0.00190501
0.00163757 0.00163757 0.0018527
0.00170659 0.00170659 0.00195056
0.00168121 0.00168121 0.00188213
0.00164988 0.00164988 0.00186728
0.00174616 0.00174616 0.00196233
0.00168754 0.00168754 0.00188113
0.00177195 0.00177195 0.0019961
0.00175962 0.00175962 0.00193377
0.00173645 0.00173645 0.00191258
0.00179984 0.00179984 0.00200264
0.0017658 0.0017658 0.00192599
0.00184259 0.00184259 0.00203166
0.00181597 0.00181597 0.00198925
0.00180817 0.00180817 0.00197888
0.00188916 0.00188916 0.00207836
0.00181284 0.00181284 0.00202095
0.00193185 0.00193185 0.00210591
0.00195181 0.00195181 0.00211332
0.00193191 0.00193191 0.0020967
0.00191021 0.00191021 0.00210805
0.00202706 0.00202706 0.00221605
0.00190328 0.00190328 0.00209731
0.00194727 0.00194727 0.00213488
0.00198474 0.00198474 0.00218605
0.00194897 0.00194897 0.00213433
0.00192755 0.00192755 0.0021166
0.00202238 0.00202238 0.00221897
0.0019503 0.0019503 0.00210548
0.00196462 0.00196462 0.00214404
0.002046 0.002046 0.00222837
0.00205485 0.00205485 0.00222552
0.00205473 0.00205473 0.00219087
0.00212656 0.00212656 0.00227785
0.00205711 0.00205711 0.00222744
0.00203149 0.00203149 0.00220168
0.00210534 0.00210534 0.00229442
0.00204094 0.00204094 0.00221933
0.00205241 0.00205241 0.00221357
0.00209176 0.00209176 0.00224959
0.00212845 0.00212845 0.00228662
0.00207921 0.00207921 0.00224946
0.00217787 0.00217787 0.00232642
0.00215859 0.00215859 0.00230518
0.00214164 0.00214164 0.00228984
0.00219542 0.00219542 0.0023655
0.00211665 0.00211665 0.00228843
0.0021947 0.0021947 0.00235657
0.00218998 0.00218998 0.00233864
0.00215046 0.00215046 0.00229243
0.00222179 0.00222179 0.00235853
0.00216414 0.00216414 0.00231848
0.00224626 0.00224626 0.00237588
0.00224947 0.00224947 0.00239404
0.00223066 0.00223066 0.00238421
0.00226395 0.00226395 0.00240926
0.00217155 0.00217155 0.00233026
0.00223524 0.00223524 0.00240703
0.00221926 0.00221926 0.00238019
0.00219219 0.00219219 0.00235374
0.00228172 0.00228172 0.00244851
0.00223713 0.00223713 0.00238993
0.00222046 0.00222046 0.00236971
0.00230013 0.00230013 0.00244553
0.00224704 0.00224704 0.00239816
0.00230717 0.00230717 0.00244006
0.0022761 0.0022761 0.00242058
0.00225379 0.00225379 0.00239681
0.0023188 0.0023188 0.00246203
0.00227226 0.00227226 0.00241384
0.00233998 0.00233998 0.00247346
0.00230827 0.00230827 0.00244369
0.00230174 0.00230174 0.00242428
0.00235822 0.00235822 0.00247678
0.00230479 0.00230479 0.00242934
0.00235897 0.00235897 0.00248485
0.00235024 0.00235024 0.00247204
0.00232012 0.00232012 0.00245516
0.0023289 0.0023289 0.00244009
0.00238088 0.00238088 0.00249926
0.00233538 0.00233538 0.00246851
0.00234534 0.00234534 0.00245568
0.00240851 0.00240851 0.0025236
0.00235969 0.00235969 0.00248229
0.00240546 0.00240546 0.00250919
0.00237588 0.00237588 0.00248418
0.00236005 0.00236005 0.00248781
0.00242931 0.00242931 0.0025348
0.00238373 0.00238373 0.00248993
0.00242293 0.00242293 0.00255393
0.00239821 0.00239821 0.00252937
0.00238697 0.00238697 0.00251192
0.00244489 0.00244489 0.00257939
0.00239472 0.00239472 0.00254052
0.0023912 0.0023912 0.00254254
0.00244899 0.00244899 0.00257394
0.00239458 0.00239458 0.0025264
0.00240301 0.00240301 0.00253694
0.00248268 0.00248268 0.00258861
0.00243591 0.00243591 0.00255287
0.00243098 0.00243098 0.00255942
0.00250014 0.00250014 0.00261976
0.00245356 0.00245356 0.0025689
0.00247168 0.00247168 0.00256522
0.00246622 0.00246622 0.00254788
0.00246734 0.00246734 0.00256641
0.0024877 0.0024877 0.00256946
0.00243296 0.00243296 0.00254012
0.00242908 0.00242908 0.00253713
0.00248945 0.00248945 0.00256744
0.00246853 0.00246853 0.00254575
0.00248458 0.00248458 0.00257687
0.00248838 0.00248838 0.00257208
0.00244899 0.00244899 0.00254111
0.00248708 0.00248708 0.00263186
0.00252542 0.00252542 0.00268938
0.00258917 0.00258917 0.00276899
0.00265115 0.00265115 0.00281697
0.00269187 0.00269187 0.00285991
0.00263477 0.00263477 0.00279856
0.0026618 0.0026618 0.00284038
0.00274217 0.00274217 0.00292441
0.00269698 0.00269698 0.00284998
0.0027441 0.0027441 0.00289508
0.00286663 0.00286663 0.00300619
0.00280199 0.00280199 0.00296551
0.00285872 0.00285872 0.00301801
0.00279812 0.00279812 0.0029624
0.00272768 0.00272768 0.00291855
0.0028126 0.0028126 0.0029776
0.00278298 0.00278298 0.00297111
0.00285532 0.00285532 0.00303593
0.002818 0.002818 0.00300001
0.00283934 0.00283934 0.00302177
0.00293569 0.00293569 0.00310383
0.00285927 0.00285927 0.00305132
0.0030016 0.0030016 0.00315604
0.00292813 0.00292813 0.00311403
0.00292585 0.00292585 0.00309799
0.00305724 0.00305724 0.00321089
0.00298079 0.00298079 0.00316191
0.0030111 0.0030111 0.00316498
0.00308652 0.00308652 0.00323596
0.0030522 0.0030522 0.00321074
0.00312545 0.00312545 0.00325863
0.00310265 0.00310265 0.00323791
0.00305284 0.00305284 0.00320108
0.00311269 0.00311269 0.00327029
0.00305262 0.00305262 0.00321838
0.00314701 0.00314701 0.00328517
0.00309312 0.00309312 0.00326326
0.00311241 0.00311241 0.00325994
0.00319198 0.00319198 0.00333558
0.00315938 0.00315938 0.00331926
0.0031642 0.0031642 0.00330881
0.00316948 0.00316948 0.00331205
0.00322951 0.00322951 0.00338691
