89.8279932123
90.250712739
90.0847795698
89.7700526969
89.7563672185
89.7050601421
89.6372034039
84.8488426124
84.5919993803
85.7562611487
84.259679542
83.8786916225
84.2418850238
82.4722667677
82.4649617577
82.5263230745
82.4531016303
82.5050637692
82.6774526145
82.7654495518
82.7944107755
82.5207924559
80.7747716648
80.6454628077
80.0807805324
79.7753375157
79.0638294314
79.0219481375
78.6698608222
78.1308407109
77.3362691105
76.7071492655
75.8758153192
76.3225052099
75.9108334949
75.5134718181
73.2673353121
73.0406324196
72.5840614653
72.551329891
72.0681371656
71.7809414017
72.0634399522
71.7911366525
71.4948492079
71.1931245813
70.9004749137
70.6583292981
70.6843082902
70.6213687526
68.8544530496
68.6570625503
68.0512923662
67.6188487375
67.2851102257
67.0188216508
66.385719974
66.3550333501
65.4004797754
64.7397760573
64.7648164953
64.4682016903
64.4196893331
64.5206661499
64.1798981626
62.5274010405
62.6262050092
61.9318495815
61.5202115704
61.5572365508
60.8169963153
60.3625547189
60.5453111177
60.3494071314
60.0910457676
60.0641341834
59.5827994144
58.9096436251
58.9764681019
58.4698858734
57.7970670729
56.7547240966
56.1728200816
55.5005459718
55.7694750323
55.335437084
55.1413895907
55.1321990336
54.7349967585
54.344636598
54.3691279445
54.0601309056
53.6564756445
53.660636341
53.3719101929
52.5730388398
52.6714054665
51.3192419176
50.5401369523
50.9386163657
50.1145305989
49.4247542906
49.5424765093
49.2171368114
49.0368881059
48.9428584867
48.4822034332
48.3016833714
48.5193643394
48.1351917918
47.8542088796
48.080542909
47.6546228982
47.3120726593
46.8619345631
46.9667678977
46.2619125148
46.2678762649
45.8350611181
44.3980538519
43.9257200002
43.7969062572
43.4903118829
42.9766797025
42.8366390058
42.5295249266
42.0414948849
42.0261341653
41.8664916859
41.800267899
41.5179167189
41.2674015831
40.7774626928
39.409006329
38.8727898022
38.3922578527
38.2919598763
37.5486052499
37.4390773645
37.0762513376
37.0332093211
36.2222362057
36.2377709235
36.1807456901
35.4931269348
35.322725217
35.165784242
35.0656461479
35.1473706512
35.107566513
34.9491084573
34.3249571559
34.8451211852
33.9900755272
34.6082877263
34.3776490511
34.2220573959
34.2122311268
34.0100200678
33.6586987428
32.9765523138
33.5610790659
33.5247540593
33.0950073219
33.3227092166
32.9957028243
33.3148220643
32.770206788
33.0196932116
32.2415230352
32.6699469436
32.3744954999
32.658109258
31.9779954265
31.6971569486
31.6358711048
32.0773513004
31.7145094316
31.5662951336
31.4820544939
31.49662786
31.0047466732
30.8990949104
30.8931055577
30.7416836732
30.6787260806
30.8574514146
30.1474830052
30.8325601533
30.6251925041
30.377239661
30.7069376504
30.6072015345
30.6401455898
30.7337735759
30.5868396164
30.5956697727
30.572476544
30.5465360743
30.2586884249
30.3256546671
30.2751763943
30.0835831335
30.271942989
29.8524529581
30.0164637766
30.0436701018
30.0509634603
30.0540957523
29.8636732689
30.0216209603
29.833494809
29.8022467829
29.803207466
29.6677830192
29.5449696651
29.5414008622
29.5360906607
29.6016499099
29.6033727874
29.6273972315
29.6259805134
29.6260381429
29.5923175057
29.6312502361
29.6332378467
29.4293169105
29.4120459866
29.4136575237
29.4443727835
29.3016728143
29.3557629921
29.6036803561
29.5982009271
29.3109724273
29.3142399215
29.3080807739
29.3225963011
29.3244005997
29.3154754138
29.3123350425
29.3155969575
29.2931895565
29.2961866436
29.2975131666
29.2948119923
29.3340610511
29.3318888504
29.3496508529
29.356914982
29.3390318329
29.3195450738
29.323686087
29.3253228477
29.332583351
29.3359718458
29.3374663731
29.3362597315
29.3337149344
29.3140320173
29.0908318591
29.0893728889
29.0829861399
29.0728658392
29.0219442234
29.0313616409
29.05499009
29.0492628278
29.1715911825
29.1853441864
29.161824104
29.1665604134
28.8912414055
28.7922262761
28.8083723106
28.8019238909
28.8209375112
28.8284506192
28.3839481312
28.3872237886
28.3863616073
28.3768859258
28.3868376173
28.3891415825
28.3879117664
27.93358638
27.8160704614
27.7620578669
27.7591689551
27.7878502054
27.7749716026
27.8155773134
27.8166246302
27.8161862366
27.8156802379
27.8163664664
27.8119369447
27.8155051945
27.8168599033
27.8135515185
27.814958275
27.8173602368
27.8154615573
27.8125509016
28.220642852
27.9162777485
27.8147124523
27.8149106571
27.8331784601
27.8272269515
27.6825156001
27.6851025978
27.6843241572
27.683582602
27.6856474446
27.6640848902
27.4432497341
27.439760226
27.4413780341
27.4384074785
27.4430013182
27.4415910554
27.4409234709
27.4428103385
27.4447657714
27.1741146414
27.1763430121
27.1795710438
27.1838335989
27.1853421076
27.1884289301
27.1343933658
27.1384380039
27.1412758439
27.1398537903
27.1394669409
27.1452930049
27.1629371627
27.1544784286
27.1658769442
27.1585903391
27.142989815
27.1339691767
27.1341977368
27.1287957258
27.1292831893
27.1300920071
27.1284947068
27.1155890799
27.1151687613
26.9519776243
