89.8172685048
89.7950601877
89.7894734577
89.810232554
89.8014337258
89.7912105062
89.787649606
84.3307827858
82.5843694192
82.5495182043
82.581156828
82.5832213665
82.5559002845
82.5635577173
82.5769149287
82.6143814782
82.6283851424
82.6356783002
82.6040486099
82.6169131021
82.6246145499
82.6531409102
79.147138601
76.3708727865
75.927434163
75.5467861037
75.5413088568
75.5457612658
75.5301283656
75.4922639531
75.5752204441
75.5691470235
75.5608863684
75.5042719819
75.5345165448
75.4636739418
75.483020681
71.4586508125
70.4264209755
70.4140452206
69.4654542524
68.6105641219
68.667662922
68.6835482415
68.6801907078
68.6838777369
68.7036061184
68.7327893173
68.6854440672
68.6988367567
68.7222191931
68.6203131593
65.9516706097
64.5236740404
64.2485705805
63.8384765296
63.1399293021
62.7184851961
61.8529010142
61.7483995454
61.8401815889
61.7648912743
61.7983706075
61.9204430061
62.0062546195
61.866609211
61.9689897585
62.2364584081
61.9552239335
59.6834295617
58.002894371
57.5337426258
57.4503491211
56.9704083755
56.5553394521
56.6136289541
55.7096271006
55.2977621987
55.3715127106
55.3726458163
55.3623921996
55.4808035782
55.4197670637
55.488623544
55.5588172654
55.6565036513
54.1888223056
54.5465391603
51.9071635185
51.7096272513
51.718964139
51.2705442967
51.0169071198
51.0605698964
50.5652150121
50.1279144069
50.1949908106
49.2858482935
49.2611066901
49.3825856138
49.2557361415
49.343621524
49.3782564095
49.3637574154
49.4651647322
49.4909088171
49.5519359232
47.629877632
48.3258608815
46.8661034344
46.3793475834
46.380269756
46.0176491107
45.8335007125
45.4098287111
45.4255073606
44.706776632
44.1822884182
44.0792264241
44.0932773575
44.0944181001
44.2167469108
44.3275650062
43.2931920756
42.9607258322
42.0921881271
41.8087971342
41.6517970336
40.2931824242
39.7126476455
39.6073179216
39.4208196285
39.0392587816
38.6344240353
38.7670353324
38.9800696404
38.4269241697
38.4712048895
37.4192314436
37.3698257138
36.8556952521
36.8053359489
36.4087230718
35.8631710874
34.9901359852
34.3522579579
34.0560705963
33.5158637751
33.4436492307
33.2071504696
33.3048815692
33.2018842969
32.831612006
33.0895597829
32.5044277072
32.1509265025
32.3139603458
32.2145981392
32.28470316
32.0670717907
31.8245019357
31.7599570079
31.7629240923
31.7635815393
31.6788656901
31.6711945994
30.5382752679
29.7787547695
29.9250584692
30.3099316985
29.7214428289
29.7549266747
29.777515622
29.7774077031
29.7537865764
29.7555517323
29.7566667896
29.7567394142
29.7569060041
29.4471934714
29.4442271204
30.0171494614
30.1663534711
29.3140951412
29.4686916328
28.9280026836
28.9817717238
28.7549916493
29.004056852
28.8430827547
28.8739751914
28.8844853879
28.5296001961
28.5125558395
28.7770215106
28.7631425722
28.7633738125
28.765328032
28.8053664272
28.799510754
28.9641350579
28.9630233897
28.7089978847
28.7058731662
28.7647569073
28.9994847482
28.6472219667
28.8139100011
28.8338742978
28.8283064843
28.7811623353
28.7607077776
28.7514031123
28.7515245844
28.7263838379
28.7032926786
28.7055192261
28.7053746676
28.6667913081
28.6637041567
28.6589507112
28.6472746203
28.6437453275
28.6457198836
28.638843693
28.6353616277
28.6334368459
28.6373966988
28.6276751982
28.6300321633
28.629690483
28.6263905159
28.6334020096
28.6355004347
28.6603912995
28.6566566971
28.6593319811
28.66140813
28.6593042963
28.6793448582
28.6738730739
28.660912411
28.6626008
28.6628393324
28.6591901347
28.71341703
28.7238241461
28.7277915929
28.722568401
28.7643518402
28.8469406342
28.7961862444
28.7911686165
28.8313965625
28.8104115675
28.771461814
28.8248030518
28.8159618882
28.7722349685
28.7765963583
28.8304502885
28.7787827848
28.7743329689
28.904593956
28.8208131136
28.8809759562
28.9679801087
28.9120825648
28.9664706474
28.9567781077
28.918503137
28.9333848831
28.9517617972
28.9140698169
28.9288293528
28.9596731002
28.9107847561
28.9555851299
28.931024614
28.9894095473
28.9384013134
28.9383277989
28.9648583263
28.6580265681
28.9526680588
28.9308925913
28.8581115384
28.8462680252
28.8228256948
28.8843394297
28.9363945021
29.0129537644
29.0022314711
28.9138919296
28.9486785396
28.8807941406
28.836770036
28.8939005994
28.9049621267
28.8856419233
28.8646427689
28.5409113109
28.8772828834
28.8784133906
28.9050122889
28.8997553301
28.8839708016
28.8959519435
28.850315826
28.8758396281
28.8764019673
28.8954771979
28.8974389441
28.9517447204
28.9498669104
28.88009362
28.8878268144
28.6023242291
28.9280651897
28.9357277604
28.9302286463
28.8933224768
28.8448191885
28.7894881537
28.8247703444
28.8382895844
28.8481393634
28.8778471894
28.8603060242
28.8554353958
28.8825734874
28.593138998
28.9241857098
28.9350179436
28.9250785598
28.8756137631
28.8565284638
28.8737067415
28.8508979621
28.8349476598
28.8552059727
28.876941739
28.5918710661
28.8528072411
28.8716946394
28.8955284553
28.8540401309
28.8858306584
28.5933748728
28.8828035917
28.6291869233
