1.0729 1.07177 1.07262
1.07596 1.07324 1.07436
1.07056 1.07055 1.07139
1.07261 1.07178 1.07283
1.07004 1.07087 1.07178
1.06803 1.0687 1.07129
1.06977 1.06845 1.07099
1.07134 1.07019 1.07108
1.06503 1.06661 1.06799
1.06808 1.06638 1.06875
1.06672 1.06685 1.06802
1.06954 1.06673 1.06742
1.06956 1.06772 1.06845
1.0731 1.06951 1.07128
1.06704 1.06911 1.0686
1.06679 1.06702 1.06821
1.07872 1.06953 1.06951
1.07135 1.06588 1.06631
1.06748 1.0668 1.06755
1.09101 1.08213 1.07694
1.08008 1.09433 1.08926
1.10752 1.09605 1.0894
1.09652 1.11201 1.11577
1.13271 1.11052 1.11168
1.12237 1.12038 1.11182
1.11012 1.1338 1.13037
1.15974 1.13746 1.13661
1.14833 1.13586 1.13414
1.17081 1.1517 1.15647
1.13068 1.14822 1.14887
1.17093 1.15543 1.14972
1.1872 1.18418 1.18029
1.20866 1.18515 1.18669
1.17419 1.18625 1.18556
1.14949 1.16327 1.16497
1.17584 1.16488 1.16083
1.15086 1.16299 1.16379
1.15592 1.1422 1.14182
1.15932 1.14782 1.14525
1.13392 1.14613 1.14896
1.13131 1.12334 1.12124
1.11469 1.12531 1.12726
1.12133 1.13142 1.13157
1.11409 1.11081 1.11236
1.11734 1.11616 1.11402
1.1257 1.1206 1.11739
1.13885 1.13833 1.13806
1.15294 1.14565 1.14252
1.13576 1.14701 1.14444
1.1195 1.12887 1.12519
1.14457 1.13844 1.13719
1.13882 1.14444 1.14102
1.15141 1.14388 1.14042
1.15817 1.15256 1.15264
1.16909 1.16138 1.16055
1.19538 1.1865 1.18604
1.18548 1.18915 1.19406
1.18861 1.19161 1.19649
1.18256 1.17784 1.17675
1.18898 1.1816 1.18264
1.18603 1.18593 1.18687
1.17203 1.17054 1.17084
1.18285 1.18007 1.18268
1.18816 1.18999 1.19017
1.17076 1.16974 1.17029
1.17715 1.17585 1.17682
1.18356 1.18286 1.18372
1.19341 1.1941 1.19416
1.19082 1.19183 1.18991
1.19447 1.19371 1.19292
1.17927 1.17924 1.17844
1.19102 1.1895 1.19151
1.19741 1.19792 1.19886
1.18787 1.18735 1.18917
1.18685 1.18646 1.18697
1.19557 1.19351 1.19554
1.1885 1.19 1.19101
1.18475 1.18368 1.18622
1.20091 1.20241 1.20182
1.18478 1.18735 1.18708
1.20038 1.20046 1.19889
1.20359 1.20489 1.20414
1.19972 1.20034 1.20007
1.19823 1.1949 1.1945
1.19779 1.19828 1.1973
1.19019 1.18697 1.18739
1.19583 1.19341 1.19458
1.20123 1.1973 1.19861
1.18433 1.18499 1.18658
1.20125 1.19816 1.1981
1.20234 1.20179 1.20033
1.19817 1.1953 1.19692
1.19586 1.19811 1.19524
1.20402 1.20666 1.20341
1.19679 1.19879 1.19859
1.20182 1.19999 1.20172
1.20775 1.20697 1.20811
1.20414 1.20786 1.20525
1.20367 1.20603 1.20301
1.21091 1.21127 1.21015
1.20753 1.2057 1.20727
1.2076 1.20445 1.20256
1.21232 1.20891 1.20996
1.20811 1.20826 1.2037
1.22481 1.2216 1.2184
1.23324 1.23328 1.23388
1.23877 1.23649 1.23631
1.23968 1.24024 1.24019
1.24885 1.24733 1.24678
1.25023 1.24922 1.25051
1.24775 1.24877 1.24826
1.25232 1.25212 1.2553
1.25324 1.25249 1.25331
1.25632 1.25478 1.25749
1.25666 1.25844 1.25932
1.2575 1.25795 1.25966
1.25842 1.25887 1.25756
1.26244 1.26282 1.26098
1.26246 1.2625 1.26221
1.26437 1.26354 1.26323
1.26562 1.26342 1.2621
1.26355 1.26404 1.2637
1.26867 1.26685 1.2645
1.26841 1.26817 1.26778
1.26661 1.26541 1.26508
1.26619 1.2657 1.26748
1.27199 1.2716 1.27246
1.27628 1.27442 1.27507
1.27763 1.27657 1.27577
1.2821 1.28123 1.28134
1.29155 1.29108 1.29027
1.29652 1.29647 1.29466
1.30053 1.30024 1.30128
1.31188 1.31244 1.31168
1.32248 1.32264 1.32119
1.32976 1.32871 1.32744
1.34211 1.34184 1.33998
1.34715 1.34678 1.34437
1.35343 1.35279 1.3529
1.35586 1.35686 1.35487
1.36416 1.36352 1.36118
1.36848 1.3671 1.36556
1.37224 1.37349 1.37052
1.37951 1.37872 1.37653
1.38154 1.38271 1.37973
1.38804 1.38944 1.38662
1.39423 1.39472 1.39244
1.40154 1.40115 1.39741
1.40572 1.40689 1.40377
1.40876 1.40854 1.40705
1.41024 1.40932 1.40728
1.4097 1.40923 1.40727
1.41374 1.41219 1.41166
1.41203 1.41297 1.41054
1.41423 1.41421 1.41272
1.41927 1.41867 1.41674
1.4265 1.42584 1.4248
1.42723 1.42903 1.42613
1.43238 1.43382 1.43045
1.43827 1.43952 1.43708
1.44352 1.44353 1.44321
