0.00329471 0.00320352 0.00283649
0.00346962 0.00342422 0.00307377
0.00278531 0.00271588 0.00282518
0.00259863 0.0025166 0.00266159
0.00278586 0.0025374 0.00274308
0.00257045 0.00261965 0.00268205
0.00242502 0.00242873 0.00246885
0.00325019 0.00290574 0.00259128
0.00286541 0.00266748 0.00266342
0.00236784 0.00255352 0.00249013
0.00259069 0.00267887 0.0025004
0.00265214 0.00286896 0.00241969
0.0029678 0.00229162 0.00250186
0.00272738 0.0024526 0.00248225
0.00270351 0.00231096 0.00248965
0.00230086 0.00246283 0.00231906
0.00281597 0.00270234 0.00263544
0.00265431 0.00243188 0.00251732
0.00326924 0.00248659 0.00249409
0.00246792 0.00254124 0.00252624
0.00249259 0.00233064 0.00234419
0.00226949 0.00231942 0.0023692
0.00255587 0.00245259 0.00222241
0.00242437 0.00228167 0.00230327
0.00214059 0.0022473 0.00224574
0.00298434 0.0026985 0.00259291
0.00313945 0.00247584 0.00238809
0.00248142 0.00259658 0.00252635
0.00286912 0.00287423 0.00290462
0.00301904 0.00277816 0.00281856
0.00279496 0.00272675 0.00268985
0.00281906 0.00291085 0.00289484
0.00272446 0.00289332 0.0029136
0.00322925 0.00306039 0.00306044
0.00311179 0.00303428 0.0030373
0.002967 0.00317986 0.003036
0.00264701 0.00269023 0.00270669
0.00298856 0.00272029 0.00296808
0.00276517 0.00298733 0.00285749
0.00275084 0.00288464 0.00289622
0.00297841 0.00290362 0.00294757
0.00296869 0.00280052 0.00276762
0.00295476 0.00255664 0.0026559
0.00302084 0.00292166 0.00285767
0.00280626 0.00276033 0.00275005
0.00269933 0.00262847 0.00268253
0.0027493 0.00276565 0.00275907
0.00281368 0.00272401 0.00273543
0.00296607 0.00267961 0.00268788
0.00292435 0.00272706 0.00292041
0.00256358 0.00256908 0.00256243
0.00284948 0.0026257 0.00270274
0.0029852 0.00300019 0.00281726
0.00272114 0.00269808 0.00279427
0.00263517 0.00264563 0.00267855
0.00284907 0.00283244 0.00286197
0.0027458 0.00272563 0.00283864
0.00295713 0.00260928 0.00252425
0.00279343 0.00282507 0.00277553
0.00288139 0.00276668 0.00254067
0.00276669 0.00260917 0.00264975
0.00265399 0.00276565 0.00280738
0.0024205 0.00265791 0.0026669
0.00257644 0.00250935 0.00244673
0.00278408 0.00272494 0.00274123
0.00261496 0.00263837 0.00262041
0.0026389 0.00249911 0.00244426
0.00264265 0.00259849 0.00262895
0.00262989 0.0024467 0.00238444
0.00238507 0.00219135 0.00213992
0.00254243 0.00247385 0.0024459
0.00233932 0.00275632 0.00230369
0.00220023 0.00224336 0.00220126
0.00231686 0.00235679 0.0023213
0.002374 0.0022725 0.00227899
0.00249769 0.00253992 0.00243723
0.00229718 0.00229152 0.00232063
0.00210611 0.0020923 0.00207535
0.00207452 0.0019282 0.00198779
0.00212629 0.00198173 0.00199954
0.00203255 0.00185827 0.00195444
0.00190733 0.00190967 0.00184289
0.0021723 0.00216212 0.00221095
0.00218746 0.00225294 0.00218897
0.00231465 0.00221595 0.00223651
0.00227142 0.00213594 0.00209198
0.00215056 0.00239584 0.00237456
0.00209022 0.00222961 0.00231002
0.00214984 0.00224007 0.00222574
0.0020251 0.00214297 0.00203683
0.00195308 0.00220662 0.00220867
0.00231825 0.00215022 0.00209603
0.00184528 0.00213293 0.0019688
0.00198991 0.00206349 0.00203897
0.00185044 0.00212021 0.00213048
0.00223981 0.00218738 0.00214253
0.00263683 0.00221046 0.00219741
0.00203907 0.00206995 0.0020631
0.00201378 0.002089 0.00206737
0.00187397 0.00205835 0.00203227
0.00186894 0.00229355 0.00192341
0.00233886 0.00213332 0.00198196
0.00178761 0.00196404 0.00193559
0.00187955 0.00182107 0.0018509
0.00270399 0.00212761 0.00207318
0.00210846 0.00214627 0.00205508
0.00291374 0.00210382 0.002006
0.00172342 0.00206149 0.00205659
0.00203465 0.00203772 0.00198686
0.00292206 0.00180753 0.00193136
0.00174942 0.00183274 0.00187161
0.00194605 0.00187632 0.00189606
0.00233178 0.00213772 0.00162379
0.00213213 0.00222096 0.00163052
0.00221699 0.00159095 0.00170442
0.00202867 0.00159989 0.00158521
0.00209456 0.00144885 0.00239699
0.00150995 0.00139628 0.00144227
0.00181951 0.00183905 0.00155093
0.0015656 0.001478 0.00149158
0.00137036 0.00138627 0.00152992
0.00161218 0.00152186 0.00158098
0.00141904 0.00143297 0.00164577
0.00211101 0.0014939 0.00161027
0.00161649 0.00164403 0.00183116
0.00140308 0.00163583 0.00182732
0.00105368 0.000840672 0.00183197
0.00102249 0.00105729 0.00190482
0.00144841 0.00151194 0.0019453
0.00111809 0.00110746 0.00119099
0.00114938 0.000966063 0.0019155
0.00204563 0.00186188 0.0018544
0.00168787 0.00176705 0.00161791
0.00201852 0.00170265 0.00147658
0.00120176 0.001214 0.00157191
0.00138572 0.00179935 0.00249876
0.00164024 0.00147728 0.0021998
0.0019694 0.00144372 0.00123044
0.00147662 0.00212307 0.0019721
0.00169556 0.00143825 0.00130739
0.00171395 0.00145138 0.00135124
0.00140478 0.00156192 0.00190557
0.00161409 0.00128071 0.0013191
0.00208168 0.00144265 0.00208935
0.0021613 0.00156072 0.00207971
0.00156952 0.00186726 0.00196484
0.00153997 0.00188152 0.00202736
0.00178871 0.00155348 0.00204202
0.00159061 0.00171559 0.00162613
0.00138856 0.00118328 0.00152915
0.00165638 0.00113058 0.00151253
0.00117847 0.00135357 0.00128687
0.00131148 0.00160636 0.00160845
0.00123842 0.00130185 0.001376
0.00165578 0.00143452 0.00165545
0.00192287 0.00153682 0.00181319
0.00140178 0.000990623 0.000834218
0.0015121 0.00154764 0.000975712
0.00128696 0.00178418 0.0017389
0.0018548 0.00139492 0.00116869
0.00169042 0.00162539 0.00126683
0.00181381 0.00176289 0.001289
0.000874718 0.00208997 0.00107983
0.00177922 0.00198212 0.00191753
0.00196431 0.00167914 0.00154807
0.00115739 0.00117048 0.00132366
0.00228585 0.00204918 0.00211204
0.0014429 0.00146214 0.001415
0.00165571 0.00122839 0.00165911
0.00158127 0.00145787 0.00145147
0.00221791 0.00191419 0.00182556
0.00182768 0.00231321 0.00152345
0.00193997 0.00275867 0.0023533
0.00153244 0.0016039 0.00206322
0.00181241 0.00154403 0.00153481
0.0019048 0.00132995 0.00194489
0.00220868 0.00122082 0.00136724
0.000818866 0.000860684 0.000842036
0.00191257 0.00153617 0.00137065
0.00107006 0.00163423 0.00150978
0.00164026 0.00114535 0.00110417
0.00160269 0.00135298 0.001344
0.00136153 0.00136211 0.00162711
0.00151631 0.00146239 0.00137352
0.00131507 0.00135794 0.00132373
0.00245264 0.00204988 0.00262927
0.00138002 0.00174751 0.00135048
0.00177296 0.00158847 0.00245468
0.00126785 0.00159082 0.0017855
0.00181687 0.00230668 0.00221801
0.00199318 0.00143628 0.00136699
0.00171278 0.0018248 0.0017402
0.00123584 0.00213785 0.00180285
0.00236734 0.00178515 0.0020336
0.00306616 0.00209622 0.00155892
0.00196363 0.00117891 0.00206125
0.00117708 0.00186176 0.00193373
0.00249783 0.00231747 0.00223756
0.00204438 0.00186383 0.00225277
0.00236613 0.00283237 0.0026345
0.00229509 0.00183486 0.0017596
0.00156377 0.00176061 0.00159308
0.00176376 0.00182647 0.00181441
0.00146708 0.00217912 0.00142529
0.00230827 0.00266982 0.00217506
0.00162774 0.00221454 0.00191825
0.00194011 0.00234283 0.00268168
0.00299853 0.00218095 0.00188843
0.00234164 0.00265692 0.00307228
0.00146772 0.00163594 0.00143016
0.00177538 0.00250956 0.00180121
0.0026286 0.00243012 0.00217795
0.00193029 0.00206253 0.00183806
0.00194301 0.00164506 0.00169803
0.00199807 0.00197954 0.00248982
0.00221145 0.00213864 0.00263173
0.00191445 0.00181105 0.00194032
0.00226704 0.00195437 0.00273167
0.0021854 0.00234466 0.00148213
0.00219934 0.00160057 0.0018295
0.00177537 0.00262663 0.00162466
0.00269172 0.0016443 0.00202417
0.00251446 0.00196814 0.00213364
0.00190006 0.00170584 0.0023363
0.00232008 0.00131515 0.00241862
0.00198214 0.00210436 0.00162848
0.00211227 0.00227582 0.00212306
0.00264845 0.00350765 0.00278742
0.00306604 0.00321078 0.00280807
0.00245262 0.00202395 0.00203584
0.00230965 0.00216432 0.00215247
0.00322851 0.00214875 0.00198082
0.00264847 0.00183733 0.0024682
0.00278388 0.00165385 0.00157506
0.00192151 0.00240362 0.00397294
0.00238205 0.00298202 0.00254949
0.00209167 0.0021101 0.00252339
0.00177177 0.00227961 0.00196871
0.00303358 0.00381976 0.00305286
0.00257744 0.00341009 0.00202791
0.00202495 0.0021947 0.00216729
0.00295848 0.00304985 0.00234242
0.00267505 0.0031702 0.00260675
0.00221121 0.00220437 0.00337156
0.00257514 0.00188788 0.0017884
0.00219823 0.00299329 0.00204983
0.00196612 0.00189829 0.00160834
0.00233981 0.0021244 0.00219653
0.00232435 0.00206874 0.00153486
0.00211024 0.0021307 0.00215666
0.00301745 0.00314892 0.00334013
0.0040564 0.0029547 0.00359631
0.00307856 0.00341009 0.00383079
0.00237935 0.00281381 0.00292086
0.00266705 0.00211434 0.00189478
0.00175308 0.00186007 0.00236221
0.00198373 0.00259013 0.00185832
0.00218924 0.00335698 0.00181525
0.00176078 0.00236149 0.00210255
0.00152258 0.00227605 0.0018871
0.00189879 0.00170882 0.00159526
0.00292942 0.0022384 0.00225035
0.00353507 0.00368432 0.00315514
0.00279332 0.00289195 0.00207642
0.00222768 0.00302001 0.00300331
0.00206185 0.00199225 0.00236685
0.00263667 0.00239935 0.00189949
0.00180833 0.00178675 0.00119845
0.00293872 0.00205329 0.00197087
0.00212126 0.00188051 0.00194069
0.00249943 0.0027746 0.00234963
0.00239747 0.00286105 0.00268257
0.00178042 0.00269221 0.00283098
0.00259834 0.00294919 0.00247527
0.00225629 0.00209377 0.00191321
0.00334881 0.00378019 0.00387816
0.00277451 0.00241687 0.00259326
0.00229423 0.00276968 0.00373463
0.00298773 0.00257283 0.00333799
0.00311924 0.00277236 0.00380589
0.00240938 0.00245241 0.00178889
0.00223947 0.00221146 0.00232263
0.00251421 0.0033001 0.0032573
0.00203798 0.00361852 0.0019349
0.00239305 0.00222937 0.00140241
0.00229168 0.00240441 0.00265443
0.0018104 0.00226144 0.00224141
0.00204218 0.00163142 0.00193411
0.0022304 0.00216918 0.00172276
0.00238866 0.00247465 0.00177144
0.00203034 0.00202891 0.00233354
0.00203156 0.0028274 0.00128569
0.00247612 0.00301234 0.00175093
0.00265973 0.00283566 0.00337422
0.00127969 0.00116125 0.00183485
0.00273444 0.00177155 0.0018099
0.00330647 0.00306553 0.00232877
0.00186381 0.00200923 0.00187624
0.00234389 0.00216924 0.00232014
0.00248411 0.00210608 0.00278513
0.00243641 0.00323522 0.00300683
0.00220528 0.0024469 0.00208671
0.00235428 0.00179158 0.0021941
0.00228566 0.00300838 0.0030154
0.0024049 0.00250832 0.00267247
0.00183761 0.00160721 0.0020273
0.0035651 0.00371377 0.00339386
0.00215472 0.00251646 0.00237915
0.00166926 0.00244867 0.00286033
0.00218774 0.00268353 0.00317915
0.00281048 0.00260616 0.00232649
0.00288745 0.00207567 0.001577
0.00228002 0.00143633 0.00175774
0.00230417 0.00226413 0.0027902
0.0029841 0.00297618 0.00221383
0.00259487 0.00231791 0.00208721
0.00232924 0.00286587 0.00210257
0.00279967 0.00301964 0.00299379
0.00338217 0.00258221 0.00232125
0.00221447 0.00336943 0.00245461
0.00290212 0.00172101 0.00208497
0.00350544 0.00258714 0.00287204
0.00254155 0.00263769 0.00307193
0.00293611 0.00332505 0.00229668
0.00243439 0.00231554 0.00232595
0.00261036 0.00206451 0.00237782
0.00237709 0.00231886 0.00265365
0.0024669 0.00308467 0.00327945
0.00424642 0.00359862 0.0033127
0.00219811 0.00152665 0.00270589
0.00329783 0.00328586 0.00361529
0.0031766 0.00265521 0.00225029
0.00326502 0.00360021 0.00281016
0.0021707 0.00340582 0.00285947
0.0020439 0.00223726 0.00192394
0.00277225 0.00267855 0.00267953
0.00263545 0.00183872 0.00235509
0.00280009 0.00153005 0.0018931
0.00246307 0.00181913 0.00151646
0.00219869 0.00273013 0.00271377
0.00340135 0.00345339 0.00214555
0.00242437 0.00265169 0.00321792
0.00232762 0.00285098 0.00233101
0.00222461 0.00232362 0.00256976
0.00250971 0.00244146 0.00282789
0.00216147 0.00238911 0.00341067
0.00206814 0.00241422 0.00238579
0.00280258 0.00234453 0.00213436
0.00278772 0.0026837 0.00291986
0.00288451 0.00285634 0.00284128
0.0033879 0.00390114 0.00346761
0.0023481 0.00244686 0.00292609
0.00270698 0.00294364 0.00230192
0.00284161 0.00311303 0.00290599
0.00445062 0.00265896 0.00271113
0.00295393 0.00273208 0.00252734
0.00322449 0.00327354 0.00266779
0.00220391 0.00212982 0.00202243
0.00282475 0.00211273 0.00381315
0.00302524 0.00248512 0.00257363
0.00195411 0.0028492 0.00294114
0.0034657 0.00363339 0.00248737
0.00304438 0.00364745 0.00295972
0.00225451 0.00256233 0.00204552
0.00390974 0.00294658 0.00285829
0.00294286 0.00365361 0.00268199
0.00387628 0.00280461 0.00298639
0.00354516 0.00300976 0.00292091
0.00327965 0.00380359 0.00388451
0.00313149 0.00385949 0.00331209
0.00382574 0.00389749 0.00297465
0.00357467 0.00403129 0.00348165
0.00394133 0.00487513 0.00350073
0.00350893 0.00330475 0.0031365
0.00394284 0.0039527 0.00360476
0.00333727 0.00285799 0.00386955
0.0022095 0.00149675 0.0020782
0.00211877 0.00290561 0.002336
0.00382234 0.00310465 0.00234753
0.00314037 0.0026229 0.00279785
0.00186922 0.00317615 0.00329136
0.00422731 0.00315384 0.00411837
0.00288254 0.00391858 0.00340032
0.00272394 0.00285463 0.0027099
0.0029578 0.00189807 0.00237254
0.00432378 0.00425239 0.00418458
0.00400087 0.0042951 0.00478386
0.00395132 0.00427456 0.00417542
0.00272552 0.00455807 0.00485646
0.00349972 0.00387288 0.0039504
0.00357216 0.00394673 0.00387694
0.00351812 0.0035174 0.00366771
0.00305962 0.00316578 0.00314238
0.00262985 0.00364027 0.00352267
0.00389111 0.00356738 0.00202225
0.00269068 0.00346323 0.00344712
0.00357218 0.0024975 0.00318831
0.00338281 0.00367622 0.00343993
0.00372516 0.00474326 0.00322343
0.00375554 0.00349536 0.00356533
0.00368588 0.00362168 0.00334864
0.00390239 0.00443999 0.00353923
0.00343875 0.00463476 0.00481858
0.00246181 0.00432572 0.0030916
0.00252498 0.00341763 0.00341602
0.00200147 0.00248391 0.00243544
0.00366613 0.00304154 0.00390375
0.00283555 0.00319899 0.00291008
0.00363311 0.00306423 0.00369806
0.00389864 0.00371195 0.00257275
0.00330459 0.00341194 0.0030569
0.003863 0.00392526 0.00351837
0.00293246 0.00233929 0.00238521
0.00210359 0.00192841 0.00258954
0.0026182 0.00268449 0.00242904
0.00385271 0.00262735 0.00363361
0.00208534 0.00317143 0.00360243
0.00323468 0.00322376 0.00317374
0.00351861 0.00296549 0.00324027
0.00239126 0.00341884 0.00320616
0.00245521 0.00285298 0.00248479
0.00327976 0.00448934 0.00335582
0.00279418 0.0036068 0.00379176
0.00264855 0.00361758 0.00241808
0.00298661 0.00323231 0.00290771
0.00265425 0.00371639 0.00237508
0.00415092 0.00203707 0.00184717
0.00360358 0.00337217 0.00317496
0.00340144 0.00271717 0.00255557
0.00282932 0.0027075 0.00244602
0.00252984 0.00204038 0.00234955
0.00360726 0.00304445 0.00205328
0.00189618 0.00214416 0.00199049
0.00282544 0.00235915 0.00318986
0.0022602 0.00171677 0.00284317
0.0023875 0.00229329 0.00235648
0.00196253 0.00220909 0.00165838
0.00226903 0.0028083 0.00257931
0.00354551 0.00441503 0.00382133
0.00342653 0.00282123 0.00263482
0.0030817 0.00337641 0.00262518
0.00321203 0.00293774 0.00312504
0.00305721 0.00197586 0.00189174
0.00231956 0.00250632 0.00258235
0.00300418 0.00218776 0.00259208
0.00273213 0.00209303 0.0030265
0.00441659 0.00286143 0.00318755
0.00303084 0.00409356 0.00379802
0.00286704 0.00297268 0.00287232
0.00377728 0.00278992 0.0030967
0.00293449 0.00371702 0.00322972
0.00270305 0.00336389 0.00297668
0.00264262 0.00180951 0.00210763
0.00377822 0.00346625 0.00326453
0.00354085 0.0039769 0.00487094
0.00305656 0.00328984 0.00224754
0.00434423 0.00217387 0.00271489
0.00344869 0.00293119 0.00323499
0.0034032 0.00351893 0.00302582
0.00320632 0.00354246 0.00417736
0.00341689 0.00434206 0.0038788
0.00377568 0.00317654 0.00331395
0.00332062 0.00330215 0.00291528
0.00285472 0.00287846 0.00312855
0.00282427 0.00353622 0.0037481
0.00315432 0.00328812 0.00300253
0.00326712 0.00310659 0.00355557
0.00242887 0.00344185 0.00295799
0.00305181 0.00369406 0.00410628
0.00270135 0.00267383 0.00190473
0.00279707 0.00351168 0.00295302
0.00263482 0.00299408 0.00315982
0.00249363 0.00291331 0.00296051
0.00274154 0.00309942 0.0026086
0.00256727 0.00284779 0.00320934
0.00239043 0.00330922 0.00296995
0.0021042 0.00282046 0.00229677
0.00241717 0.00205556 0.00167254
0.00195248 0.00293185 0.0021877
0.00299136 0.00297446 0.00321516
0.00205654 0.00376513 0.00363531
0.00332604 0.00290246 0.00336326
0.00313387 0.00334174 0.00221803
0.00247533 0.00185638 0.0018208
0.00284951 0.00279116 0.0029357
0.00239403 0.00236392 0.00274997
0.00218282 0.00269813 0.00253134
0.00234586 0.00289971 0.00232824
0.00335058 0.00281045 0.00272976
0.00223123 0.0023312 0.00261077
0.00250798 0.00341469 0.00283337
0.0028732 0.00338598 0.00305805
0.00186825 0.00218055 0.00182145
0.00254416 0.00314201 0.00243851
0.00236838 0.00276657 0.00251057
0.00351336 0.00350756 0.0026876
0.00135229 0.00254189 0.00180324
0.00249731 0.00172263 0.00344688
0.00221632 0.00293521 0.00249709
0.00363755 0.00303853 0.00260069
0.00217573 0.00362824 0.00226697
0.00249622 0.00285021 0.00224381
0.00324934 0.0030948 0.00363484
0.00254983 0.00280242 0.00255375
0.00211231 0.0021231 0.00188605
0.00270352 0.00258799 0.00344526
0.00335284 0.00387072 0.00389644
0.00291677 0.00382043 0.00430366
0.0025473 0.00302183 0.00368924
0.00392986 0.00420105 0.00362904
0.00379249 0.0034412 0.00336988
0.00238129 0.00289594 0.00318594
0.00327998 0.0027074 0.0030289
0.00308549 0.00405936 0.00393981
0.00302971 0.00255214 0.00298726
0.00314855 0.00402534 0.00328109
0.00200272 0.00228761 0.0021653
0.00251368 0.00234889 0.00233542
0.00208593 0.00196621 0.00275731
0.00351583 0.00363004 0.00345026
0.00270413 0.00231934 0.00261136
0.00182876 0.0023694 0.00149209
0.0039703 0.0020648 0.0020957
0.00217478 0.00224747 0.00289483
0.00296075 0.00241738 0.00298566
0.00175474 0.00172125 0.00190332
0.00206275 0.00212092 0.00265506
0.00328275 0.0034457 0.00232128
0.00235486 0.00336987 0.00306665
0.00232742 0.00306726 0.00252064
0.00230869 0.00288792 0.00245443
0.00227088 0.00192794 0.00200771
0.00181035 0.00262644 0.00265027
0.00252879 0.00201297 0.00224812
0.00219896 0.00243209 0.00264833
0.00238233 0.00255878 0.00232757
0.00252463 0.00250954 0.00236812
0.00330045 0.0036754 0.00310966
0.00340673 0.00295907 0.00390687
0.00348884 0.00294571 0.002502
0.00199509 0.00272196 0.00266717
0.00235604 0.00252018 0.00343762
0.00221914 0.00271774 0.00262922
0.00319494 0.00292659 0.00222691
0.00271353 0.00210128 0.0019468
0.00209443 0.00209923 0.00210793
0.00282746 0.00341788 0.00258693
0.00269836 0.00229067 0.0024092
0.0032563 0.00266489 0.00369616
0.00254744 0.00306729 0.00156806
0.00177149 0.00162371 0.0013639
0.00243854 0.00216195 0.00234813
0.0024843 0.00194018 0.00139113
0.0024066 0.00188256 0.00228847
0.00338633 0.00257367 0.00205387
0.00263375 0.00201152 0.00297002
0.00245517 0.00277689 0.00235532
0.00234794 0.0026981 0.00288499
0.00314436 0.00187094 0.00347554
0.00230436 0.00220656 0.00316378
0.00210979 0.00301267 0.00334455
0.00247553 0.00235019 0.00226677
0.00212855 0.00296519 0.00226666
0.00311129 0.00234022 0.00253162
0.00251814 0.00355318 0.00270047
0.00290894 0.0024435 0.00246505
0.00277771 0.00248537 0.00302774
0.00168403 0.00261297 0.00173553
0.00176247 0.00171593 0.00179491
0.00311704 0.00169471 0.00152629
0.00296781 0.00211006 0.00226487
0.00185156 0.00197662 0.00317525
0.00288527 0.00329994 0.0028207
0.00250349 0.00253244 0.00266718
0.0027099 0.00269493 0.00245948
0.00260645 0.0025952 0.00211146
0.00199705 0.00234845 0.00217758
0.00280767 0.00265396 0.00253817
0.00318182 0.00222389 0.00249696
0.00277912 0.00321262 0.00327968
0.00175634 0.00214333 0.00215796
0.00198483 0.00209072 0.00186063
0.00259208 0.00258212 0.0027424
0.00199258 0.00236763 0.00265983
0.00233717 0.00147762 0.00162399
0.00209553 0.00294912 0.00231864
0.00110863 0.00214037 0.00172402
0.00187539 0.00309056 0.00172441
0.00271948 0.00251432 0.00235411
0.0022117 0.00233874 0.00201419
0.00228757 0.0025433 0.00234756
0.00256278 0.00307096 0.00268631
0.00296864 0.00310985 0.00294147
0.00184104 0.00248172 0.00211203
0.00387128 0.00312481 0.00189391
0.00257185 0.00255975 0.002768
0.00166423 0.0016084 0.00159558
0.00239316 0.00149588 0.0026403
0.00244436 0.00184377 0.00225121
0.00303372 0.00291812 0.00273974
0.00275423 0.00218467 0.00242968
