1.07969 1.08301 1.08488
1.07226 1.06967 1.07695
1.06671 1.0661 1.07276
1.06021 1.06025 1.06734
1.06548 1.06221 1.06234
1.0686 1.06143 1.05947
1.07218 1.0575 1.05587
1.07089 1.0873 1.08022
1.07672 1.10275 1.09526
1.07904 1.09751 1.09897
1.09163 1.07436 1.07063
1.09644 1.07505 1.07694
1.06376 1.07864 1.08133
1.07944 1.05629 1.058
1.0676 1.06638 1.06273
1.07978 1.06688 1.06831
1.07424 1.08938 1.08972
1.11324 1.09689 1.09462
1.07266 1.09855 1.09306
1.07182 1.07275 1.07099
1.08823 1.07832 1.0762
1.08877 1.07318 1.07102
1.11343 1.10503 1.09643
1.08612 1.09547 1.10249
1.08929 1.101 1.10434
1.10316 1.0769 1.0783
1.09587 1.07938 1.0767
1.06697 1.08378 1.08083
1.08263 1.06904 1.06812
1.08275 1.07472 1.0737
1.09297 1.07166 1.07182
1.08213 1.10324 1.10311
1.08778 1.11133 1.10808
1.12655 1.11268 1.11183
1.1119 1.13575 1.13203
1.11709 1.14097 1.1386
1.12062 1.14394 1.14139
1.13231 1.10999 1.11094
1.12838 1.11445 1.10892
1.12861 1.12624 1.11397
1.11425 1.14383 1.13659
1.13064 1.15054 1.149
1.1292 1.16307 1.15093
1.09509 1.12866 1.11935
1.10899 1.13293 1.13405
1.1182 1.13414 1.14046
1.0874 1.11538 1.10884
1.09298 1.12224 1.11617
1.09888 1.12612 1.11942
1.10258 1.09503 1.09135
1.1139 1.09986 1.09167
1.10381 1.1046 1.08984
1.08742 1.1084 1.10821
1.1333 1.12082 1.10773
1.12691 1.12228 1.10709
1.11038 1.13961 1.13216
1.11981 1.15604 1.14258
1.14493 1.13905 1.14365
1.13203 1.1094 1.11456
1.12071 1.11924 1.10924
1.15106 1.14974 1.13905
1.11065 1.12897 1.13115
1.11551 1.13188 1.13581
1.12334 1.15302 1.14564
1.13634 1.12619 1.12219
1.14881 1.14048 1.13435
1.11849 1.14786 1.13977
1.125 1.12189 1.11261
1.14628 1.13827 1.13068
1.15648 1.1513 1.13816
1.14731 1.16961 1.17016
1.15524 1.18551 1.17412
1.16441 1.18937 1.17674
1.13743 1.16456 1.15955
1.1455 1.1706 1.16925
1.19004 1.18166 1.17563
1.17476 1.19055 1.19855
1.20411 1.18208 1.18827
1.16666 1.192 1.19166
1.13115 1.15977 1.1583
1.14112 1.16893 1.16492
1.14719 1.16987 1.17128
1.11586 1.13384 1.13715
1.11186 1.14117 1.13548
1.15376 1.15184 1.14013
1.13693 1.17685 1.16287
1.16304 1.18907 1.18313
1.16168 1.19137 1.18253
1.12833 1.16121 1.1527
1.14314 1.17779 1.16475
1.14628 1.1769 1.16595
1.15299 1.15359 1.14025
1.14217 1.16918 1.1603
1.13828 1.17298 1.16224
1.15116 1.13323 1.13086
1.11843 1.13424 1.13662
1.1146 1.13578 1.1392
1.12418 1.11863 1.10797
1.13929 1.13718 1.12622
1.14762 1.17698 1.17795
1.16129 1.15871 1.14772
1.14843 1.17488 1.17069
1.15679 1.18488 1.18085
1.16576 1.1507 1.15309
1.16504 1.1616 1.15569
1.13735 1.16791 1.16202
1.14458 1.13666 1.13008
1.15559 1.15062 1.1444
1.15868 1.16746 1.15231
1.14595 1.18063 1.16692
1.16947 1.19769 1.19235
1.17323 1.21151 1.19824
1.14647 1.16262 1.16459
1.17872 1.17794 1.16452
1.14709 1.17582 1.17096
1.15709 1.16998 1.17844
1.12436 1.15813 1.15217
1.14317 1.16189 1.16588
1.14752 1.1746 1.17385
1.15652 1.18654 1.18033
1.16081 1.18867 1.18291
1.16088 1.18774 1.18425
1.16684 1.19763 1.19106
1.17337 1.19769 1.19246
1.17541 1.21442 1.20042
1.18001 1.19841 1.20091
1.18258 1.18297 1.19849
1.17511 1.20571 1.19767
1.18833 1.1929 1.2087
1.18457 1.19333 1.20605
1.18054 1.20611 1.2036
1.14607 1.17052 1.17113
1.15365 1.17268 1.17009
1.14625 1.16588 1.17103
1.14952 1.18028 1.17155
1.16182 1.17552 1.18417
1.16111 1.17196 1.18354
1.14578 1.17589 1.16712
1.14636 1.17419 1.16541
1.15547 1.18707 1.17861
1.16292 1.19469 1.18508
1.18685 1.19569 1.20543
1.19037 1.19957 1.21011
1.17563 1.19862 1.19267
1.16888 1.19503 1.18947
1.17603 1.21239 1.19714
1.17702 1.19846 1.19853
1.18246 1.20809 1.19965
1.17917 1.19635 1.19889
1.1454 1.18186 1.16786
1.16778 1.20738 1.18947
1.16997 1.19062 1.1916
1.17201 1.19421 1.19326
1.17271 1.18259 1.19376
1.17837 1.18521 1.19438
1.17727 1.19936 1.19649
1.18405 1.1817 1.20386
1.18419 1.21606 1.20471
1.20468 1.23905 1.22948
1.21438 1.24806 1.23841
1.24614 1.27097 1.26
1.25931 1.2716 1.28215
1.26266 1.29707 1.28746
1.28844 1.29656 1.30806
1.29319 1.30413 1.31338
1.2882 1.31392 1.30367
1.28691 1.29176 1.30685
1.27057 1.27846 1.28754
1.27287 1.27288 1.29047
1.25524 1.26641 1.26703
1.27374 1.28335 1.26816
1.28177 1.27877 1.27176
1.2687 1.29097 1.28563
1.27006 1.29719 1.28787
1.28276 1.297 1.30492
1.28893 1.31222 1.30847
1.29773 1.31576 1.3169
1.30313 1.31329 1.32256
1.29143 1.31441 1.31235
1.30277 1.29879 1.31621
1.28221 1.29513 1.2934
1.27908 1.30893 1.29642
1.29828 1.29671 1.31778
1.29851 1.30965 1.32112
1.30691 1.32259 1.32446
1.31165 1.31708 1.32479
1.30992 1.32537 1.32977
1.30417 1.32115 1.32484
1.30807 1.31139 1.32852
1.31461 1.31527 1.30485
1.29267 1.31835 1.30836
1.29677 1.29653 1.28581
1.28913 1.31948 1.30649
1.29312 1.308 1.31085
1.28945 1.31155 1.30909
1.29581 1.29641 1.31245
1.27512 1.29897 1.29061
1.27564 1.29512 1.29357
1.28131 1.30982 1.30027
1.28494 1.292 1.30359
1.2938 1.27416 1.28689
1.27625 1.27493 1.29032
1.28223 1.27189 1.26946
1.2816 1.26985 1.27247
1.27328 1.28186 1.27139
1.27615 1.27549 1.27291
1.27115 1.29302 1.28155
1.29238 1.29103 1.28448
1.27477 1.28511 1.28724
1.29959 1.29775 1.28813
1.30387 1.30307 1.29142
1.29759 1.29563 1.31229
1.29825 1.31434 1.31695
1.29602 1.31172 1.316
1.30257 1.31202 1.32047
1.29056 1.30397 1.30846
1.30109 1.29325 1.28527
1.29037 1.28956 1.2882
1.28056 1.29828 1.29313
1.28158 1.29829 1.29823
1.28221 1.28801 1.30031
1.29571 1.28972 1.28429
1.27568 1.28769 1.28733
1.27646 1.29166 1.29081
1.29753 1.2963 1.29418
1.29426 1.29228 1.29788
1.29046 1.29226 1.30127
1.28992 1.30364 1.30341
1.28809 1.2967 1.30428
1.2921 1.29776 1.30737
1.28586 1.28669 1.29706
1.28497 1.28415 1.30028
1.29189 1.28986 1.27833
1.29023 1.28537 1.28127
1.29825 1.2853 1.28946
1.28697 1.28497 1.29245
1.30264 1.30283 1.29469
1.29538 1.2957 1.3093
1.29491 1.29454 1.31146
1.28261 1.28577 1.29045
1.28404 1.2933 1.29284
1.28586 1.28789 1.29459
1.28847 1.29637 1.29864
1.28219 1.30397 1.2966
1.2834 1.29965 1.29907
1.28969 1.28564 1.27874
1.28653 1.29991 1.29414
1.28765 1.29961 1.29538
1.28398 1.29848 1.30339
1.28978 1.29137 1.30661
1.27514 1.28894 1.28674
1.27691 1.27609 1.28937
1.27887 1.27589 1.27227
1.28493 1.28216 1.27586
1.27033 1.28161 1.27855
1.29301 1.29564 1.28507
1.27706 1.29354 1.2876
1.28355 1.28383 1.29813
1.28775 1.29161 1.30133
1.29231 1.29874 1.28927
1.27951 1.29449 1.29234
1.28944 1.29485 1.29657
1.28739 1.28907 1.30039
1.29362 1.29031 1.28569
1.2992 1.29303 1.2882
1.28274 1.30711 1.29793
1.28526 1.28626 1.30225
1.2869 1.28911 1.30388
1.29685 1.2976 1.28545
1.27956 1.29791 1.28779
1.28702 1.30535 1.30407
1.29392 1.28628 1.30732
1.29675 1.29075 1.27954
1.27345 1.29629 1.28207
1.27933 1.27779 1.27168
1.2966 1.29655 1.28384
1.29513 1.29035 1.28824
1.27661 1.27981 1.29041
1.28162 1.27958 1.27658
1.29098 1.29061 1.27865
1.28162 1.28265 1.30016
1.28374 1.28762 1.27821
1.28939 1.29415 1.28007
1.28368 1.29784 1.30297
1.28845 1.28941 1.3062
1.27829 1.2908 1.28391
1.27553 1.29252 1.28568
1.28102 1.27688 1.27288
1.27329 1.28017 1.28226
1.27542 1.27762 1.28607
1.27523 1.28528 1.28819
1.27925 1.28059 1.2864
1.28101 1.27846 1.28891
1.28654 1.2867 1.28055
1.27955 1.29406 1.29174
1.28143 1.28362 1.29461
1.2728 1.29017 1.28215
1.27538 1.28767 1.2842
1.27904 1.28596 1.28643
1.29328 1.29532 1.28725
1.28129 1.29785 1.29053
1.29071 1.28679 1.27858
1.28038 1.28579 1.29355
1.28274 1.28506 1.29753
1.28996 1.29252 1.28167
1.27283 1.28856 1.28367
1.27871 1.28536 1.29232
1.27855 1.29104 1.29553
1.2892 1.2688 1.27398
1.27767 1.28148 1.26915
1.27848 1.27941 1.27122
1.28711 1.28866 1.28591
1.27583 1.29826 1.28836
1.28464 1.28751 1.30567
1.29104 1.29079 1.308
1.27246 1.29398 1.28418
1.28455 1.2847 1.30022
1.28705 1.29767 1.30305
1.28983 1.29623 1.30607
1.27768 1.28245 1.29536
1.28057 1.28305 1.2982
1.2812 1.28313 1.27435
1.27795 1.28295 1.28985
1.27899 1.29782 1.29277
1.28869 1.28877 1.30251
1.28905 1.29218 1.3052
1.2923 1.27493 1.2884
1.2758 1.27302 1.29069
1.28451 1.28177 1.27178
1.2773 1.29838 1.2893
1.27977 1.30047 1.2921
1.28957 1.29548 1.30672
1.29299 1.29224 1.30944
1.29226 1.29291 1.31101
1.27412 1.27809 1.28764
1.2856 1.28044 1.27233
1.28554 1.28516 1.27535
1.27891 1.27785 1.29315
1.27949 1.2767 1.29583
1.28393 1.28103 1.27054
1.27967 1.2843 1.27206
1.2761 1.28009 1.2924
1.28616 1.28429 1.27288
1.26694 1.28037 1.27568
1.27854 1.2794 1.28454
1.27472 1.28467 1.28826
1.27426 1.29117 1.28514
1.27085 1.29198 1.28661
1.27716 1.28183 1.26684
1.27443 1.27802 1.29281
1.27957 1.28615 1.29593
1.26879 1.29071 1.2842
1.27029 1.27055 1.28573
1.27103 1.27297 1.26617
1.27242 1.26857 1.2691
1.28524 1.27897 1.27677
1.27307 1.29467 1.28045
1.28768 1.28765 1.30341
1.2867 1.28894 1.30637
1.29103 1.27025 1.28263
1.26761 1.28837 1.28461
1.27797 1.27789 1.29296
1.28587 1.28508 1.27513
1.26678 1.2916 1.27747
1.28181 1.28294 1.30067
1.28585 1.28945 1.30383
1.27457 1.27085 1.28534
1.27349 1.29412 1.28758
1.28354 1.28243 1.26937
1.27629 1.29526 1.29256
1.27937 1.275 1.29562
1.2835 1.27386 1.26814
1.28016 1.27749 1.26999
1.29398 1.29465 1.283
1.27194 1.27639 1.28675
1.27622 1.27771 1.28962
1.27701 1.28293 1.27446
1.28666 1.27758 1.28123
1.27518 1.28175 1.28363
1.27619 1.2782 1.2829
1.27764 1.28452 1.28593
1.28287 1.28192 1.28564
1.27618 1.29661 1.28829
1.28673 1.28641 1.27354
1.27859 1.27849 1.29615
1.27889 1.28086 1.29872
1.28726 1.28922 1.27742
1.27346 1.29108 1.27972
1.2713 1.28913 1.28162
1.27908 1.27911 1.29508
1.28642 1.26711 1.27563
1.27221 1.28419 1.27741
1.27745 1.27819 1.28953
1.30043 1.28445 1.29317
1.26968 1.2907 1.28337
1.26985 1.27211 1.28523
1.27928 1.27459 1.26512
1.28133 1.28081 1.26915
1.29729 1.29757 1.2889
1.27786 1.27562 1.29151
1.28498 1.2862 1.27265
1.2618 1.28652 1.27447
1.27468 1.27633 1.2937
1.2798 1.2834 1.29741
1.26119 1.28704 1.27566
1.28022 1.2786 1.29444
1.27699 1.28216 1.29683
1.28345 1.3032 1.30027
1.29193 1.29518 1.307
1.28807 1.29327 1.3098
1.27545 1.29347 1.27988
1.27236 1.29805 1.28289
1.29197 1.28857 1.30786
1.29314 1.29391 1.31216
1.27719 1.30064 1.28761
1.27431 1.30029 1.2899
1.27583 1.29929 1.29233
1.28933 1.29446 1.30612
1.28986 1.29261 1.30917
1.28447 1.28774 1.28338
1.26931 1.30111 1.28558
1.2929 1.29451 1.31063
1.29272 1.30032 1.31514
1.30107 1.30582 1.31834
1.29016 1.29669 1.30265
1.29311 1.29817 1.30478
1.28036 1.28079 1.29773
1.28258 1.2817 1.30033
1.26594 1.26465 1.27677
1.26735 1.28813 1.27952
1.27831 1.28558 1.29414
1.28108 1.2856 1.29844
1.26561 1.29487 1.28305
1.26727 1.29058 1.2848
1.26992 1.29111 1.28671
1.27945 1.28666 1.29628
1.28569 1.29728 1.29948
1.27043 1.29007 1.28094
1.26797 1.26844 1.28259
1.2769 1.27416 1.26473
1.26066 1.27888 1.268
1.26948 1.2921 1.28723
1.273 1.2775 1.29033
1.2783 1.26926 1.26711
1.26072 1.27831 1.2688
1.27072 1.26661 1.2847
1.27305 1.29279 1.28807
1.28933 1.28779 1.29787
1.28417 1.30357 1.30115
1.28698 1.30118 1.30338
1.2915 1.2898 1.30666
1.27202 1.29876 1.28698
1.29123 1.2938 1.30579
1.29062 1.29072 1.30877
1.2923 1.29558 1.31242
1.27594 1.27309 1.29071
1.27313 1.27881 1.29263
1.25814 1.28609 1.27456
1.26053 1.26185 1.27717
1.2487 1.26832 1.25567
1.27031 1.27027 1.25876
1.25974 1.25995 1.27797
1.26587 1.27594 1.2811
1.28804 1.27517 1.27693
1.27145 1.27814 1.27955
1.26687 1.28856 1.28178
1.27123 1.29237 1.2857
1.283 1.28063 1.26765
1.27367 1.277 1.28761
1.2729 1.27693 1.29007
1.26118 1.28688 1.2747
1.28658 1.2668 1.27678
1.26352 1.26591 1.27927
1.27066 1.26464 1.26218
1.2591 1.2669 1.26467
1.25824 1.26958 1.26744
1.26355 1.26422 1.25695
1.28234 1.2732 1.26993
1.25978 1.27126 1.27242
1.2612 1.28596 1.27555
1.27209 1.27896 1.2933
1.27421 1.28032 1.29647
1.27922 1.29716 1.29886
1.28067 1.29204 1.29825
1.28186 1.28264 1.29976
1.28588 1.28496 1.30244
1.28697 1.29165 1.30582
1.26946 1.2926 1.28098
1.28316 1.28631 1.29867
1.28458 1.28763 1.30133
1.28977 1.28697 1.3049
1.26949 1.26403 1.28173
1.2697 1.28656 1.28329
1.27451 1.28573 1.28589
1.27821 1.2891 1.2896
1.27837 1.28612 1.29132
1.28024 1.29439 1.29236
1.26297 1.28734 1.2762
1.26188 1.28772 1.27898
1.26533 1.26656 1.28181
1.27274 1.26826 1.2628
