0.00198623 0.00211852 0.00196692
0.00216777 0.00263111 0.00294766
0.00372948 0.00425357 0.0036966
0.00389508 0.00303188 0.00293746
0.00299431 0.00245275 0.00284592
0.00251729 0.00244919 0.00272664
0.00275278 0.00249382 0.00261301
0.00300607 0.00248254 0.00277446
0.00339296 0.00304025 0.00279316
0.00374042 0.0023686 0.00260195
0.00243111 0.00247586 0.00275817
0.00239477 0.00268539 0.00282451
0.00256205 0.00292893 0.00297313
0.00389741 0.00299495 0.00302701
0.00306354 0.00329839 0.0037808
0.00350719 0.00359182 0.00365174
0.00286052 0.00299502 0.00355519
0.00294541 0.00328952 0.00349159
0.00301842 0.00318567 0.00311902
0.00265793 0.00303634 0.00314298
0.00219875 0.00255626 0.0032826
0.00292846 0.00308283 0.00361141
0.00264094 0.0026163 0.00322155
0.00272929 0.00262762 0.00336723
0.00274729 0.00279816 0.00369996
0.00279724 0.00275891 0.00380995
0.00283821 0.00293784 0.0040163
0.0052323 0.00524153 0.00584847
0.00502335 0.00497497 0.00556039
0.00493972 0.00481002 0.005501
0.00420842 0.0041982 0.00479767
0.00402802 0.00393149 0.00460431
0.0041321 0.00395485 0.00457264
0.00431546 0.00401651 0.00462728
0.00418138 0.00418469 0.00511562
0.00428366 0.00409231 0.00475944
0.00440214 0.0049131 0.00519733
0.00458624 0.0043797 0.00511033
0.00446076 0.00442939 0.00510691
0.00499624 0.00445538 0.0053956
0.00505363 0.00480598 0.0054643
0.00471082 0.00463156 0.00531913
0.00546282 0.00576084 0.00629885
0.00744976 0.00735227 0.0078853
0.00670707 0.00637476 0.00712634
0.00590892 0.00592967 0.00659412
0.00490772 0.00459301 0.0052853
0.00444992 0.00440555 0.00517106
0.00380254 0.00345473 0.00461457
0.00412274 0.00399338 0.00464884
0.0045954 0.0044633 0.00541707
0.0045522 0.00432541 0.0054572
0.0044764 0.00411395 0.00535988
0.0041831 0.00406732 0.00515537
0.00493499 0.00504007 0.00573997
0.00524831 0.00469068 0.00550904
0.00782487 0.00772231 0.00824663
0.00740077 0.00729345 0.00828471
0.0071632 0.00736831 0.00815457
0.00721482 0.00713593 0.00812135
0.00663994 0.0066348 0.00759846
0.00531434 0.00554357 0.00604112
0.00538685 0.0053589 0.00601384
0.00573117 0.0055761 0.00631053
0.00634808 0.00622211 0.00691195
0.00491453 0.00495906 0.00568566
0.00618974 0.00642069 0.0069393
0.00469556 0.0047587 0.00561439
0.00475894 0.00462126 0.00570393
0.00488605 0.00473087 0.00607884
0.00586742 0.00529649 0.00574268
0.00792491 0.00770163 0.00853646
0.0079861 0.00775144 0.00870469
0.00780691 0.0078262 0.00869972
0.00768728 0.00796046 0.00863368
0.00823045 0.00801319 0.00876828
0.00764286 0.00773169 0.00840812
0.0084425 0.00830916 0.00913644
0.0084538 0.00841587 0.00922166
0.00843959 0.00834867 0.00927529
0.00934375 0.00949479 0.0100671
0.00928184 0.00929851 0.00972506
0.00890886 0.0086991 0.00917873
0.00778331 0.00790931 0.00843746
0.00812872 0.00767057 0.00862094
0.0076228 0.00814522 0.00860292
0.00809799 0.00789088 0.00882635
0.00842892 0.00842377 0.00929149
0.00840413 0.00848946 0.00930634
0.0086243 0.00857929 0.00942294
0.00912658 0.00907222 0.0100551
0.00930308 0.00912702 0.0101708
0.0095946 0.00934172 0.0102839
0.0124855 0.012454 0.0130071
0.0123035 0.0125404 0.0131447
0.0117478 0.0114229 0.0123117
0.0123574 0.0121155 0.012885
0.0118938 0.011745 0.0125276
0.0116964 0.0115825 0.0124293
0.011513 0.011817 0.0125851
0.0128423 0.0131643 0.0135295
0.0127542 0.0128258 0.0134522
0.0116197 0.0119224 0.012092
0.0119358 0.0119146 0.0123025
0.0110698 0.0113178 0.0118649
0.0113059 0.011328 0.0118567
0.0112437 0.0112909 0.0119997
0.0110511 0.0102286 0.0114269
0.0110054 0.0108367 0.0119499
0.0136108 0.0132256 0.0143711
0.0133493 0.0133416 0.0143529
0.0132938 0.0134493 0.0140625
0.0137666 0.0139182 0.0145325
0.013942 0.0136933 0.0146137
0.0139614 0.0143921 0.0154421
0.0146551 0.014857 0.0158687
0.0146532 0.0151594 0.0158854
0.0148513 0.0150596 0.0158961
0.0159071 0.0158557 0.0168308
0.0158357 0.0160059 0.016377
0.0144234 0.0138902 0.0149543
0.0140999 0.0143753 0.0151145
0.014854 0.0147757 0.0156867
0.00894147 0.00914559 0.00965347
0.0067144 0.00664409 0.00703214
0.00664358 0.00659891 0.00717532
0.0031004 0.00326246 0.00374073
0.00358747 0.00360836 0.00381814
0.00511231 0.0054346 0.0056607
0.00882696 0.00927365 0.00905553
0.00771766 0.00819206 0.00803835
0.00646754 0.00656151 0.00662284
0.00545277 0.00541909 0.00531492
0.00535541 0.00561137 0.00591302
0.00806514 0.00804394 0.00827869
0.00742221 0.0072248 0.00744336
0.00793604 0.00795601 0.00793214
0.00700986 0.00690166 0.0068136
0.00579711 0.00588413 0.00589633
0.00368942 0.00388938 0.00376606
0.00333181 0.00348566 0.00335593
0.00359314 0.00382448 0.00373384
0.00393775 0.00351799 0.00371904
0.00368343 0.00372832 0.00383788
0.00423691 0.00436226 0.00450387
0.0044328 0.00454286 0.00453539
0.00543471 0.0053925 0.00538838
0.00499064 0.00525812 0.00511579
0.00517482 0.00523945 0.00498078
0.0055284 0.00541635 0.00526363
0.00575813 0.00630706 0.00602495
0.00561432 0.00553369 0.00573373
0.00577868 0.00560313 0.00553901
0.00584176 0.00599693 0.00585774
0.0056885 0.00579972 0.00594805
0.00636832 0.00629293 0.00634324
0.00627232 0.00648141 0.00627238
0.00602713 0.00645043 0.00620479
0.00673182 0.00681523 0.00667894
0.00637511 0.00652858 0.00646107
0.00683297 0.00683404 0.00680241
0.0067286 0.00666732 0.00671831
0.00733961 0.00729735 0.00732211
0.00565746 0.00600063 0.00596621
0.00564745 0.00560866 0.00600354
0.00583732 0.00578581 0.00613684
0.00538313 0.00572069 0.00605223
0.00646221 0.00673515 0.00675733
0.00675891 0.00668762 0.00705553
0.0065624 0.00693154 0.00727117
0.00641417 0.00690449 0.00698416
0.00691033 0.00683808 0.00707475
0.0069401 0.00672132 0.00681187
0.00642553 0.00696711 0.00686519
0.00646439 0.0064487 0.00664563
0.00634641 0.00649565 0.00652371
0.00617674 0.00608462 0.00638072
0.00647254 0.0070314 0.00691275
0.00636847 0.00618063 0.0064827
0.00540687 0.00579031 0.00579706
0.00402865 0.00406032 0.00426173
0.00440463 0.00423074 0.00444006
0.00405204 0.00388229 0.00438052
0.00484193 0.00525793 0.00537335
0.00555598 0.00518813 0.00564628
0.00579546 0.00597448 0.00637253
0.00634334 0.00683318 0.00686776
0.00656307 0.00672257 0.00704953
0.00619248 0.00659637 0.00662578
0.00625733 0.00665251 0.00673222
0.00588008 0.0059698 0.00619238
0.00559329 0.00589267 0.00604202
0.00544396 0.00557365 0.00577317
0.00615154 0.00628862 0.00679009
0.00655104 0.00694232 0.00692617
0.00622402 0.0063769 0.00652906
0.0059796 0.00626895 0.00624912
0.0064506 0.00637966 0.00661315
0.00654305 0.0069149 0.00715977
0.00717299 0.007296 0.00752716
0.00659105 0.00727649 0.0072397
0.00603127 0.0063272 0.00657196
0.00723658 0.00685728 0.00747627
0.00702876 0.00723641 0.00727009
0.00655378 0.00680771 0.00714228
0.00664307 0.00683343 0.00712626
0.0057199 0.00586706 0.00614483
0.00635618 0.006074 0.00666339
0.00669435 0.00705549 0.00721392
0.00699463 0.00724948 0.0074558
0.00707567 0.0072128 0.0075824
0.00722144 0.00723106 0.00776681
0.00727007 0.00736744 0.00792147
0.00715264 0.00722017 0.00759621
0.00768558 0.0073788 0.00812147
0.00687056 0.00734258 0.00748689
0.0073441 0.00726571 0.00767578
0.00683549 0.00700035 0.00727069
0.00766551 0.00753157 0.00761663
0.00735961 0.00753229 0.00769096
0.00710568 0.00765404 0.00774263
0.00685685 0.00757805 0.00759694
0.00669287 0.00654017 0.00702879
0.00678617 0.00655429 0.00723661
0.00662429 0.00661046 0.00687718
0.0069675 0.00703121 0.00744268
0.00619855 0.00672319 0.00677292
0.00639297 0.00627563 0.00680073
0.00636678 0.00636514 0.00661248
0.00592402 0.00573507 0.0061315
0.00567456 0.00604028 0.00620243
0.00609762 0.00625109 0.00651216
0.00613142 0.00625632 0.00654468
0.00696097 0.00736044 0.00716535
0.00665512 0.00677764 0.00685162
0.00659229 0.00691916 0.00702413
0.00704625 0.00701865 0.00704232
0.00686781 0.00675056 0.00693679
0.0067104 0.00688729 0.00726411
0.00699055 0.00730808 0.0074223
0.00658942 0.00675732 0.00679258
0.00685025 0.00652875 0.00688305
0.00685634 0.0067933 0.0070205
0.00675158 0.00722806 0.00721258
0.00710851 0.00689423 0.00716897
0.00664259 0.00689302 0.00690014
0.00676648 0.00648564 0.00680647
0.00667998 0.00665497 0.00684673
0.00620229 0.00637278 0.00651184
0.00635632 0.00634517 0.00664644
0.0065635 0.00650176 0.00680632
0.00677206 0.00653283 0.00691437
0.00673257 0.00696362 0.00703831
0.00674543 0.00660634 0.00696875
0.00650046 0.00659155 0.00682318
0.00688196 0.00688916 0.00718866
0.00680418 0.00686935 0.00713691
0.0066564 0.0068171 0.00694645
0.00652703 0.00711581 0.00699383
0.0065062 0.00654469 0.00680254
0.0066853 0.00669612 0.00682963
0.0066785 0.00698751 0.00698827
0.00667175 0.00686005 0.00680928
