0.00319675 0.00254745 0.00187171
0.00332547 0.00354104 0.00254648
0.00243754 0.00317279 0.00190149
0.00399021 0.00326281 0.00233973
0.00265282 0.00371278 0.00285649
0.00282959 0.00352271 0.00249337
0.00254168 0.00278685 0.00237876
0.00364047 0.00216996 0.00106199
0.00232382 0.00252186 0.00133472
0.00293008 0.00313417 0.00197606
0.00331151 0.00308152 0.00237338
0.00333267 0.00253496 0.00150221
0.00235474 0.00313589 0.00209323
0.0034838 0.00183359 0.00135247
0.00277209 0.00155648 0.00101089
0.00312558 0.0018724 0.000939499
0.00163909 0.00199592 0.00151894
0.00385367 0.00198903 0.0011183
0.00370032 0.00194678 0.000950644
0.0020803 0.00239705 0.00145974
0.00195172 0.0019393 0.000947628
0.00388129 0.00209573 0.00119369
0.00248977 0.0027125 0.00152056
0.00312832 0.00297865 0.00167518
0.00244879 0.00263405 0.00210241
0.00263287 0.00231881 0.0010693
0.00195895 0.00231136 0.00129808
0.00221581 0.00233551 0.00123097
0.00162553 0.00259362 0.00179552
0.00156235 0.00329624 0.00188951
0.00293702 0.00323204 0.00168149
0.00141552 0.00267323 0.00174227
0.00121993 0.00258688 0.00194788
0.00210808 0.00267655 0.00166845
0.00242568 0.00262763 0.00153024
0.00190334 0.00282323 0.00161309
0.00252226 0.00273412 0.00202436
0.00157711 0.00259314 0.00215546
0.0013571 0.00255788 0.00185845
0.00138912 0.00230151 0.00183558
0.00281586 0.00251842 0.0018309
0.00270999 0.00228303 0.00166655
0.00260248 0.00250426 0.00165864
0.00271234 0.00258073 0.00168609
0.00138794 0.00226599 0.00182701
0.001518 0.00246534 0.00186153
0.00275757 0.00261141 0.00176744
0.00283777 0.00292152 0.00191279
0.00313064 0.00287369 0.00193878
0.00135512 0.00361442 0.00246526
0.00222331 0.0032687 0.00297029
0.00208204 0.00316904 0.0025934
0.00185366 0.00270772 0.00224353
0.00197171 0.00336399 0.00233996
0.00251113 0.00380632 0.00251837
0.00237552 0.00403778 0.00272087
0.00201781 0.00349206 0.00278622
0.00391461 0.00354583 0.00285505
0.00255147 0.00432062 0.00326181
0.00187252 0.00435083 0.0033434
0.00232089 0.00375952 0.00341644
0.00223045 0.003456 0.00311996
0.00241377 0.00328639 0.00309766
0.00284113 0.00367635 0.00319941
0.00195021 0.0033748 0.0028644
0.00418727 0.00387366 0.00330006
0.00430617 0.0038461 0.00324173
0.00311495 0.00297708 0.003692
0.00272344 0.00357121 0.00419131
0.00232375 0.00403699 0.00419703
0.00220677 0.00328 0.00378824
0.00454825 0.00452587 0.00391904
0.00255058 0.00334115 0.00413833
0.00503036 0.00454521 0.00400032
0.00294849 0.00331823 0.00417654
0.00246027 0.00359555 0.00403497
0.00234276 0.00319172 0.00342136
0.0021798 0.00282467 0.00342547
0.00233241 0.00308094 0.00362365
0.00293833 0.00416713 0.00349293
0.0031989 0.00377997 0.00444899
0.00332119 0.00377438 0.00432303
0.0024257 0.00293096 0.00353675
0.0024923 0.00269372 0.00325589
0.00282663 0.00284019 0.00342114
0.00229696 0.00285998 0.00357356
0.00227203 0.00319781 0.00320274
0.00225735 0.00302398 0.00326747
0.00245915 0.00265141 0.00305841
0.00283994 0.00307148 0.00342013
0.00294554 0.00320906 0.00352459
0.00318976 0.00325179 0.00342102
0.00294362 0.00327295 0.00327856
0.00300148 0.00326217 0.00353198
0.00294767 0.00341629 0.00342839
0.00401589 0.00402978 0.00424522
0.0031476 0.00360207 0.00394897
0.00314464 0.00349347 0.00377011
0.00427464 0.00427517 0.00467395
0.00378507 0.00356048 0.00442381
0.00348967 0.00333592 0.0041444
0.00378748 0.0037156 0.00435529
0.00404847 0.00378159 0.00457668
0.00283732 0.0026653 0.0035672
0.00286269 0.00266521 0.00367861
0.00295638 0.0029983 0.003827
0.00409406 0.00432578 0.00451397
0.00372064 0.00382942 0.00417483
0.00383666 0.0040647 0.00431897
0.00405987 0.00433308 0.00440705
0.00440613 0.00463161 0.00480111
0.00457654 0.00459171 0.0048998
0.00510024 0.00504665 0.00546967
0.00606047 0.0060313 0.00634567
0.0048121 0.00474995 0.00516548
0.00341609 0.0031837 0.00434079
0.00347003 0.00367531 0.00444822
0.00410541 0.00410231 0.00496166
0.00420907 0.00420146 0.00501748
0.00424288 0.00415014 0.00510654
0.00532825 0.0052088 0.00576351
0.00515726 0.00506761 0.00577948
0.0043016 0.00439058 0.00494583
0.00405949 0.00403314 0.0047918
0.0053234 0.00526987 0.00588896
0.00563207 0.00538575 0.00601649
0.00522104 0.0050909 0.00581529
0.00581326 0.00587892 0.00661953
0.00590081 0.00568911 0.00620149
0.00561094 0.00569554 0.00629246
0.00418908 0.00411749 0.0053226
0.00440585 0.00431508 0.0055264
0.00541561 0.00533441 0.00618913
0.00534699 0.00522528 0.00633939
0.00539166 0.00537771 0.00651535
0.00526618 0.00531987 0.0065512
0.00560529 0.00530562 0.00659307
0.00540706 0.00534972 0.00647789
0.00569859 0.00567374 0.00629617
0.00573653 0.00579464 0.00633812
0.00584835 0.00589283 0.00700888
0.00778914 0.0076413 0.00840103
0.00702909 0.00762933 0.00830917
0.0078387 0.00811973 0.00886922
0.00775094 0.00811805 0.00873866
0.00752921 0.00763327 0.00867727
0.00796217 0.00832066 0.00910719
0.005356 0.00561617 0.00685478
0.00557208 0.00553744 0.00692709
0.00534741 0.00564034 0.00698082
0.00551598 0.00575825 0.00707009
0.00536605 0.00524041 0.00648663
0.00509694 0.00550415 0.00659459
0.00583383 0.00613742 0.00733199
0.00716875 0.00695992 0.00811285
0.00730386 0.00720459 0.00835122
0.00685897 0.00684423 0.00796958
0.00640931 0.00640062 0.00747251
0.00719131 0.0073054 0.0082225
0.00711948 0.00710885 0.00828344
0.00743738 0.00748456 0.00841141
