-0.0512675286735 -nan -nan
-0.0512675286735 -0.00260195187313 -nan
-0.0512675286735 -0.00260195187313 0.0321992625634
-0.0263779897655 -0.00260195187313 0.0321992625634
-0.0263779897655 -0.00274375873268 0.0321992625634
-0.0263779897655 -0.00274375873268 0.00795131416427
-0.0170318761794 -0.00274375873268 0.00795131416427
-0.0170318761794 2.07661271338 0.00795131416427
-0.0170318761794 2.07661271338 0.334280177404
-0.00408260518667 2.07661271338 0.334280177404
-0.00408260518667 1.55295981359 0.334280177404
-0.00408260518667 1.55295981359 0.249150923357
0.00209338837315 1.55295981359 0.249150923357
0.00209338837315 1.24046533536 0.249150923357
0.00209338837315 1.24046533536 0.196722046551
0.000469327311852 1.24046533536 0.196722046551
0.000469327311852 1.03377860143 0.196722046551
0.000469327311852 1.03377860143 0.163169882752
-0.000639168381899 1.03377860143 0.163169882752
-0.000639168381899 0.888759225862 0.163169882752
-0.000639168381899 0.888759225862 0.132863898092
0.0758909257448 0.888759225862 0.132863898092
0.0758909257448 1.14393842123 0.132863898092
0.0758909257448 1.14393842123 0.553957238156
0.0691129779603 1.14393842123 0.553957238156
0.0691129779603 1.01552890188 0.553957238156
0.0691129779603 1.01552890188 0.489715730183
0.0649580065863 1.01552890188 0.489715730183
0.0649580065863 0.920653745067 0.489715730183
0.0649580065863 0.920653745067 0.439927960982
0.0652208594025 0.920653745067 0.439927960982
0.0652208594025 0.831018050185 0.439927960982
0.0652208594025 0.831018050185 0.399105221378
0.0637808120247 0.831018050185 0.399105221378
0.0637808120247 0.758589786693 0.399105221378
0.0637808120247 0.758589786693 0.370380977746
0.0584788163616 0.758589786693 0.370380977746
0.0584788163616 1.04430374339 0.370380977746
0.0584788163616 1.04430374339 0.426826534865
0.0829705399817 1.04430374339 0.426826534865
0.0829705399817 1.03097559115 0.426826534865
0.0829705399817 1.03097559115 0.396885805389
0.0736863129154 1.03097559115 0.396885805389
0.0736863129154 0.960278127729 0.396885805389
0.0736863129154 0.960278127729 0.367282914814
0.0706492973622 0.960278127729 0.367282914814
0.0706492973622 0.893659337533 0.367282914814
0.0706492973622 0.893659337533 0.343544350167
0.0661033541449 0.893659337533 0.343544350167
0.0661033541449 0.838569454511 0.343544350167
0.0661033541449 0.838569454511 0.321045143641
0.0619363022442 0.838569454511 0.321045143641
0.0619363022442 0.79234690571 0.321045143641
0.0619363022442 0.79234690571 0.427407174155
0.0996162779723 0.79234690571 0.427407174155
0.0996162779723 0.845971268746 0.427407174155
0.0996162779723 0.845971268746 0.43632572675
0.136998042826 0.845971268746 0.43632572675
0.136998042826 0.825917082603 0.43632572675
0.136998042826 0.825917082603 0.416408741229
0.128699227816 0.825917082603 0.416408741229
0.128699227816 0.787528213659 0.416408741229
0.128699227816 0.787528213659 0.396126956006
0.121589672764 0.787528213659 0.396126956006
0.121589672764 0.753098696267 0.396126956006
0.121589672764 0.753098696267 0.375429557119
0.115407710103 0.753098696267 0.375429557119
0.115407710103 0.720808816421 0.375429557119
0.115407710103 0.720808816421 0.357787793831
0.110334773998 0.720808816421 0.357787793831
0.110334773998 0.771949675861 0.357787793831
0.110334773998 0.771949675861 0.397734464028
0.105417604667 0.771949675861 0.397734464028
0.105417604667 0.822400852102 0.397734464028
0.105417604667 0.822400852102 0.43068854994
0.101010601835 0.822400852102 0.43068854994
0.101010601835 0.792282212268 0.43068854994
0.101010601835 0.792282212268 0.418900399392
0.0943753009278 0.792282212268 0.418900399392
0.0943753009278 0.762071571407 0.418900399392
0.0943753009278 0.762071571407 0.405483581502
0.0900772223047 0.762071571407 0.405483581502
0.0900772223047 0.736615083544 0.405483581502
0.0900772223047 0.736615083544 0.390042252924
0.0853351866731 0.736615083544 0.390042252924
0.0853351866731 0.708442895183 0.390042252924
0.0853351866731 0.708442895183 0.375632153608
0.0823472433166 0.708442895183 0.375632153608
0.0823472433166 0.75676801923 0.375632153608
0.0823472433166 0.75676801923 0.424232038992
0.0796706574064 0.75676801923 0.424232038992
0.0796706574064 0.755032651864 0.424232038992
0.0796706574064 0.755032651864 0.425015536847
0.0871362683004 0.755032651864 0.425015536847
0.0871362683004 0.748815167612 0.425015536847
0.0871362683004 0.748815167612 0.426083558426
0.0826468035593 0.748815167612 0.426083558426
0.0826468035593 0.727497267211 0.426083558426
0.0826468035593 0.727497267211 0.413379845082
0.0789124487959 0.727497267211 0.413379845082
0.0789124487959 0.707070371682 0.413379845082
0.0789124487959 0.707070371682 0.399990854098
0.0751649013552 0.707070371682 0.399990854098
0.0751649013552 0.685929373481 0.399990854098
0.0751649013552 0.685929373481 0.386938068216
0.0726118003865 0.685929373481 0.386938068216
0.0726118003865 0.666990841752 0.386938068216
0.0726118003865 0.666990841752 0.375739628046
0.0703294908097 0.666990841752 0.375739628046
0.0703294908097 0.693791929659 0.375739628046
0.0703294908097 0.693791929659 0.40315238222
0.0724733965449 0.693791929659 0.40315238222
0.0724733965449 0.684708742536 0.40315238222
0.0724733965449 0.684708742536 0.393048987776
0.0724733965449 0.681394253246 0.393048987776
0.0766801461773 0.681394253246 0.393048987776
0.0766801461773 0.681394253246 0.404133509533
0.0766801461773 0.667900649085 0.404133509533
0.0766801461773 0.654520748819 0.404133509533
0.0766801461773 0.640875296275 0.404133509533
0.0766801461773 0.626518862458 0.404133509533
0.0766801461773 0.609467976283 0.404133509533
0.0766801461773 0.591860826763 0.404133509533
0.0766801461773 0.595479777269 0.404133509533
0.0766801461773 0.585589545167 0.404133509533
0.0766801461773 0.596237959973 0.404133509533
0.0766801461773 0.592522999761 0.404133509533
0.0766801461773 0.597072180698 0.404133509533
0.0766801461773 0.5909304733 0.404133509533
0.0766801461773 0.588983345467 0.404133509533
0.0904294945281 0.588983345467 0.404133509533
0.0904294945281 0.588983345467 0.397947795474
0.0904294945281 0.595709645593 0.397947795474
0.0904294945281 0.583822400455 0.397947795474
0.0904294945281 0.569699550239 0.397947795474
0.0904294945281 0.557041470559 0.397947795474
0.0904294945281 0.554885261489 0.397947795474
0.0904294945281 0.547517424138 0.397947795474
0.0904294945281 0.538119199677 0.397947795474
0.0904294945281 0.544587304497 0.397947795474
0.0904294945281 0.537389170063 0.397947795474
0.0904294945281 0.529804436251 0.397947795474
0.0904294945281 0.530161476434 0.397947795474
0.0904294945281 0.521439190412 0.397947795474
0.0904294945281 0.52705269553 0.397947795474
0.0904294945281 0.52142958387 0.397947795474
0.0904294945281 0.528530227923 0.397947795474
0.0904294945281 0.532876545448 0.397947795474
0.0852043225496 0.532876545448 0.397947795474
0.0852043225496 0.532876545448 0.40289208372
0.0852043225496 0.527850529651 0.40289208372
0.0852043225496 0.518424077841 0.40289208372
0.0852043225496 0.509418405853 0.40289208372
0.0852043225496 0.507573343164 0.40289208372
0.0852043225496 0.499245744392 0.40289208372
0.0852043225496 0.492634230245 0.40289208372
0.0852043225496 0.486835228074 0.40289208372
0.0852043225496 0.485840894834 0.40289208372
0.0852043225496 0.486410267932 0.40289208372
0.0852043225496 0.479983673283 0.40289208372
0.0852043225496 0.47351252698 0.40289208372
0.0852043225496 0.468001583131 0.40289208372
0.0852043225496 0.462000631837 0.40289208372
0.0852043225496 0.462000631837 0.399278260919
0.0852043225496 0.45749431715 0.399278260919
0.0852043225496 0.45749431715 0.393683020818
0.0852043225496 0.453829338144 0.393683020818
0.0852043225496 0.451003791983 0.393683020818
0.0773212307082 0.451003791983 0.393683020818
0.0773212307082 0.451003791983 0.39121650625
0.0773212307082 0.451617856538 0.39121650625
0.0773212307082 0.459142111514 0.39121650625
0.0773212307082 0.464081626352 0.39121650625
0.0773212307082 0.456043236719 0.39121650625
0.0773212307082 0.456043236719 0.387476313895
0.0773212307082 0.450072690529 0.387476313895
0.0773212307082 0.445418859345 0.387476313895
0.0773212307082 0.445418859345 0.380323818532
0.0773212307082 0.440313468494 0.380323818532
0.0773212307082 0.435522043806 0.380323818532
0.0773212307082 0.435522043806 0.372803503074
0.0773212307082 0.430845440681 0.372803503074
0.0773212307082 0.430845440681 0.366187001616
0.0773212307082 0.426460571609 0.366187001616
0.0773212307082 0.422199649979 0.366187001616
0.0773212307082 0.422199649979 0.35853247359
0.0773212307082 0.417813484285 0.35853247359
0.0773212307082 0.413491894389 0.35853247359
0.0773212307082 0.413491894389 0.351335292302
0.0773212307082 0.409702033513 0.351335292302
0.0755035470038 0.409702033513 0.351335292302
0.0755035470038 0.405675102673 0.351335292302
0.0755035470038 0.405675102673 0.345192958319
0.0755035470038 0.401668973584 0.345192958319
0.0755035470038 0.397682070314 0.345192958319
0.0755035470038 0.397682070314 0.339043834586
0.0755035470038 0.393806856826 0.339043834586
0.0755035470038 0.389971704975 0.339043834586
0.0755035470038 0.389971704975 0.33337072727
0.0755035470038 0.386055830152 0.33337072727
0.0755035470038 0.382365502341 0.33337072727
0.0755035470038 0.382365502341 0.327686632965
0.0755035470038 0.378786106369 0.327686632965
0.0755035470038 0.375228626428 0.327686632965
0.0755035470038 0.375228626428 0.321779184434
0.0755035470038 0.374258402129 0.321779184434
0.0755035470038 0.370835186088 0.321779184434
0.0755035470038 0.370835186088 0.316094353445
0.0755035470038 0.364519358464 0.316094353445
0.0755035470038 0.361550909721 0.316094353445
0.0755035470038 0.361550909721 0.31100188098
0.0755035470038 0.358123008734 0.31100188098
0.0755035470038 0.354693025032 0.31100188098
0.0755035470038 0.354693025032 0.305600837245
0.0755035470038 0.351656231165 0.305600837245
0.0736870498521 0.351656231165 0.305600837245
0.0736870498521 0.351656231165 0.300891867986
0.0736870498521 0.34819505927 0.300891867986
0.0736870498521 0.3450382515 0.300891867986
0.0736870498521 0.3450382515 0.295532173595
0.0736870498521 0.342127499125 0.295532173595
0.0736870498521 0.338978072651 0.295532173595
0.0736870498521 0.338978072651 0.29109372295
0.0736870498521 0.336346979862 0.29109372295
0.0736870498521 0.333374951505 0.29109372295
0.0736870498521 0.333374951505 0.286601518466
0.0736870498521 0.329874672489 0.286601518466
0.0736870498521 0.328054841265 0.286601518466
0.0736870498521 0.328054841265 0.282036368398
0.0736870498521 0.324977785657 0.282036368398
0.0736870498521 0.323134138121 0.282036368398
0.0736870498521 0.323134138121 0.277267548713
0.0736870498521 0.320747949064 0.277267548713
0.0736870498521 0.317039330239 0.277267548713
0.0736870498521 0.317039330239 0.273156864129
0.0736870498521 0.314855628427 0.273156864129
0.0736870498521 0.312771381159 0.273156864129
0.0736870498521 0.312771381159 0.26915192883
0.0736870498521 0.30996450211 0.26915192883
0.0736870498521 0.310369919209 0.26915192883
0.0736870498521 0.310369919209 0.263676831116
0.0736870498521 0.311353198968 0.263676831116
0.0736870498521 0.308779266243 0.263676831116
0.0736870498521 0.308779266243 0.258981026826
0.0733213221589 0.308779266243 0.258981026826
0.0733213221589 0.306802476241 0.258981026826
0.0733213221589 0.304574644738 0.258981026826
0.0733213221589 0.302424750065 0.258981026826
0.0733213221589 0.302424750065 0.254633574163
0.0733213221589 0.299990382104 0.254633574163
0.0733213221589 0.299990382104 0.25056160151
0.0733213221589 0.29827261945 0.25056160151
0.0733213221589 0.295140482554 0.25056160151
0.0733213221589 0.295140482554 0.246602583799
0.0733213221589 0.292737904754 0.246602583799
0.0733213221589 0.291152936063 0.246602583799
0.0733213221589 0.291152936063 0.243537976373
0.0733213221589 0.288253669493 0.243537976373
0.0733213221589 0.286572511101 0.243537976373
0.0733213221589 0.286572511101 0.23973252776
0.0733213221589 0.285162015575 0.23973252776
0.0733213221589 0.283477046354 0.23973252776
0.0733213221589 0.283477046354 0.239834143156
0.0733213221589 0.281388826492 0.239834143156
0.0733213221589 0.279576794015 0.239834143156
0.0733213221589 0.279576794015 0.236637024877
0.0733213221589 0.27838809669 0.236637024877
0.0733213221589 0.275788268078 0.236637024877
0.0733213221589 0.275788268078 0.233414409206
0.0733213221589 0.274718893066 0.233414409206
0.0733213221589 0.271478483212 0.233414409206
0.0733213221589 0.271478483212 0.235293532756
0.0733213221589 0.268127602518 0.235293532756
0.0733213221589 0.268127602518 0.235297501519
0.0733213221589 0.26633220355 0.235297501519
0.0733213221589 0.26633220355 0.233304205075
0.0733213221589 0.264483373395 0.233304205075
0.0715824560234 0.264483373395 0.233304205075
0.0715824560234 0.262766839451 0.233304205075
0.0715824560234 0.262766839451 0.230173812082
0.0715824560234 0.261941890834 0.230173812082
0.0715824560234 0.260131994185 0.230173812082
0.0715824560234 0.260131994185 0.227759476992
0.0715824560234 0.258186032462 0.227759476992
0.0715824560234 0.256502570578 0.227759476992
0.0715824560234 0.256502570578 0.225088489723
0.0715824560234 0.254960020433 0.225088489723
0.0715824560234 0.253344790412 0.225088489723
0.0715824560234 0.253344790412 0.225879806899
0.0715824560234 0.251880677642 0.225879806899
0.0715824560234 0.251880677642 0.223396480956
0.0715824560234 0.250238911049 0.223396480956
0.0715824560234 0.24581955928 0.223396480956
0.0715824560234 0.24581955928 0.221135678692
0.0715824560234 0.244611099535 0.221135678692
0.0715824560234 0.244611099535 0.218393452796
0.0715824560234 0.243908598806 0.218393452796
0.0715824560234 0.242452964096 0.218393452796
0.0715824560234 0.242452964096 0.215749361584
0.0715824560234 0.2408525859 0.215749361584
0.0715824560234 0.239270393157 0.215749361584
0.0715824560234 0.239270393157 0.213478448739
0.0715824560234 0.237892247087 0.213478448739
0.0715824560234 0.236323464798 0.213478448739
0.0715824560234 0.236323464798 0.218614415761
0.0715824560234 0.236323464798 0.215543211828
0.0715824560234 0.235086301788 0.215543211828
0.0715824560234 0.233547634077 0.215543211828
0.0715824560234 0.233547634077 0.214060254042
0.0715824560234 0.232220308937 0.214060254042
0.0715824560234 0.230843339925 0.214060254042
0.0715824560234 0.230843339925 0.211476500077
0.0715824560234 0.229318140186 0.211476500077
0.0715824560234 0.229318140186 0.209236587742
0.0693879820583 0.229318140186 0.209236587742
0.0693879820583 0.228085252102 0.209236587742
0.0693879820583 0.226782390295 0.209236587742
0.0693879820583 0.226782390295 0.207932411004
0.0693879820583 0.225567678197 0.207932411004
0.0693879820583 0.224278400346 0.207932411004
0.0693879820583 0.224278400346 0.207427663794
0.0693879820583 0.223041472625 0.207427663794
0.0693879820583 0.221881744551 0.207427663794
0.0693879820583 0.221881744551 0.20540739045
0.0693879820583 0.220729913213 0.20540739045
0.0693879820583 0.220729913213 0.203724800082
0.0693879820583 0.219541656428 0.203724800082
0.0693879820583 0.218326116247 0.203724800082
0.0693879820583 0.218326116247 0.201618918355
0.0693879820583 0.217269284883 0.201618918355
0.0693879820583 0.216110977574 0.201618918355
0.0693879820583 0.216110977574 0.200074780008
0.0693879820583 0.214969498001 0.200074780008
0.0693879820583 0.213852625402 0.200074780008
0.0693879820583 0.213852625402 0.198344946642
0.0693879820583 0.212748721145 0.198344946642
0.0693879820583 0.211596684901 0.198344946642
0.0693879820583 0.211596684901 0.200526261374
0.0693879820583 0.211596684901 0.20037424223
0.0693879820583 0.210683198322 0.20037424223
0.0693879820583 0.209375629877 0.20037424223
0.0693879820583 0.209375629877 0.198258963351
0.0693879820583 0.208561213713 0.198258963351
0.0693879820583 0.20704007201 0.198258963351
0.0693879820583 0.20704007201 0.200322456194
0.0693879820583 0.20704007201 0.201946017021
0.0693879820583 0.205844987558 0.201946017021
0.0693879820583 0.205844987558 0.199640552592
0.0693879820583 0.205333214571 0.199640552592
0.0693879820583 0.203421448686 0.199640552592
0.0693879820583 0.203421448686 0.198353901678
