0.00328029 0.00336915 0.00326095
0.00194761 0.00219629 0.00183294
0.00302889 0.00376209 0.00343826
0.00460403 0.0046756 0.00433307
0.00384447 0.00416321 0.00401287
0.00260588 0.00264491 0.00197737
0.00274298 0.00275379 0.00174184
0.00289321 0.00259476 0.00193563
0.00286754 0.00226116 0.00171987
0.00260819 0.00242434 0.00182903
0.00248894 0.00310706 0.00250341
0.00197452 0.00228644 0.00226333
0.00276211 0.0017883 0.00171455
0.00337718 0.00227203 0.00212454
0.00299101 0.00161847 0.00140216
0.00224357 0.00158225 0.00129473
0.00306002 0.00181774 0.00161503
0.00152997 0.00181471 0.00159212
0.00144206 0.00147039 0.00132241
0.00264451 0.00168702 0.00141612
0.00139975 0.00166944 0.0012739
0.00144797 0.00172158 0.0012915
0.00276102 0.00157544 0.001299
0.00146605 0.00161338 0.00123697
0.00150535 0.001575 0.00115827
0.00170989 0.00175989 0.00114692
0.00166966 0.00177903 0.00145954
0.00189409 0.00187046 0.00149427
0.00166977 0.00155598 0.00146931
0.00200199 0.00187784 0.00181662
0.00205067 0.00169081 0.00176816
0.00211131 0.00209985 0.0018214
0.00280904 0.00249562 0.00216183
0.00212657 0.00268102 0.00238072
0.00271412 0.00155335 0.0013722
0.00290038 0.00162879 0.00133938
0.00304572 0.00232845 0.00148777
0.00146957 0.00129859 0.00118001
0.00304451 0.00269331 0.001726
0.00401614 0.0031989 0.00283756
0.00251869 0.00259898 0.00226929
0.0019171 0.00157566 0.00108553
0.00193056 0.0017245 0.00152559
0.00229223 0.00193507 0.00137546
0.00230416 0.0021034 0.00169632
0.00225242 0.00186456 0.00192925
0.0024335 0.00169045 0.00164924
0.00217685 0.00196624 0.00191852
0.00288822 0.0021954 0.0021397
0.00306802 0.0019426 0.0019788
0.00344758 0.0026448 0.00250915
0.00265423 0.0025308 0.00243293
0.00202368 0.00214793 0.00186138
0.00268062 0.00256981 0.00235352
0.002398 0.00272076 0.00255057
0.00160232 0.00157241 0.00149397
0.00137942 0.00154164 0.00102012
0.0014315 0.00159224 0.00110032
0.00228198 0.00221239 0.00189588
0.00180652 0.00208867 0.00171621
0.00161749 0.00222388 0.00163651
0.00244411 0.00172599 0.00153
0.001652 0.00183155 0.000910579
0.00197275 0.0020288 0.00180335
0.00189797 0.00217007 0.00181292
0.00239527 0.00192453 0.00164826
0.00189496 0.00219085 0.00192095
0.00161291 0.00190428 0.00174595
0.00160664 0.00177101 0.0014844
0.00159684 0.00202184 0.00178526
0.00189431 0.00236928 0.0020149
0.00186605 0.00266923 0.00210762
0.00189191 0.00250422 0.00209748
0.00171103 0.00241872 0.00188678
0.00212526 0.00205786 0.00164973
0.00218519 0.00197705 0.00155315
0.00181864 0.00248374 0.00192578
0.00158625 0.00207396 0.00132422
0.00181608 0.00216989 0.00139062
0.00178917 0.00234068 0.00179245
0.00186652 0.00227675 0.00140692
0.00146778 0.00217362 0.00177106
0.00166775 0.00206234 0.0018764
0.0020102 0.00221283 0.0021011
0.0019514 0.002424 0.00212106
0.00182791 0.00211573 0.00190526
0.00192185 0.0021189 0.00184517
0.00237125 0.00201593 0.00173202
0.00253408 0.00198504 0.0016866
0.00232494 0.00157251 0.00162995
0.00286669 0.00220743 0.00215677
0.00237211 0.00201156 0.00191404
0.00164655 0.00215405 0.00197143
0.00167383 0.00256319 0.0022505
0.00172276 0.00210881 0.00192738
0.0014037 0.00224677 0.00184672
0.00188097 0.0023419 0.00210779
0.00180893 0.00253392 0.00236571
0.00226427 0.00256543 0.00258924
0.00162889 0.00292497 0.00269539
0.00208482 0.00251948 0.00232198
0.00157094 0.00220872 0.00222104
0.00168896 0.00247081 0.00243143
0.00211725 0.0024123 0.00234862
0.00192161 0.00232738 0.00227806
0.0021139 0.0027614 0.00232565
0.00254457 0.00304097 0.00271369
0.00227295 0.00328785 0.00287703
0.00185805 0.00339934 0.00279577
0.00192743 0.00324416 0.00267918
0.0019879 0.00341598 0.00284034
0.00170747 0.00353838 0.00314442
0.00209908 0.00360853 0.00300006
0.00283913 0.00338521 0.00292507
0.00183436 0.00380391 0.00297013
0.0018221 0.00272005 0.00336992
0.00293246 0.00334641 0.00353844
0.00188974 0.00299102 0.00296672
0.00287697 0.00333511 0.00330504
0.00182344 0.00334163 0.00322302
0.00213781 0.00312996 0.00314586
0.00177548 0.00275366 0.00292161
0.00189965 0.00311737 0.00278006
0.00168943 0.00257483 0.00230713
0.00162533 0.0024222 0.00200028
0.00174139 0.00318909 0.0026498
0.00215641 0.00405116 0.0034676
0.00311366 0.00446671 0.00399576
0.00384773 0.00331105 0.00421921
0.00287303 0.0030442 0.00398712
0.00274764 0.00458997 0.00404383
0.00276022 0.00372366 0.00366867
0.00257648 0.00301371 0.00364649
0.00335658 0.00313813 0.00365818
0.00253254 0.00355019 0.00384809
0.00269512 0.00455252 0.00429321
0.00312766 0.00494189 0.00477537
0.00349382 0.00524347 0.00513422
0.00395426 0.00490002 0.00572975
0.00352313 0.00509329 0.00574487
0.0037309 0.00589819 0.00572975
0.00383104 0.00515563 0.00583658
0.00338569 0.0050382 0.00583766
0.00355075 0.00614166 0.00585215
0.00399248 0.00531929 0.0062608
0.00340766 0.00606621 0.00590519
0.00383572 0.00550653 0.0060847
0.00399327 0.00476742 0.00594934
0.00394747 0.00598727 0.00574138
0.00356049 0.00609006 0.0057268
0.00388983 0.00530871 0.00546684
0.00362558 0.00460462 0.00549342
0.00377072 0.00526277 0.00548854
0.00403847 0.00435804 0.00575807
0.0036052 0.00542206 0.00543585
0.00395439 0.00463958 0.00579847
0.0033338 0.00527416 0.00517262
0.00408356 0.00559353 0.00528211
0.00345834 0.00424421 0.00543297
0.00298494 0.00398178 0.00508609
0.00328553 0.00411526 0.00433151
0.00296001 0.0040424 0.00448817
0.00398767 0.00546115 0.00500833
0.00376062 0.00474909 0.00520032
0.00325309 0.00405711 0.00497546
0.00358495 0.00426654 0.00526337
0.00301727 0.00436651 0.00485498
0.00364927 0.00517382 0.00501472
0.00371503 0.00527888 0.00517017
0.00277623 0.00391229 0.00438246
0.00356306 0.00541579 0.00493092
0.00380977 0.00474535 0.00515099
0.00409613 0.0043139 0.00526021
0.00322495 0.00351299 0.00487132
0.00401049 0.00454681 0.00548072
0.00378155 0.00401469 0.00509085
0.00372296 0.00377369 0.00521854
0.00316112 0.0032801 0.00440077
0.00366711 0.00378342 0.00511012
0.00295491 0.00317075 0.00429703
0.003561 0.00376588 0.00475425
0.00315738 0.00330829 0.00408448
0.00377848 0.0041488 0.00400251
0.00417099 0.0038977 0.00411508
0.003629 0.00458495 0.00390561
0.00375327 0.00344773 0.00406432
0.00267847 0.00317187 0.00384459
0.00313433 0.0034462 0.00346667
0.00312041 0.0040053 0.00395269
0.00313572 0.00381934 0.00386688
0.00270453 0.00298839 0.00350722
0.00351178 0.0033124 0.00328079
0.00390545 0.00426342 0.00378523
0.00339548 0.00335604 0.00348861
0.00274298 0.00332211 0.00345704
0.00227482 0.00283411 0.00359676
0.00342694 0.00329777 0.00307133
0.00344697 0.00354267 0.00349386
0.00306508 0.00468606 0.00367607
0.00278167 0.00308043 0.00384619
0.00234646 0.00273034 0.00350761
0.00260593 0.00360033 0.00347758
0.00354878 0.00397556 0.00336929
0.00292822 0.00327401 0.00320163
0.00357563 0.00356823 0.00335198
0.00338135 0.00331332 0.0033601
0.00311673 0.00256903 0.00340848
0.00326988 0.00381798 0.00319889
0.0033122 0.00381091 0.00340726
0.00297945 0.00277985 0.00344069
0.00266901 0.00265487 0.00331933
0.00282706 0.00302126 0.00311924
0.00286122 0.0030832 0.00341992
0.00291513 0.0031623 0.00333538
0.00302553 0.00276062 0.00338388
0.00324607 0.00331357 0.00344906
0.00289454 0.00393508 0.00293832
0.00334957 0.00335622 0.00326959
0.00285737 0.00333783 0.00299159
0.00289147 0.00316252 0.00282501
0.00284598 0.0033233 0.00294259
0.0030705 0.00364629 0.00280682
0.00326476 0.0030591 0.00280457
0.00282157 0.00304606 0.00266915
0.00334082 0.00348249 0.00301037
0.00318292 0.00335626 0.00297136
0.00307237 0.00307192 0.00294701
0.00293686 0.00260336 0.00266285
0.003148 0.0027195 0.00284552
0.00288677 0.00281856 0.00290646
0.00302846 0.00310898 0.00267168
0.00318384 0.00323616 0.00283142
0.00290386 0.00308225 0.00281348
0.00232209 0.0024727 0.00288601
0.00271191 0.00302625 0.00312547
0.0030377 0.00258666 0.0029878
0.00287714 0.0029331 0.0031094
0.00269659 0.00272425 0.00286364
0.00273553 0.00281715 0.0029484
0.0029615 0.0033108 0.00297993
0.00267263 0.00270555 0.00300501
0.00292104 0.00280904 0.00290553
0.00307172 0.00270495 0.00306081
0.00270693 0.00286399 0.00274925
0.00316876 0.00290935 0.00294248
0.0032856 0.0027446 0.00308089
0.0025775 0.00244115 0.00300545
0.00282343 0.00289856 0.00286539
0.00305999 0.00309212 0.00287735
0.0032373 0.00255321 0.00293562
0.00300673 0.00229045 0.00299688
0.00257616 0.00273994 0.00280946
0.00258833 0.00316229 0.00288321
0.00335091 0.0029005 0.00295701
0.00314574 0.002804 0.00281175
0.00249061 0.00314488 0.00288774
0.00238562 0.00211131 0.00299193
0.00292988 0.00313083 0.00265939
0.00329693 0.00310228 0.00288496
0.00241855 0.00242285 0.00294114
0.00324146 0.00237569 0.00299545
0.00285929 0.00286983 0.00281614
0.00247925 0.00282465 0.00287912
0.0030428 0.0030529 0.00285055
0.00299274 0.00319404 0.0027964
0.00232586 0.00271173 0.00291861
0.00224863 0.00216749 0.00281999
0.00324877 0.00295091 0.00272348
0.00318662 0.00317235 0.00291801
0.00232829 0.00327114 0.00293078
0.0023838 0.00240124 0.00298807
0.00224794 0.00258793 0.00306371
0.00210658 0.00269219 0.00298184
0.00313 0.00283208 0.0031339
0.00259526 0.00324619 0.00276705
0.0033299 0.00320701 0.00283564
0.0028773 0.00308541 0.00277794
0.00245951 0.00331451 0.00281696
0.00300501 0.00298388 0.00266997
0.00298899 0.00295296 0.00278605
0.0032853 0.00324608 0.00271241
0.00312041 0.00232738 0.0029264
0.00326586 0.0022078 0.00293839
0.00312431 0.00317996 0.00255902
0.0033314 0.0032751 0.00280793
0.00338318 0.00337345 0.00295741
0.00281717 0.00237834 0.00304291
0.00240858 0.00249216 0.00305364
0.00334502 0.00315458 0.00276356
0.00327744 0.0032408 0.00292897
0.00255054 0.00301025 0.00290374
0.00301986 0.00321262 0.00296878
0.00293308 0.00305501 0.00303127
0.00324378 0.00290946 0.00293933
0.00300558 0.00317133 0.00300094
0.0029665 0.00290683 0.00303317
0.00325263 0.00328264 0.00290078
0.00333016 0.00294413 0.00302307
0.00306863 0.00339589 0.00300225
0.0029844 0.00309978 0.00301022
0.00275918 0.00293373 0.00299262
0.00310249 0.00310967 0.00295684
0.00300799 0.00323987 0.00307871
0.00294686 0.00289643 0.00291959
0.0028168 0.00284288 0.00299889
0.00275408 0.00323149 0.00293056
0.00262508 0.00328968 0.00307158
0.00322959 0.00306337 0.00291866
0.00296439 0.00260792 0.00297378
0.00295567 0.00221416 0.00293598
0.00312729 0.00317744 0.00275794
0.00328436 0.00327343 0.00292826
0.0030554 0.00308476 0.0029436
0.00319883 0.00292213 0.00300025
0.00290589 0.00295256 0.00292474
0.00283436 0.00323555 0.00303772
0.0031636 0.00306296 0.00313431
0.00292998 0.00313704 0.00303629
0.00299653 0.00292273 0.00314869
0.00301738 0.00333212 0.00302168
0.00274589 0.00301825 0.00301369
0.00267574 0.00232922 0.0030122
0.00285561 0.00279019 0.00287032
0.00290741 0.00334825 0.00300795
0.00287248 0.00333423 0.00294889
0.00311725 0.00319365 0.00287882
0.0026619 0.00285732 0.00311813
0.00277643 0.00271739 0.00303401
0.00302138 0.00265185 0.00288862
0.00286437 0.00277803 0.00309252
0.00321613 0.00291511 0.00292649
0.00243008 0.00260882 0.00304397
0.00267587 0.0027095 0.00295588
0.00277513 0.0027292 0.0031195
0.00264103 0.00270976 0.00289577
0.0028235 0.00333137 0.00280475
0.00312206 0.00328574 0.00289044
0.00235648 0.00307503 0.00297441
0.00278327 0.00276437 0.00307339
0.00256822 0.00249922 0.0031203
0.00307705 0.00323978 0.00301813
0.00339346 0.00349868 0.00324442
0.00293313 0.00300076 0.00303446
0.0026846 0.00247556 0.00306216
0.00279497 0.00305137 0.00272205
0.00311159 0.00297107 0.00286227
0.00273015 0.00303835 0.00294413
0.00263005 0.00275179 0.0030162
0.00292681 0.00286136 0.00282867
0.0032136 0.00281524 0.00291417
0.00248947 0.00237274 0.00305689
