0.00349899 0.00312971 0.00283649
0.00381963 0.00313086 0.00327876
0.00356489 0.00345526 0.00326269
0.00263247 0.00262317 0.00260762
0.00300024 0.00282459 0.00289468
0.00295868 0.00288858 0.00278062
0.00301745 0.00251085 0.00248215
0.00234902 0.00228463 0.00229174
0.00242873 0.00217512 0.00228601
0.0020373 0.00210506 0.00217124
0.00247555 0.00251003 0.00225878
0.00230092 0.00230306 0.00233953
0.00213791 0.00199973 0.00200589
0.00253987 0.00258412 0.00227425
0.00301008 0.00233572 0.00227422
0.00228574 0.00240819 0.00219903
0.00281642 0.00273044 0.00255259
0.00271771 0.00312119 0.00266714
0.00267141 0.00270764 0.00268088
0.00303148 0.00272827 0.00287696
0.00280175 0.00274574 0.00268188
0.00249014 0.00298402 0.00270419
0.00253587 0.00248815 0.00256009
0.00246223 0.00257136 0.00253149
0.0024478 0.00244646 0.00252329
0.00258101 0.00241391 0.00238777
0.00281411 0.00269236 0.00271753
0.00275507 0.00273017 0.00271532
0.00311295 0.00273131 0.00275558
0.00311888 0.00278371 0.00283278
0.00305401 0.0027814 0.00274751
0.00307777 0.00295537 0.00310827
0.00323921 0.00293899 0.00292561
0.00299296 0.00295228 0.00308132
0.0027687 0.00285766 0.0030812
0.00307496 0.00297068 0.00303654
0.00283636 0.00273744 0.00280351
0.0031711 0.00307534 0.00295587
0.00278206 0.00268188 0.00267063
0.00282603 0.00288297 0.00268054
0.00306825 0.00301362 0.00299831
0.00283991 0.00277435 0.00278081
0.00277872 0.00271642 0.00265512
0.00289232 0.00281618 0.00280572
0.00285874 0.00278769 0.00274348
0.00284556 0.00270501 0.00268557
0.00296318 0.00274817 0.00278692
0.00259749 0.00277208 0.00253244
0.0025182 0.00262505 0.0025852
0.00289431 0.00279049 0.00272879
0.00258678 0.00246182 0.00242456
0.00235151 0.00221999 0.00227166
0.00220303 0.00228508 0.00222786
0.00235547 0.00238826 0.00250141
0.00248002 0.0024235 0.00238651
0.00257792 0.00245885 0.00256166
0.00279675 0.0025013 0.00256294
0.00279978 0.00283473 0.00272157
0.00234989 0.00265606 0.00272388
0.00292186 0.00276449 0.00268696
0.00291273 0.00267232 0.00268414
0.00280069 0.00298115 0.00320174
0.00290763 0.00282085 0.00281405
0.00272649 0.00259639 0.00263993
0.00305515 0.00296672 0.00304365
0.00222314 0.00254018 0.00249353
0.00236234 0.00250838 0.00252366
0.00257506 0.00239537 0.00275809
0.00221822 0.00231376 0.00211836
0.00185628 0.00239014 0.00224169
0.00221953 0.00195774 0.00202379
0.00219715 0.00212677 0.00204301
0.00203373 0.00203446 0.00199511
0.00188105 0.00212045 0.00211112
0.00235226 0.00224414 0.0023593
0.00223436 0.00198097 0.002001
0.00246572 0.00239186 0.00275258
0.00229563 0.00222233 0.0022505
0.00192853 0.00211363 0.00221333
0.0029026 0.00215243 0.00228803
0.00218709 0.00218465 0.0021295
0.00207409 0.00215315 0.00209961
0.0021559 0.00170586 0.00188116
0.00204135 0.00219187 0.00209436
0.00195814 0.00217517 0.00196341
0.00241007 0.00230346 0.00293723
0.00286935 0.00284597 0.00289
0.00258833 0.00255364 0.00243799
0.00253604 0.00274411 0.00283155
0.00301351 0.00283237 0.00284214
0.00295579 0.00267031 0.00266308
0.00303093 0.0028394 0.0029426
0.00296249 0.00271163 0.00279011
0.00214572 0.00234651 0.00237999
0.00261158 0.00276393 0.00289511
0.00255911 0.00253429 0.00256406
0.00216211 0.00243606 0.00234302
0.002189 0.00222554 0.00211348
0.0022146 0.00234812 0.00232887
0.00197835 0.00220422 0.00219484
0.00246528 0.00243499 0.0023041
0.00261676 0.00249939 0.00245062
0.00228684 0.002455 0.00225956
0.00227395 0.00265347 0.00246513
0.00260104 0.00270333 0.00263466
0.00246407 0.00231431 0.00241302
0.00245322 0.00237931 0.0025435
0.00171118 0.00211756 0.00231959
0.00172143 0.00170201 0.00207969
0.00203425 0.00235399 0.0022416
0.00193631 0.00171192 0.00192215
0.00120894 0.00163584 0.00179495
0.00143882 0.00125238 0.00165013
0.0012212 0.00160079 0.00142704
0.00151266 0.0016748 0.00173813
0.00125263 0.0018035 0.0015057
0.00159467 0.001468 0.00148868
0.00121947 0.0014218 0.00131064
0.00110946 0.00133096 0.00124103
0.00145004 0.00131375 0.00130614
0.00141444 0.00123529 0.0012215
0.00138942 0.00154639 0.00115342
0.00136868 0.00122889 0.00135498
0.001446 0.00147485 0.00134752
0.00142226 0.00125816 0.00150675
0.00123943 0.00153677 0.00122876
0.00163162 0.00157278 0.00154844
0.00149151 0.00147534 0.00155982
0.00185312 0.00165569 0.00153375
0.00163658 0.0018091 0.00197408
0.00160344 0.00168223 0.0018199
0.0023423 0.00173199 0.00182495
0.00179277 0.00206748 0.00206617
0.00204894 0.00244223 0.00232474
0.00174846 0.00165895 0.00180282
0.00149901 0.00171393 0.00159831
0.00235091 0.00202321 0.00186553
0.00117034 0.00160321 0.00147498
0.00172628 0.00192507 0.00188803
0.00171051 0.0019913 0.00161261
0.00188545 0.00170754 0.00150588
0.00144389 0.00131147 0.00142459
0.00224588 0.00229055 0.00215776
0.00174407 0.00207569 0.00206041
0.00174959 0.00163082 0.00161296
0.0015895 0.00174215 0.00182286
0.00177554 0.00183308 0.00188607
0.001773 0.00174489 0.00175246
0.00211381 0.00219834 0.00177599
0.00228995 0.0018681 0.00205041
0.00214194 0.00205949 0.00190756
0.00188781 0.00166321 0.00170625
0.00202587 0.00219027 0.00211228
0.00196593 0.00190291 0.00178711
0.00222917 0.00112185 0.00127438
0.00200778 0.00225562 0.00168026
0.00160385 0.0022468 0.00193788
0.00161329 0.00202758 0.00167627
0.00193947 0.00174217 0.00292049
0.00175435 0.00187666 0.00201237
0.00183691 0.00178887 0.00151916
0.00224325 0.00189318 0.00165666
0.00157104 0.00200746 0.00165572
0.0017975 0.00157434 0.00132286
0.00203693 0.00241507 0.00223556
0.00186111 0.00211666 0.00177082
0.00277116 0.00242959 0.00208515
0.00178678 0.00218175 0.00203231
0.00228893 0.00195651 0.00147913
0.00183385 0.0023068 0.00215834
0.00205745 0.00227045 0.00210345
0.00163132 0.00165241 0.00178036
0.00149912 0.00163567 0.0014723
0.00198431 0.00193875 0.00164828
0.00181882 0.00257575 0.00201718
0.00199335 0.00185333 0.00218537
0.00197861 0.00248977 0.00182271
0.00178159 0.00157112 0.00137754
0.00146148 0.00232687 0.00181808
0.00237066 0.00148745 0.00156143
0.00155564 0.00209459 0.00182772
0.00193142 0.00172877 0.0018693
0.00189219 0.00209778 0.0018572
0.0020252 0.00175232 0.00218979
0.0018617 0.00191627 0.00149045
0.00183497 0.00174535 0.00186995
0.0017427 0.00181593 0.0017166
0.00179458 0.00193439 0.00174672
0.00190366 0.0020608 0.00189491
0.00178711 0.00198254 0.00151562
0.00150708 0.00150445 0.00148793
0.0017735 0.00198203 0.00199097
0.00215663 0.00217412 0.00162869
0.00180657 0.00195452 0.00196089
0.00177913 0.00183955 0.00147369
0.0018544 0.00249568 0.00224131
0.00201688 0.00193238 0.00210866
0.00193092 0.00170934 0.00212899
0.00148878 0.0014892 0.00175673
0.00200884 0.00248215 0.0019091
0.00223591 0.00186378 0.0020609
0.00213476 0.00232029 0.00191461
0.00220205 0.00213961 0.00153509
0.00144258 0.00192777 0.00142471
0.00153345 0.00201285 0.00187973
0.0021027 0.00201258 0.00200593
0.00142378 0.00217735 0.00136142
0.00183451 0.00183611 0.00148033
0.00216146 0.00184335 0.0015684
0.00213761 0.00241936 0.0015619
0.00242947 0.00220445 0.00153891
0.00142565 0.00172963 0.00168504
0.00212246 0.00188775 0.00175728
0.00209496 0.00170977 0.00149924
0.0019281 0.00185501 0.00199447
0.00184302 0.00171578 0.00142022
0.00176291 0.00166653 0.00181908
0.0017242 0.00217496 0.00169511
0.00203763 0.00221638 0.00183045
0.00201972 0.0018076 0.00210667
0.00194464 0.00225628 0.00128791
0.0024232 0.00224314 0.00180015
0.0020089 0.00171623 0.00147246
0.0016032 0.00146721 0.00171713
0.00163812 0.00179302 0.00179881
0.00223021 0.00209666 0.00161207
0.00168887 0.00166449 0.00192487
0.00171923 0.00283974 0.00126704
0.00172511 0.00147285 0.00160596
0.00183267 0.00169667 0.00156249
0.0015438 0.00190891 0.00220694
0.00183938 0.00177349 0.0018696
0.00167809 0.00164118 0.00182857
0.00189848 0.00184716 0.0017317
0.00178622 0.00155247 0.00163835
0.0017375 0.00212361 0.00180706
0.00185568 0.00219705 0.00162522
0.0016359 0.00202044 0.00227672
0.00245129 0.00187391 0.0019331
0.00158716 0.00184923 0.00192036
0.00172589 0.00233552 0.00219335
0.00195078 0.00173771 0.0020774
0.00112887 0.00176995 0.00213483
0.00162115 0.001869 0.00124081
0.00186847 0.00234488 0.00221489
0.00230628 0.00227623 0.00187922
0.0020456 0.001589 0.0023238
0.0021129 0.00167717 0.00205625
0.00161201 0.00157896 0.00195044
0.00155253 0.00157273 0.00145903
0.00167886 0.00189265 0.0018163
0.00159688 0.0018029 0.00186668
0.00156341 0.00179121 0.00155115
0.00231214 0.00151408 0.00185355
0.00169858 0.00146248 0.00167778
0.00170269 0.00170681 0.00193871
0.00128697 0.00164066 0.00154284
0.00149081 0.00187516 0.00163704
0.00159164 0.0018085 0.00184772
0.00188312 0.00155143 0.00185552
0.00184505 0.00142139 0.00186683
0.00156789 0.00178032 0.00218443
0.00192767 0.0020215 0.00212186
0.00210822 0.0018917 0.00177917
0.00276199 0.00299405 0.00201432
0.00103914 0.00186961 0.00180853
0.00125701 0.00139692 0.00158655
0.00167083 0.00157571 0.00172622
0.00171935 0.00220933 0.00224094
0.00158359 0.00175969 0.00162796
0.00154987 0.00148079 0.00171485
0.00209721 0.00206773 0.00205321
0.00167743 0.00165328 0.00202196
0.00221792 0.00222663 0.00214556
0.00170699 0.00206582 0.00180985
0.00190143 0.00197396 0.00172048
0.00161832 0.00157055 0.0022528
0.00186562 0.00218987 0.00177794
0.00218686 0.00155126 0.0018754
0.00192124 0.00208552 0.00223882
0.00220644 0.00160571 0.00203927
0.00181722 0.00189975 0.00173324
0.00215156 0.00190449 0.00189336
0.00158552 0.00168601 0.00207362
0.00168031 0.00230167 0.00204484
0.0018211 0.00159529 0.00174782
0.00231338 0.00231269 0.0020808
0.00149458 0.00118951 0.0017487
0.00174306 0.00194669 0.00213242
0.00157658 0.00183796 0.00198943
0.00238416 0.00250067 0.0019456
0.0016795 0.00194276 0.0017746
0.00203651 0.00198392 0.00179739
0.00189699 0.00185652 0.00175577
0.00161437 0.00147414 0.00155693
0.00130709 0.00117083 0.0013459
0.00197962 0.00174988 0.00202154
0.00196621 0.00163173 0.0016255
0.00199567 0.00199372 0.00174505
0.00185577 0.00196232 0.00156158
0.00203073 0.00175852 0.00149208
0.00183608 0.00174354 0.00189425
0.00177629 0.00181302 0.00133917
0.00112944 0.00149013 0.00154629
0.00213656 0.00206989 0.00151783
0.00215994 0.00210453 0.0019902
0.00186893 0.00201481 0.00167924
0.00167657 0.0018407 0.0020076
0.00225922 0.00175045 0.00164905
0.00162504 0.00170925 0.00150913
0.00160077 0.00154995 0.0017998
0.00237146 0.00211608 0.00202144
0.00187805 0.00143176 0.00144274
0.00166047 0.00107871 0.00181651
0.00120954 0.000882094 0.00177602
0.00188427 0.00172935 0.00135286
0.00151285 0.00134501 0.00176604
0.00135128 0.00127775 0.00158385
0.00114731 0.00144324 0.00145065
0.00227803 0.00193853 0.0020356
0.00199702 0.00208376 0.00194335
0.00215896 0.00157262 0.00211018
0.00151337 0.00191209 0.00186995
0.00189852 0.00227673 0.00209618
0.00180017 0.00189373 0.00196681
0.00165402 0.00158017 0.00165613
0.00204077 0.00232173 0.0021272
0.00187753 0.00218408 0.00193575
0.00190274 0.00172786 0.00187188
0.00220473 0.00167079 0.00188664
0.00169955 0.00201007 0.00188702
0.00193128 0.00177173 0.0019942
0.00196737 0.00230735 0.00248079
0.00154315 0.00173219 0.00160929
0.00163397 0.0015888 0.00158366
0.00186281 0.00194923 0.00186635
0.00172768 0.0016669 0.00175479
0.0016868 0.00186961 0.00148559
0.00174348 0.00161503 0.00135626
0.00153421 0.0012812 0.00200039
0.00161625 0.00185666 0.00184877
0.0012817 0.00163263 0.0012986
0.00180705 0.00206986 0.00164411
0.00142097 0.00139835 0.00153007
0.00108442 0.0013835 0.00111053
0.00122037 0.0011885 0.00128252
0.00172517 0.00151509 0.00142788
0.00132299 0.00143056 0.00157878
0.00160499 0.00154563 0.00165636
0.0019524 0.00140322 0.00186625
0.00150077 0.00154319 0.00152176
0.00174167 0.00181399 0.00177585
0.00144424 0.00197898 0.00141428
0.00164495 0.00177786 0.00173064
0.00178343 0.00192697 0.0018014
0.00129358 0.00173089 0.00138225
0.001874 0.00168814 0.00136269
0.00130661 0.00120862 0.00134335
0.0015168 0.00145886 0.00165224
0.00169993 0.00179338 0.00149263
0.00159281 0.00140728 0.00179989
0.00139972 0.00134065 0.00127926
0.00137589 0.00184269 0.00106673
0.00147431 0.00143264 0.00161663
0.00155296 0.00143547 0.00166005
0.00128954 0.00137545 0.00165703
0.00108441 0.0013386 0.00161751
0.00089093 0.00158702 0.00143614
0.00178208 0.00118417 0.00172206
0.00076182 0.000715875 0.000742484
0.0014946 0.00134801 0.00144015
0.00164789 0.00168535 0.00158805
0.00186934 0.00227156 0.00186195
0.00141119 0.00198611 0.00147594
0.00176994 0.0019281 0.00161734
0.00171593 0.00151149 0.0016723
0.00177113 0.00167995 0.00163771
0.00126332 0.00183402 0.00127536
0.00142451 0.00167691 0.00145761
0.00112638 0.00155553 0.00123714
0.000885973 0.0011013 0.000961595
0.00131327 0.00107134 0.00108516
0.000946218 0.00102222 0.00118486
0.00168961 0.00147408 0.00139744
0.00103346 0.00140722 0.00108396
0.00114868 0.000980592 0.00134645
0.00137455 0.00159954 0.00159767
0.00147682 0.00134387 0.00151214
0.00151708 0.00173621 0.00172259
0.00152491 0.00144464 0.00164281
0.0016548 0.00137627 0.0016651
0.00137339 0.00112148 0.0014573
0.00164925 0.00143842 0.0018924
0.00147798 0.00159005 0.00196343
0.00165903 0.00156825 0.00139521
0.00186139 0.00140887 0.00167941
0.00143201 0.00148722 0.0015535
0.00129793 0.0013397 0.00142603
0.00143327 0.00113936 0.00128873
0.00149891 0.00144117 0.00154906
0.00134539 0.00127235 0.00139916
0.00168605 0.00153134 0.0012944
0.00137084 0.00169805 0.00151887
0.0016118 0.00151711 0.00133515
0.00130837 0.0010106 0.00166344
0.00162882 0.00150556 0.00152845
0.00151592 0.0013053 0.00145919
0.00147381 0.0014011 0.00126546
0.00134081 0.00194083 0.00169223
0.00169756 0.00138102 0.00156702
0.0012897 0.00147086 0.00157055
0.00165178 0.00156883 0.00163219
0.0011739 0.00175884 0.00143292
0.000921333 0.00119512 0.0012788
0.00147574 0.00170738 0.00133996
0.00141751 0.00133583 0.00130047
0.00122325 0.00150729 0.00138541
0.00132267 0.00136744 0.00122268
0.00105091 0.00166784 0.00136989
0.0013327 0.0015024 0.00177286
0.00139367 0.00124933 0.0014981
0.00154509 0.00126348 0.00159599
0.0017068 0.00135395 0.00148901
0.00187891 0.00161514 0.00143028
0.00208187 0.0016234 0.0018497
0.00119824 0.00124809 0.000958922
0.00140809 0.00156009 0.00134238
0.00168796 0.00126864 0.00137015
0.00142063 0.00135914 0.00147115
0.00134367 0.00153136 0.0010146
0.00122239 0.00109814 0.00119789
0.00121139 0.00145533 0.0012691
0.00142927 0.00165885 0.00159133
0.00153811 0.00155534 0.00199433
0.00144844 0.00149384 0.00115336
0.00180029 0.00164431 0.00175444
0.00154478 0.00164285 0.00166428
0.00148254 0.00146893 0.00147007
0.00109556 0.0010221 0.00134424
0.00151064 0.00107642 0.00122421
0.00140372 0.00117543 0.00133516
0.00144519 0.00138901 0.00131484
0.00158094 0.00116582 0.00113426
0.00137625 0.00139612 0.00159307
0.00152259 0.00147061 0.00150027
0.00186983 0.00184445 0.00219244
0.00121375 0.00113275 0.00104541
0.00110149 0.00144582 0.00152776
0.00132099 0.00126594 0.00116314
0.00122709 0.00124006 0.00130447
0.00118186 0.00147142 0.00092146
0.00149159 0.00117504 0.00143076
0.00151462 0.00158051 0.00148198
0.00142114 0.00173736 0.0015693
0.00162455 0.00146377 0.00151525
0.00135574 0.00178865 0.00101379
0.00125376 0.00147667 0.0013891
0.00129072 0.00131806 0.00139914
0.00141855 0.00138792 0.00140945
0.00137034 0.00153553 0.00141042
0.00144655 0.00148112 0.00147741
0.00139362 0.00123127 0.00141533
0.0016855 0.00121212 0.00152707
0.00102821 0.000966684 0.0013954
0.00119657 0.00110801 0.00122025
0.00140169 0.00135976 0.00155717
0.00137609 0.0012078 0.000961914
0.00140049 0.000959431 0.00125394
0.00175338 0.00150769 0.00159373
0.00152759 0.00137616 0.00142572
0.00149391 0.00108587 0.0013917
0.00144016 0.00121203 0.0013951
0.00140147 0.00169796 0.00130989
0.00117252 0.00137477 0.00111252
0.00184782 0.00142818 0.00146048
0.00121615 0.00110073 0.00108543
0.00137971 0.000881793 0.000972349
0.00116974 0.00158836 0.0011336
0.00152243 0.00149582 0.00151734
0.00166453 0.00111237 0.00160963
0.0012922 0.000978528 0.00130659
0.00120705 0.00138341 0.000875354
0.0018186 0.001001 0.00136112
0.00165854 0.00184572 0.00172935
0.00121303 0.00159129 0.0014096
0.00120076 0.00112949 0.0012423
0.00101302 0.00122651 0.00104448
0.00138109 0.00137295 0.0013693
0.00118736 0.00121173 0.00115486
0.00127513 0.000916402 0.00145707
0.00136635 0.000980175 0.00137991
0.000887722 0.000976636 0.000962845
0.00120447 0.00112632 0.0013575
0.0010776 0.00135508 0.00149293
0.00169325 0.00142189 0.00146762
0.00120118 0.000996853 0.00102743
0.00154581 0.00109573 0.0010505
0.00140813 0.00133946 0.00122484
0.00101296 0.00130738 0.00112552
0.00118099 0.00160557 0.000933981
0.00151906 0.00141116 0.00163614
0.00112763 0.00135889 0.00101735
0.00102761 0.0010829 0.000979232
0.00114286 0.00132833 0.0011359
0.00117578 0.00129266 0.00123404
0.00099799 0.000815945 0.0010644
0.00112498 0.000959614 0.00119985
0.000906355 0.00109259 0.00081871
0.00103577 0.000581617 0.0012171
0.00103843 0.00104201 0.000853521
0.000940125 0.00096859 0.000970052
0.00107962 0.00126682 0.000938972
0.00119905 0.001095 0.000962574
0.00128954 0.000867395 0.000801174
0.000925907 0.00106148 0.00118767
0.00101609 0.00102211 0.00102468
0.00102685 0.00123288 0.00107508
0.00136636 0.00101917 0.000963487
0.00122066 0.0011874 0.00101752
0.000919974 0.00133675 0.00121166
0.0014068 0.00132293 0.0010265
0.00104989 0.00127234 0.00133356
0.00144052 0.00128594 0.000851425
0.00148997 0.00157272 0.0012667
0.00119857 0.000940145 0.000789948
0.000849275 0.000759313 0.00110514
0.00112865 0.00111307 0.0011183
0.000905155 0.00123816 0.0009555
0.00156779 0.00126627 0.00138886
0.00118665 0.00117762 0.00146492
0.00102307 0.00119672 0.0013716
0.00121937 0.00127513 0.00106787
0.000893904 0.00115169 0.00109775
0.00134049 0.00146011 0.00126631
0.00127997 0.000857861 0.00102859
0.00109524 0.00105481 0.00119851
0.000859561 0.00107684 0.000974788
0.00076517 0.00107113 0.00124872
0.00120248 0.00127115 0.000882958
0.00088207 0.00105968 0.000938746
0.00110869 0.00128602 0.000929943
0.00111035 0.00102087 0.00112393
0.00137915 0.00134925 0.00106316
0.00108931 0.00101864 0.00101464
0.00193881 0.00131769 0.00120404
0.00126419 0.00105118 0.00114458
0.00121908 0.0012923 0.00134116
0.00132206 0.00115213 0.0010594
0.000967127 0.00124254 0.00090263
0.00127865 0.00123826 0.00120747
0.00174799 0.00113245 0.00137488
0.00100664 0.00104842 0.00102585
0.00155123 0.00128354 0.0013475
0.00145663 0.00109912 0.00137146
0.00136102 0.00147483 0.00111951
0.00149233 0.00155376 0.00134752
0.0014128 0.00124919 0.001394
0.00115836 0.00111836 0.001144
0.00140928 0.0014885 0.00117195
0.00146158 0.00108346 0.000917597
0.00142702 0.00122981 0.00146793
0.0011269 0.000984788 0.00156845
0.000759204 0.000875593 0.000929068
0.00126868 0.00168831 0.00132072
0.00096946 0.000900325 0.00119424
0.00074909 0.00119421 0.00109852
0.00089274 0.000856518 0.000910062
0.000824415 0.000866477 0.000659629
0.000841546 0.00121366 0.00103542
0.00122845 0.00111568 0.00135803
0.00100983 0.00115629 0.00100915
0.000970735 0.000884282 0.00106035
0.000992407 0.00077927 0.000988924
0.00101968 0.000962609 0.000964546
0.000871574 0.00104793 0.00119309
0.0014881 0.00124581 0.00103482
0.0013777 0.00136264 0.00108521
0.000777206 0.00119467 0.000762834
0.000788661 0.000950949 0.00100964
0.000918251 0.000920982 0.0010801
0.00113035 0.00117241 0.00119215
0.00132868 0.00132441 0.0010021
0.00119332 0.000986243 0.00109176
0.00143621 0.0012391 0.0011903
0.00131997 0.00145893 0.00146906
0.000916913 0.00123974 0.001107
0.00118448 0.00148198 0.00102718
0.00110613 0.0010146 0.00132677
0.0011368 0.0010355 0.00123891
0.000985505 0.000833598 0.000827428
0.00158368 0.00167978 0.00137895
0.000840097 0.000970143 0.0010502
0.0012453 0.00145147 0.00112355
0.00137702 0.00122421 0.00130549
0.00132388 0.0011697 0.00128392
0.000846133 0.000952445 0.000814363
0.001121 0.00134948 0.00122702
0.001505 0.00157421 0.00121937
0.00154821 0.00131317 0.0014106
0.00128783 0.00120813 0.00119941
0.00152702 0.00104914 0.00103157
