1.08108 1.08259 1.08549
1.08291 1.07128 1.07341
1.07201 1.07544 1.0779
1.07241 1.06616 1.07276
1.07804 1.07132 1.08061
1.07583 1.074 1.07454
1.07853 1.0711 1.08329
1.0807 1.0767 1.08045
1.08866 1.07626 1.07884
1.07719 1.07707 1.07851
1.07618 1.07156 1.07685
1.07025 1.07312 1.07297
1.0696 1.06973 1.06977
1.08036 1.07169 1.07927
1.07622 1.06869 1.07681
1.07887 1.06979 1.07941
1.08436 1.08389 1.08402
1.07704 1.08199 1.08801
1.07453 1.07598 1.08091
1.07 1.06709 1.06805
1.06399 1.06256 1.06227
1.06586 1.06293 1.06415
1.06397 1.06371 1.06943
1.06881 1.06699 1.0686
1.05848 1.06251 1.06346
1.05773 1.05646 1.05815
1.07068 1.06634 1.05945
1.04759 1.06174 1.06142
1.05027 1.04776 1.04968
1.0512 1.05015 1.05139
1.05003 1.057 1.05428
1.06492 1.05222 1.05183
1.06574 1.06382 1.06111
1.07752 1.07233 1.06844
1.07123 1.0815 1.08221
1.07024 1.08917 1.08831
1.06366 1.08267 1.07588
1.05825 1.07912 1.08704
1.08813 1.08971 1.08652
1.09698 1.09601 1.09429
1.08946 1.09891 1.09782
1.08316 1.09285 1.09097
1.07712 1.08621 1.08329
1.07223 1.07826 1.07759
1.08874 1.09416 1.09277
1.1064 1.11375 1.11145
1.07336 1.08837 1.08558
1.08824 1.10849 1.1064
1.09072 1.10609 1.10586
1.07648 1.10289 1.09798
1.10397 1.11269 1.11062
1.08221 1.10894 1.10515
1.07631 1.08437 1.07963
1.07505 1.09554 1.09116
1.07733 1.08724 1.08366
1.0571 1.07456 1.07003
1.06364 1.07602 1.07537
1.06388 1.07824 1.08253
1.06908 1.06735 1.05796
1.05785 1.09071 1.08084
1.06743 1.08991 1.08023
1.05116 1.08055 1.06921
1.06657 1.09626 1.09132
1.07793 1.0892 1.09099
1.05596 1.08196 1.07689
1.07258 1.09798 1.09497
1.06983 1.09621 1.09487
1.0697 1.07758 1.07422
1.08956 1.09898 1.09767
1.07296 1.09777 1.0933
1.06925 1.07918 1.07329
1.08942 1.09899 1.09174
1.08628 1.08852 1.09814
1.06837 1.08522 1.07906
1.06635 1.09467 1.08646
1.06676 1.09916 1.08397
1.07304 1.076 1.07218
1.08136 1.08908 1.08234
1.07584 1.09638 1.08661
1.07455 1.08306 1.0743
1.08762 1.10702 1.09967
1.10156 1.10973 1.10905
1.08544 1.10417 1.10504
1.10471 1.12233 1.11969
1.11918 1.12757 1.12646
1.12986 1.13744 1.12199
1.12538 1.15066 1.14923
1.10899 1.13879 1.13134
1.08314 1.11458 1.1124
1.08958 1.12235 1.11685
1.10126 1.13088 1.12553
1.0759 1.10653 1.09904
1.10242 1.12783 1.11664
1.09751 1.13637 1.12515
1.07455 1.10509 1.0936
1.09172 1.12853 1.11687
1.0986 1.13418 1.12615
1.07344 1.10664 1.09539
1.10121 1.12848 1.11875
1.10611 1.13981 1.12834
1.08262 1.11637 1.10512
1.10496 1.14378 1.12781
1.11568 1.14254 1.13937
1.08506 1.11834 1.11495
1.10041 1.13496 1.12737
1.11798 1.13576 1.1385
1.09757 1.12849 1.11755
1.11363 1.14542 1.13668
1.11643 1.15378 1.14014
1.08686 1.11172 1.10747
1.10059 1.11933 1.11601
1.10025 1.13267 1.11982
1.109 1.09329 1.09471
1.07847 1.1039 1.0964
1.0836 1.10355 1.0999
1.09159 1.12853 1.11058
1.06126 1.1018 1.08739
1.06902 1.09709 1.09076
1.07838 1.11694 1.10098
1.10484 1.13663 1.12599
1.12509 1.15708 1.14333
1.14384 1.17165 1.16778
1.15548 1.18292 1.17757
1.16084 1.19023 1.18578
1.18134 1.20591 1.19901
1.19824 1.20838 1.21702
1.1965 1.22221 1.21361
1.21217 1.23565 1.23606
1.21826 1.25063 1.24316
1.23309 1.26654 1.26096
1.25082 1.2906 1.27878
1.22126 1.24968 1.2419
1.22215 1.25119 1.24301
1.23647 1.269 1.26074
1.24685 1.27832 1.27138
1.25358 1.29338 1.28352
1.28267 1.32008 1.31201
1.29392 1.33029 1.3249
1.31887 1.34896 1.34484
1.3344 1.34796 1.36475
1.34872 1.36304 1.3764
1.33624 1.35276 1.36368
1.34503 1.35789 1.3694
1.3338 1.3451 1.35926
1.32068 1.35045 1.34721
1.32959 1.33772 1.35164
1.3144 1.34672 1.33823
1.32269 1.34749 1.3454
1.32786 1.33679 1.35609
1.2997 1.33342 1.32681
1.3189 1.35253 1.34258
1.34105 1.35068 1.36585
1.34555 1.36038 1.37523
1.33887 1.3432 1.36211
1.34176 1.35282 1.36707
1.33431 1.34071 1.35776
1.34848 1.35658 1.37149
1.34731 1.35026 1.36261
1.33156 1.3356 1.35276
1.34433 1.34281 1.36008
1.31744 1.34818 1.34327
1.32853 1.35859 1.34899
1.35645 1.35278 1.37268
1.35856 1.3663 1.38329
1.34816 1.35072 1.36391
1.35099 1.35705 1.37165
1.33833 1.33939 1.35764
1.34166 1.35041 1.36409
1.33768 1.36532 1.35166
1.35026 1.35028 1.34063
1.35878 1.35808 1.34704
1.34635 1.3537 1.373
1.35875 1.36396 1.38105
1.34369 1.34765 1.36158
1.34673 1.35026 1.36737
1.33262 1.35594 1.34711
1.33987 1.34688 1.36592
1.34858 1.36321 1.37414
1.34377 1.34598 1.36276
1.34913 1.35257 1.36782
1.35793 1.35484 1.3508
1.36004 1.36004 1.36237
1.36204 1.36204 1.36471
1.35071 1.36061 1.36304
1.3603 1.3603 1.36296
1.35344 1.35565 1.36703
1.3504 1.3504 1.35241
1.35386 1.35386 1.35581
1.35379 1.35379 1.3557
1.35622 1.35622 1.35843
1.35636 1.35636 1.35821
1.3555 1.3555 1.35738
1.35823 1.35823 1.35993
1.35821 1.35821 1.35996
1.35795 1.35795 1.35992
1.36099 1.36099 1.36269
1.36108 1.36108 1.36278
1.36399 1.36399 1.36589
1.35495 1.35448 1.36594
1.35678 1.35718 1.36886
1.35117 1.34379 1.35306
1.34215 1.34214 1.35488
1.33367 1.34763 1.33755
1.34315 1.34387 1.356
1.34692 1.34685 1.35932
1.33721 1.35906 1.34315
1.33619 1.36306 1.34547
1.35418 1.36395 1.37551
1.35875 1.36895 1.37906
1.35471 1.35715 1.36627
1.35265 1.33902 1.35414
1.34353 1.3441 1.35738
1.35322 1.35111 1.33809
1.34832 1.34683 1.33946
1.34497 1.34414 1.35538
1.34768 1.35751 1.35834
1.34834 1.3574 1.34505
1.35305 1.35679 1.36674
1.35772 1.35775 1.37054
1.34369 1.34257 1.35359
1.34182 1.34058 1.33909
1.35028 1.34548 1.34183
1.35095 1.35829 1.34889
1.34159 1.3405 1.35105
1.34413 1.34523 1.3367
1.34901 1.34794 1.33772
1.35371 1.34461 1.35438
1.35268 1.35016 1.33986
1.34882 1.35112 1.33988
1.34666 1.34865 1.35978
1.35046 1.35199 1.36313
1.34512 1.34512 1.3463
1.35942 1.35049 1.34602
1.35348 1.35348 1.3545
1.35335 1.35335 1.35436
1.35555 1.35555 1.35632
1.35614 1.35614 1.357
1.35797 1.35797 1.35875
1.3585 1.3585 1.3594
1.36038 1.36038 1.36135
1.35168 1.36079 1.36185
1.36068 1.36068 1.36174
1.36247 1.35282 1.36345
1.34851 1.34851 1.34975
1.34926 1.34926 1.35036
1.34943 1.34943 1.3506
1.34975 1.34975 1.35071
1.35194 1.35194 1.35273
1.35233 1.35233 1.35316
1.35446 1.35446 1.35528
1.35482 1.35482 1.35554
1.3566 1.3566 1.35733
1.35711 1.35711 1.35797
1.35698 1.35698 1.35796
1.35824 1.35824 1.35927
1.36126 1.36126 1.36228
1.36165 1.36165 1.36241
1.36215 1.36215 1.36308
1.36374 1.36374 1.36462
1.35618 1.36384 1.36494
1.36555 1.36555 1.36632
1.36573 1.35854 1.36654
1.36743 1.35978 1.3681
1.35529 1.35529 1.35569
1.35453 1.35453 1.35556
1.35454 1.35454 1.35556
1.35454 1.35454 1.35564
1.35606 1.35606 1.35714
1.35658 1.35658 1.35762
1.35824 1.35824 1.35907
1.35867 1.35867 1.35963
1.36026 1.36026 1.36112
1.36076 1.36076 1.36145
1.36228 1.36228 1.36288
1.36205 1.36205 1.36308
1.36381 1.36381 1.36441
1.36369 1.36369 1.36473
1.36575 1.36575 1.36646
1.36577 1.36577 1.36653
1.36614 1.36614 1.36705
1.36712 1.36712 1.36772
1.36709 1.36709 1.3677
1.36724 1.36724 1.36794
1.36839 1.36839 1.36907
1.36896 1.36896 1.36958
1.37057 1.37057 1.37112
1.37102 1.37102 1.37159
1.3726 1.3726 1.37315
1.37284 1.37284 1.37348
1.37444 1.37444 1.37519
1.37505 1.37505 1.37568
1.37683 1.37683 1.37751
1.3773 1.3773 1.3779
1.37744 1.37744 1.37803
1.3792 1.3792 1.37986
1.37955 1.37955 1.38016
1.38117 1.38117 1.38175
1.38195 1.38195 1.38252
1.38378 1.38378 1.38453
1.38409 1.38409 1.38479
1.38593 1.38593 1.38663
1.38612 1.38612 1.38684
1.38774 1.38774 1.38871
1.38829 1.38829 1.38937
1.39015 1.39015 1.39096
1.39051 1.39051 1.39148
1.39074 1.39074 1.39176
1.39243 1.39243 1.3933
1.39451 1.39451 1.39486
1.39421 1.39421 1.39516
1.3949 1.3949 1.39577
1.3956 1.3956 1.39706
1.39581 1.39581 1.39703
1.39765 1.39765 1.39873
1.39814 1.39814 1.39945
1.39796 1.39796 1.39948
1.39956 1.39956 1.40128
1.40014 1.40014 1.40121
1.40237 1.40237 1.40377
1.40219 1.40219 1.40332
1.40367 1.40367 1.40423
1.40413 1.40413 1.40444
1.40583 1.40583 1.40599
1.4066 1.4066 1.40696
1.40797 1.40797 1.40866
1.40874 1.40874 1.40924
1.41099 1.41099 1.41152
1.41307 1.41307 1.41394
1.41665 1.41665 1.41743
1.41811 1.41811 1.41889
1.41874 1.41874 1.41988
1.42093 1.42093 1.42115
1.4233 1.4233 1.42345
1.42457 1.42457 1.42439
1.42563 1.42563 1.42614
1.42743 1.42743 1.42808
1.42864 1.42864 1.42931
1.43083 1.43083 1.43074
1.43177 1.43177 1.43243
1.43373 1.43373 1.4344
1.43533 1.43533 1.43586
1.43759 1.43759 1.43749
1.43852 1.43852 1.4388
1.44021 1.44021 1.44035
1.44205 1.44205 1.4421
1.44327 1.44327 1.44336
1.445 1.445 1.44466
1.44547 1.44547 1.44531
1.44653 1.44653 1.44654
1.4478 1.4478 1.44814
1.44849 1.44849 1.44913
