0.00436045 0.00311207 0.00326095
0.00474368 0.00484633 0.00463466
0.00336212 0.0026032 0.00224388
0.0026113 0.00192859 0.00131113
0.00227837 0.00220949 0.00171744
0.00390029 0.00276705 0.00213399
0.00214335 0.00243435 0.00159384
0.00231903 0.00245613 0.00185679
0.00303953 0.00260138 0.00205078
0.00244896 0.00198694 0.00143517
0.00281972 0.00261406 0.00192807
0.00373252 0.0021062 0.00216515
0.0037234 0.00213799 0.00197674
0.00414465 0.00281095 0.00279417
0.0022146 0.0026472 0.00266803
0.00389947 0.00228392 0.00208974
0.00292445 0.0022381 0.00209978
0.00273218 0.00176685 0.00141795
0.00208774 0.0020047 0.00161505
0.00268846 0.00220604 0.00171772
0.00252429 0.00176589 0.00135986
0.0014648 0.00167099 0.00127463
0.00202898 0.0015914 0.000978209
0.00189381 0.00165824 0.00104615
0.00158691 0.0016025 0.00101757
0.00136856 0.00168677 0.0010704
0.00235379 0.00159774 0.00113494
0.00172532 0.00161673 0.00122993
0.0019317 0.00204292 0.00157192
0.00239208 0.00233789 0.00211228
0.00193949 0.00238933 0.0020626
0.00161028 0.0014096 0.00134933
0.00213193 0.00145346 0.00144543
0.00214182 0.00198642 0.00154661
0.00270919 0.00278729 0.00233403
0.00232509 0.0025434 0.00237807
0.00189625 0.00231309 0.0019921
0.00252938 0.00185035 0.0013461
0.00302354 0.00175759 0.00164119
0.00205843 0.00168113 0.00151794
0.00160204 0.00201886 0.0015173
0.00236683 0.00229307 0.00216158
0.00212752 0.00174808 0.00157879
0.0017978 0.00149542 0.00124962
0.00259332 0.00198901 0.00185389
0.00281051 0.0017894 0.00178623
0.00230756 0.00142406 0.001203
0.00279246 0.00233774 0.00224113
0.00238812 0.00219511 0.00218288
0.00173197 0.00168272 0.00176391
0.00264042 0.00242664 0.00242006
0.00226353 0.00243748 0.00221199
0.00144763 0.00177905 0.00166361
0.00172185 0.00185551 0.00184525
0.0018061 0.00223687 0.00187727
0.00167943 0.00170742 0.00157035
0.00165409 0.00152608 0.00132531
0.00194073 0.00214748 0.00173645
0.00172762 0.00241851 0.0019958
0.00181784 0.00206405 0.00204283
0.00194256 0.00237511 0.00196334
0.00203411 0.00199383 0.00153569
0.00200125 0.00217827 0.00185948
0.00190135 0.0026731 0.00216208
0.0021689 0.00240514 0.00209045
0.00217998 0.00224141 0.00209401
0.00189331 0.00227984 0.0024338
0.00244566 0.00206864 0.00194942
0.00184625 0.00194089 0.0017619
0.00182458 0.00269972 0.00225968
0.00266074 0.0025601 0.00217025
0.00186935 0.00209428 0.00185541
0.00199389 0.00274812 0.00204712
0.00246967 0.00291651 0.00244145
0.0017371 0.00212181 0.00176614
0.00191259 0.00239709 0.00172196
0.00185172 0.00228226 0.00186505
0.00164343 0.00244026 0.00166404
0.00172854 0.00267112 0.00188875
0.00206227 0.00252671 0.00209256
0.00153584 0.0023701 0.00143323
0.00174186 0.00164443 0.00219095
0.00193811 0.00273344 0.00239361
0.00220494 0.00218305 0.00206088
0.00163962 0.00209563 0.00190739
0.00179785 0.00223548 0.00216706
0.00188117 0.0020432 0.00192456
0.00255422 0.00188086 0.0020901
0.00144388 0.00169817 0.00161338
0.0021599 0.00197825 0.00190521
0.0028514 0.00249131 0.00236894
0.00200804 0.00235885 0.00227899
0.00175876 0.00239555 0.00219187
0.00182212 0.00247692 0.00231286
0.0013515 0.00257773 0.0021751
0.00236289 0.00293127 0.00253031
0.0017573 0.00283976 0.00233156
0.00183093 0.00240082 0.00194439
0.00172138 0.00218721 0.00202454
0.00224027 0.00236643 0.00277248
0.00157746 0.00281494 0.00281687
0.00265638 0.00303788 0.00305315
0.00239632 0.00338639 0.00307148
0.00248903 0.00261355 0.00274685
0.00251224 0.00269435 0.002738
0.00190857 0.00292621 0.00284169
0.00190591 0.00252667 0.00266159
0.00182026 0.00281255 0.00269657
0.0016192 0.00307993 0.00286835
0.00197782 0.0027406 0.00258816
0.0019952 0.00283454 0.00271311
0.00172493 0.00291639 0.00303615
0.00234502 0.002811 0.00261552
0.00181022 0.00282534 0.00226409
0.00263288 0.00332722 0.00260098
0.00209992 0.00345053 0.0028862
0.0025574 0.00341883 0.00278446
0.00233014 0.00291477 0.00244763
0.00204253 0.00234434 0.00251891
0.00159599 0.00232785 0.00255329
0.00216532 0.00249987 0.00282084
0.0014876 0.0035836 0.00283204
0.00217203 0.00317611 0.00319237
0.00224071 0.00359141 0.00324725
0.00215274 0.00363203 0.00327786
0.00341534 0.00394723 0.00347436
0.00214009 0.00331288 0.0031938
0.00204655 0.00324396 0.00305321
0.00224275 0.00354507 0.00335584
0.00278949 0.00468703 0.00478108
0.00327254 0.00511067 0.0049967
0.00280267 0.00470796 0.00455953
0.00294946 0.00457906 0.00441429
0.00314333 0.00489155 0.00456249
0.00342989 0.00467182 0.00506403
0.0037743 0.00443986 0.00551325
0.00359428 0.00466124 0.00545548
0.00381075 0.00525204 0.00517863
0.00353228 0.0045063 0.00532835
0.00332996 0.00522413 0.00526816
0.0036845 0.00493339 0.0056939
0.00364914 0.00465352 0.00551636
0.00331473 0.00534993 0.00542532
0.00391534 0.00493563 0.00594738
0.0039143 0.00507589 0.00590914
0.00383685 0.00599862 0.00577013
0.00370812 0.00486481 0.00637245
0.00405469 0.0062626 0.00570806
0.0038172 0.00545841 0.00601974
0.0038141 0.00589883 0.00571121
0.00378253 0.00549683 0.00565389
0.00365031 0.00556011 0.00554715
0.00401341 0.00507746 0.00592396
0.00394361 0.00500879 0.00553085
0.00392178 0.00588458 0.00549549
0.00424871 0.00464234 0.00561966
0.00371084 0.00493779 0.00521819
0.00393294 0.00431139 0.00555454
0.00352732 0.0055011 0.00509132
0.00396706 0.0051481 0.00563336
0.00342926 0.00413608 0.00512895
0.00323504 0.00452935 0.00495469
0.00314938 0.0051498 0.00486873
0.00294762 0.00347434 0.00398626
0.00301125 0.00336735 0.00397573
0.003972 0.00508062 0.00455095
0.00373659 0.00455963 0.0049234
0.00341894 0.0045063 0.00493173
0.00350866 0.00372636 0.0049267
0.0032651 0.00462352 0.00470146
0.00396785 0.00471071 0.00512264
0.003518 0.0041931 0.00506714
0.0032028 0.00424733 0.00450947
0.00344436 0.00421852 0.00481176
0.00385252 0.00441855 0.00494067
0.00448888 0.00525884 0.00470934
0.00411837 0.0043951 0.0052168
0.00354873 0.00423423 0.00474711
0.00398279 0.00428649 0.00509231
0.00318275 0.004079 0.00466148
0.00350806 0.00425208 0.00479367
0.00315578 0.00406159 0.00443686
0.00331635 0.00368473 0.00462222
0.00323938 0.00345295 0.0047794
0.00324564 0.00379946 0.00430183
0.00346851 0.00374273 0.00487199
0.00343667 0.00365993 0.00482951
0.00277847 0.00312278 0.00399212
0.00303582 0.00423936 0.00407204
0.00368769 0.00379204 0.00408956
0.00264433 0.00387311 0.00369154
0.00344641 0.00362006 0.00351649
0.00337531 0.00396507 0.00391294
0.00284649 0.00322923 0.00369224
0.00287458 0.00353707 0.0032935
0.00297352 0.00436762 0.0037548
0.00334453 0.00343507 0.00361587
0.00351655 0.00378964 0.00322908
0.00363195 0.00355744 0.00371173
0.00266867 0.00373024 0.00337479
0.00311293 0.00368528 0.00319737
0.00320251 0.00317162 0.00324211
0.00267266 0.00320192 0.00326326
0.00266151 0.0028229 0.00305333
0.00263107 0.00276781 0.00338964
0.00299406 0.00365437 0.00283726
0.00304389 0.00335251 0.00290837
0.00272007 0.00394726 0.00278778
0.00283948 0.00301552 0.00311537
0.00285789 0.00338013 0.0028672
0.00291204 0.00321309 0.00298916
0.00265261 0.00369658 0.00298279
0.00237156 0.0031335 0.00300005
0.00252498 0.0029815 0.00278591
0.00241188 0.00313053 0.00298617
0.00265844 0.00270133 0.0028412
0.00346515 0.00311031 0.00262214
0.0033695 0.00301958 0.00272334
0.00229579 0.00313581 0.00291247
0.00258281 0.00334366 0.00293946
0.00236238 0.00268611 0.00306114
0.00233882 0.00223068 0.00304779
0.00330198 0.00332036 0.00263238
0.00349221 0.00344863 0.0029793
0.00216918 0.00244025 0.00311814
0.00275572 0.00308591 0.00271438
0.00310503 0.00315989 0.00301797
0.00238701 0.00312599 0.00304284
0.00226965 0.00296224 0.00312297
0.00258447 0.00280399 0.00319605
0.0028086 0.00341017 0.00295044
0.00331351 0.00367562 0.00286937
0.00273112 0.00379048 0.00301954
0.00319332 0.00325254 0.0032079
0.00328135 0.00349047 0.00269495
0.00313551 0.00355442 0.0028974
0.0031647 0.00317926 0.00306911
0.00344609 0.00373084 0.00268378
0.00330439 0.0036615 0.00281345
0.00284071 0.00266543 0.00293342
0.00316144 0.00285298 0.0026495
0.0027881 0.00297419 0.00287505
0.00281568 0.00235786 0.0029389
0.00334684 0.00252636 0.0027352
0.00343609 0.00345552 0.00291113
0.00268388 0.00243835 0.00300808
0.00312612 0.00272108 0.00275729
0.00315061 0.00345299 0.00280926
0.00333163 0.00316723 0.00302799
0.00230568 0.00339515 0.00269309
0.00281227 0.00245323 0.00309187
0.00244613 0.00236641 0.00302569
0.003153 0.00265072 0.00282285
0.00295893 0.00294035 0.00280422
0.00309868 0.00227446 0.00281165
0.00279935 0.00278958 0.00252343
0.00256101 0.00282653 0.00288471
0.0031581 0.00312604 0.00293748
0.00223152 0.0029719 0.00292606
0.00226497 0.00247929 0.00307701
0.00321166 0.00228396 0.00287145
0.00310078 0.00332304 0.00268453
0.00323533 0.00214406 0.0028071
0.00290252 0.00249445 0.00245636
0.00274308 0.002848 0.00277702
0.00293567 0.00289558 0.00278463
0.00298766 0.00305434 0.00291023
0.00270516 0.00314721 0.00310756
0.00221353 0.00298543 0.00312077
0.00261709 0.002878 0.0028625
0.00272109 0.00396663 0.00319132
0.00277547 0.0029563 0.00320843
0.00239327 0.00247787 0.00310635
0.00300976 0.00290176 0.00278792
0.00299756 0.0030119 0.00305418
0.00285833 0.00328963 0.00291214
0.00286728 0.00303293 0.00296565
0.00275515 0.00277734 0.00299134
0.00281765 0.00297383 0.00276906
0.0029598 0.00265094 0.00295291
0.00310689 0.00290463 0.00281127
0.00285599 0.00283522 0.00279697
0.00305777 0.00321357 0.00299447
0.00280004 0.00257978 0.00295051
0.00288852 0.00298931 0.00301315
0.00296239 0.00312281 0.00288792
0.00280969 0.00316775 0.00293813
0.00266928 0.0028701 0.00301527
0.00307844 0.00283047 0.00291003
0.00290839 0.00359836 0.00307956
0.00263845 0.00263363 0.003081
0.00306229 0.00287637 0.00290206
0.00275185 0.00251468 0.00279812
0.00272733 0.0026406 0.00294747
0.00273351 0.00279286 0.00277774
0.00257875 0.00314493 0.00287249
0.00272267 0.00327298 0.00299149
0.00307991 0.00290437 0.00291148
0.00291226 0.00257029 0.00276924
0.00274006 0.00282226 0.00294809
0.00304509 0.00339271 0.00286725
0.00265951 0.00296668 0.00296169
0.0028161 0.00250309 0.0029931
0.00259025 0.00271786 0.00316695
0.00306822 0.00301045 0.00289977
0.00279553 0.00274551 0.00311866
0.00305108 0.00254549 0.00315038
0.00307392 0.00227006 0.00285915
0.002766 0.00260325 0.00299817
0.00296083 0.00301346 0.00291749
0.00312099 0.00305706 0.00311904
0.00287481 0.00268335 0.00296178
0.00301563 0.0029765 0.00288595
0.00275914 0.00273111 0.00301224
0.00255763 0.00243033 0.0030278
0.0030788 0.00341528 0.00283881
0.00272038 0.00288744 0.00316197
0.00306464 0.0032054 0.002807
0.00326981 0.00291124 0.00297713
0.00277641 0.00215916 0.00293542
0.00279689 0.00270211 0.00273859
0.00289688 0.0027455 0.00299024
0.00304245 0.0030311 0.00294655
0.00306995 0.00363142 0.00287059
0.00306339 0.00321199 0.00291508
0.00286242 0.00285671 0.00289777
0.00310926 0.00303415 0.00291913
0.00284366 0.00267101 0.00288624
0.00312115 0.0034112 0.00296149
0.00319371 0.00344475 0.00304341
0.00256812 0.00298242 0.00306273
0.00263882 0.00273997 0.0031428
0.00293459 0.0031131 0.00289395
0.00305536 0.00260701 0.00309787
0.00338566 0.00339761 0.00297613
0.00284285 0.00249543 0.00300324
0.00251231 0.00271866 0.00284533
0.00314616 0.00278704 0.0028729
0.00229575 0.0025227 0.00296087
0.00313043 0.00310482 0.00273604
0.00209434 0.0024427 0.00306297
0.00233181 0.00219742 0.00306259
0.00304067 0.00294773 0.00271098
0.00260937 0.00288058 0.00309932
0.00286051 0.00309704 0.00286889
0.00317601 0.0034725 0.00295896
0.00242762 0.00236996 0.00305045
0.00309825 0.00308202 0.0027634
0.0029189 0.00318598 0.00292943
0.00241763 0.00253544 0.00307065
0.00289093 0.0030428 0.00284077
