1.08402 1.07812 1.07702
1.08514 1.08514 1.07934
1.08487 1.07529 1.08052
1.08584 1.08584 1.07968
1.08255 1.08195 1.0826
1.08814 1.08814 1.08068
1.08816 1.08529 1.08071
1.08865 1.08865 1.08386
1.08944 1.08389 1.08392
1.08872 1.08872 1.08166
1.08949 1.08443 1.0821
1.08884 1.08881 1.08204
1.08213 1.08159 1.08115
1.08627 1.08627 1.08048
1.08525 1.08036 1.08043
1.08426 1.08426 1.07819
1.08565 1.08064 1.07731
1.08405 1.08405 1.07721
1.08362 1.07617 1.07699
1.08193 1.08192 1.07686
1.083 1.07675 1.07628
1.08318 1.08318 1.07616
1.08261 1.07643 1.07577
1.08336 1.08336 1.07639
1.07863 1.07792 1.0763
1.08182 1.08182 1.0752
1.07933 1.07578 1.07499
1.0827 1.08269 1.07486
1.07908 1.07555 1.07498
1.0825 1.08249 1.0757
1.0828 1.07782 1.07677
1.08279 1.08279 1.07769
1.08172 1.07716 1.07746
1.07897 1.07897 1.07881
1.08273 1.07811 1.0765
1.07935 1.07935 1.0767
1.0822 1.07871 1.07633
1.08563 1.08562 1.07928
1.08475 1.07801 1.07673
1.08655 1.08654 1.07843
1.0824 1.07803 1.08187
1.08552 1.08551 1.07805
1.08596 1.08203 1.07851
1.08509 1.08508 1.0788
1.08514 1.08153 1.08252
1.08613 1.08612 1.08468
1.0836 1.07986 1.08275
1.08473 1.08473 1.08392
1.0844 1.089 1.08085
1.08338 1.08338 1.07796
1.0829 1.07503 1.07694
1.08182 1.08182 1.07677
1.08308 1.07616 1.076
1.08305 1.08304 1.07824
1.07496 1.07911 1.0785
1.08191 1.08191 1.07693
1.08001 1.0759 1.07586
1.08197 1.08196 1.07675
1.0836 1.07621 1.07842
1.08365 1.08364 1.0774
1.08432 1.07863 1.07698
1.08503 1.08503 1.08126
1.08412 1.08112 1.07761
1.08578 1.08577 1.07801
1.0845 1.08046 1.07705
1.08379 1.08379 1.07985
1.08433 1.07815 1.07848
1.08792 1.08792 1.07948
1.08547 1.07958 1.07959
1.08694 1.08694 1.08019
1.08547 1.07925 1.07967
1.08627 1.08627 1.08114
1.08589 1.07935 1.08346
1.08644 1.08643 1.07873
1.08489 1.07958 1.0792
1.08402 1.08401 1.07999
1.0828 1.07672 1.07948
1.0813 1.08129 1.07748
1.08195 1.07833 1.07708
1.08468 1.08468 1.08115
1.08366 1.07876 1.07824
1.08615 1.08614 1.07838
1.08388 1.08002 1.07809
1.08618 1.08617 1.07673
1.07954 1.07707 1.0775
1.08487 1.08487 1.07689
1.08402 1.07914 1.07627
1.08535 1.08535 1.07897
1.08338 1.07601 1.07846
1.08732 1.08732 1.07916
1.08608 1.07907 1.07892
1.08517 1.08517 1.07884
1.08241 1.07872 1.07671
1.08999 1.08999 1.07891
1.08428 1.09075 1.0791
1.08311 1.0831 1.07778
1.07654 1.08014 1.07633
1.08476 1.08475 1.07841
1.08532 1.07525 1.08046
1.08511 1.08511 1.07847
1.08525 1.07594 1.07819
1.0854 1.0854 1.07815
1.08541 1.07729 1.07671
1.08067 1.08066 1.07821
1.08515 1.07843 1.07736
1.08678 1.08678 1.08096
1.08611 1.07823 1.08017
1.08557 1.08557 1.07837
1.08391 1.07823 1.07873
1.08398 1.08398 1.07871
1.08334 1.08072 1.07867
1.08711 1.0871 1.08011
1.08256 1.08252 1.08073
1.08653 1.08653 1.07684
1.08406 1.08035 1.0801
1.08686 1.08686 1.0779
1.0825 1.07722 1.07853
1.08281 1.08289 1.07732
1.08228 1.0843 1.07673
1.08497 1.08497 1.07813
1.0838 1.07642 1.07649
1.08522 1.08521 1.07655
1.08375 1.08383 1.07667
1.08529 1.08528 1.07746
1.08437 1.08523 1.08161
1.08314 1.08314 1.07813
1.08423 1.07923 1.08079
1.08249 1.08249 1.08362
1.08242 1.07408 1.08314
1.08196 1.08196 1.0827
1.0803 1.08423 1.08207
1.08276 1.08276 1.0817
1.07567 1.08675 1.07371
1.08199 1.08199 1.07424
1.08034 1.07475 1.07324
1.08307 1.08307 1.0769
1.07873 1.0749 1.07435
1.08367 1.08367 1.08233
1.08066 1.07546 1.07463
1.08414 1.08414 1.08298
1.08241 1.08526 1.07715
1.08341 1.0834 1.07876
1.08305 1.07801 1.0773
1.08634 1.08635 1.08128
1.08396 1.07701 1.07781
1.08544 1.08544 1.07921
1.08359 1.07974 1.08045
1.08576 1.08577 1.07968
1.08273 1.07952 1.0777
1.08507 1.08506 1.08015
1.08268 1.08221 1.07891
1.08238 1.08237 1.08082
1.08493 1.07853 1.07825
1.08496 1.08496 1.07898
1.08542 1.07859 1.07848
1.08635 1.08635 1.07866
1.08465 1.0806 1.07802
1.08674 1.08674 1.0807
1.08494 1.08169 1.07713
1.08618 1.08617 1.07784
1.08499 1.08513 1.07858
1.08398 1.08398 1.08322
1.08187 1.08158 1.07625
1.08657 1.08657 1.08285
1.08402 1.08334 1.08747
1.08574 1.08573 1.08302
1.08164 1.08692 1.08481
1.08506 1.08505 1.08109
1.08233 1.08146 1.07716
1.0834 1.08339 1.08089
1.08198 1.08505 1.07693
1.08628 1.08627 1.08434
1.08346 1.08641 1.07865
1.08797 1.08797 1.08547
1.08623 1.07972 1.07837
1.08631 1.08631 1.08524
1.08577 1.07807 1.07826
1.08663 1.08662 1.08077
1.08563 1.08508 1.0789
1.07877 1.07877 1.08555
1.08475 1.08033 1.08023
1.08739 1.08738 1.08156
1.08618 1.08011 1.07923
1.08441 1.08441 1.08498
1.08614 1.08576 1.08523
1.08822 1.08822 1.08263
1.0859 1.07915 1.08166
1.0871 1.0871 1.08155
1.08586 1.08637 1.07809
1.08856 1.08856 1.08478
1.08511 1.08405 1.08398
1.08621 1.0862 1.08303
1.08497 1.08337 1.0833
1.08533 1.08532 1.08423
1.08508 1.08284 1.08471
1.0866 1.08659 1.08328
1.08579 1.08533 1.08468
1.08629 1.08628 1.0817
1.08367 1.08373 1.08434
1.08793 1.08792 1.08351
1.08633 1.08413 1.08442
1.08705 1.08705 1.08302
1.08289 1.07708 1.0838
1.08734 1.08733 1.08453
1.0844 1.08248 1.07776
1.08757 1.08757 1.08361
1.08523 1.08546 1.08626
1.08564 1.08564 1.08317
1.08345 1.08321 1.0771
1.08313 1.08313 1.08314
1.08235 1.07659 1.08019
1.08389 1.0839 1.07628
1.08132 1.08453 1.07922
1.08254 1.08254 1.08309
1.08001 1.08501 1.08207
1.08149 1.08149 1.08228
1.08079 1.0835 1.08191
1.08456 1.08456 1.08302
1.08326 1.07701 1.0878
1.08628 1.08628 1.08385
1.0831 1.08269 1.08769
1.08583 1.08584 1.08398
1.08313 1.08474 1.08316
1.08841 1.08841 1.08436
1.08378 1.0859 1.08614
1.08586 1.08587 1.08442
1.08234 1.08872 1.10094
1.08814 1.08813 1.0855
1.08565 1.08456 1.09306
1.08772 1.08773 1.0854
1.0789 1.09298 1.08748
1.08663 1.08663 1.08531
1.08553 1.09277 1.0886
1.08711 1.08711 1.08444
1.08414 1.08996 1.08382
1.08763 1.08763 1.08472
1.08479 1.08404 1.07818
1.08636 1.08637 1.08586
1.08652 1.08662 1.08523
1.0876 1.0876 1.08569
1.08382 1.08372 1.07918
1.08351 1.08351 1.08493
1.08527 1.08466 1.08662
1.08788 1.08788 1.08457
1.08555 1.08854 1.08487
1.08782 1.08783 1.08479
1.08364 1.0839 1.08444
1.08664 1.08664 1.08421
1.0794 1.08567 1.08332
1.08657 1.08657 1.08483
1.08586 1.08637 1.08525
1.08813 1.08814 1.09078
1.08511 1.0871 1.08436
1.08827 1.08827 1.08526
1.08634 1.08632 1.08547
1.09083 1.09083 1.09185
1.08651 1.08502 1.08573
1.08701 1.08701 1.09138
1.08515 1.08688 1.08677
1.08725 1.08725 1.09109
1.08665 1.0855 1.08771
1.08959 1.08959 1.08653
1.08764 1.08738 1.08698
1.08665 1.08665 1.0917
1.08624 1.08652 1.0871
1.08876 1.08876 1.09108
1.08287 1.08559 1.08623
1.08756 1.08756 1.09127
1.0872 1.08842 1.08736
1.08815 1.08816 1.09034
1.08592 1.08835 1.08898
1.08807 1.08807 1.08569
1.08614 1.08939 1.08869
1.08688 1.08687 1.08569
1.08494 1.08858 1.0883
1.08529 1.08529 1.09028
1.0855 1.08896 1.08818
1.08788 1.08788 1.09086
1.08533 1.08844 1.08887
1.09027 1.09027 1.09027
1.08537 1.08916 1.08897
1.08996 1.08996 1.09204
1.08695 1.08923 1.08904
1.09039 1.09037 1.09053
1.08733 1.08928 1.08948
1.09033 1.09033 1.09228
1.08754 1.08913 1.08916
1.09012 1.09012 1.09156
1.08676 1.08888 1.0874
1.08524 1.08524 1.09057
1.0858 1.08469 1.08688
1.08592 1.08592 1.09204
1.08474 1.0854 1.08647
1.08457 1.08457 1.08853
1.08654 1.08615 1.08486
1.08216 1.08216 1.08799
1.08603 1.08404 1.08445
1.0821 1.0821 1.08752
1.08594 1.08443 1.08443
1.08427 1.08427 1.08715
1.08532 1.08507 1.08627
1.08592 1.08593 1.08868
1.08607 1.08691 1.08957
1.08453 1.08453 1.08881
1.08373 1.08512 1.08682
1.08713 1.08714 1.09144
1.08499 1.08691 1.08505
1.08818 1.08818 1.08913
1.08476 1.08888 1.08862
1.08908 1.08909 1.08728
1.08785 1.0883 1.0856
1.09065 1.09065 1.09275
1.08784 1.08873 1.08602
1.08871 1.08871 1.09228
1.08656 1.08855 1.09021
1.0883 1.08831 1.09148
1.08686 1.08879 1.08799
1.08802 1.08802 1.09126
1.08802 1.0876 1.08971
1.08911 1.08911 1.0928
1.08623 1.08652 1.08958
1.08676 1.08675 1.09293
1.08918 1.0895 1.08906
1.08675 1.08674 1.09001
1.08802 1.08832 1.08752
1.08526 1.08526 1.08924
1.08609 1.08725 1.08937
1.08591 1.08591 1.0898
1.08577 1.08848 1.08991
1.08817 1.08817 1.09033
1.08615 1.09025 1.09007
1.08942 1.08942 1.09324
1.08656 1.08974 1.08867
1.08903 1.08903 1.09122
1.08617 1.08999 1.08951
1.08639 1.08638 1.091
1.08625 1.08865 1.08855
1.08969 1.08969 1.09128
1.08655 1.09064 1.08872
1.08921 1.0892 1.09101
1.08591 1.09054 1.09
1.08837 1.08836 1.09087
1.08613 1.08841 1.08819
1.08868 1.08867 1.09103
1.08628 1.09096 1.08819
1.08862 1.08862 1.09069
1.08632 1.08931 1.0882
1.09014 1.09014 1.09136
1.08736 1.09167 1.08914
1.08902 1.08901 1.09135
1.08728 1.08947 1.08894
1.08892 1.08892 1.09257
1.08705 1.08873 1.08888
1.08966 1.08965 1.09079
1.0866 1.08824 1.08843
1.08892 1.08891 1.09014
1.08568 1.09008 1.08731
1.08762 1.08762 1.09111
1.08541 1.08688 1.08673
1.08786 1.08786 1.08997
1.08863 1.08672 1.0866
1.08575 1.08575 1.08896
1.08488 1.08626 1.08601
1.08737 1.08737 1.08816
1.08533 1.08687 1.0868
1.087 1.08699 1.09076
1.08638 1.088 1.08767
1.0904 1.0904 1.08933
1.08602 1.08731 1.08739
1.08804 1.08803 1.09154
1.08688 1.08909 1.08791
1.08855 1.08855 1.08907
1.08694 1.08816 1.08801
1.08836 1.08836 1.08855
1.08626 1.08843 1.08795
1.0876 1.08759 1.08886
1.08711 1.08892 1.08817
1.08883 1.08883 1.08998
1.0868 1.09005 1.0899
1.08928 1.08927 1.0898
1.09135 1.08938 1.09024
1.08948 1.08948 1.08937
1.08704 1.08833 1.08876
1.09039 1.09039 1.0901
1.08738 1.08849 1.09041
1.08928 1.08927 1.09086
1.08686 1.09018 1.09027
1.08851 1.0885 1.08987
1.08723 1.08837 1.089
1.08893 1.08892 1.09002
1.08678 1.08869 1.08957
1.0894 1.08939 1.0907
1.08721 1.08775 1.08963
1.08903 1.08903 1.08997
1.08771 1.08804 1.08806
1.08861 1.08861 1.09001
1.08969 1.08836 1.08773
1.08985 1.08984 1.08938
1.08637 1.09033 1.0899
1.08729 1.08729 1.08956
1.08644 1.08938 1.09051
1.0881 1.08812 1.09081
1.08719 1.08982 1.09097
1.08591 1.08593 1.08865
1.08445 1.08936 1.08701
1.08776 1.08778 1.09165
1.08347 1.08768 1.08638
1.08728 1.08729 1.08956
1.08555 1.08577 1.08576
1.0879 1.0879 1.08999
1.08573 1.08709 1.08688
1.08684 1.08684 1.08917
1.0876 1.08793 1.0881
1.08799 1.088 1.091
1.08505 1.08817 1.08868
1.08886 1.08888 1.09119
1.09016 1.08869 1.08858
1.08833 1.08834 1.08948
1.09097 1.08847 1.08905
1.09148 1.09146 1.09341
1.08983 1.09062 1.09084
1.08957 1.08956 1.09342
1.09156 1.09154 1.09118
1.09093 1.09091 1.09288
1.09256 1.09457 1.09369
1.09372 1.09371 1.09456
1.09293 1.09272 1.09259
1.09408 1.09406 1.09491
1.09382 1.09403 1.09342
1.09368 1.09365 1.09558
1.09257 1.09343 1.09336
1.09403 1.09401 1.09391
1.09535 1.09554 1.09423
1.09303 1.09301 1.09629
1.093 1.09416 1.09243
1.09264 1.09262 1.09468
1.09522 1.09239 1.0944
1.09428 1.09426 1.09604
1.09173 1.09271 1.09261
1.09445 1.09442 1.09356
1.09635 1.09482 1.09319
1.09436 1.09433 1.09547
1.09458 1.0943 1.09356
1.09562 1.09561 1.09554
1.09338 1.09451 1.09264
1.09394 1.09393 1.09531
1.09623 1.09386 1.09415
1.09545 1.09543 1.09551
1.09729 1.09321 1.09399
1.09906 1.09905 1.09633
1.09646 1.09525 1.09375
1.09582 1.0958 1.09507
1.09514 1.09496 1.09367
1.09723 1.0972 1.09693
1.09756 1.09791 1.09747
1.10236 1.10233 1.10111
1.09706 1.09671 1.09806
1.09954 1.09952 1.09802
1.09985 1.09833 1.09687
1.09826 1.09824 1.09806
1.09885 1.09711 1.09761
1.09774 1.09772 1.09726
1.09763 1.09686 1.09645
1.09531 1.09529 1.09402
1.09577 1.09513 1.09483
1.09484 1.09482 1.09316
1.09648 1.09492 1.09407
1.09651 1.09649 1.09398
1.0962 1.09404 1.094
1.09589 1.09585 1.09381
1.09624 1.09549 1.09627
1.09676 1.09675 1.0948
1.09923 1.09431 1.09496
1.09796 1.09793 1.09556
1.09653 1.09636 1.09504
1.09653 1.0965 1.09695
1.09709 1.09664 1.09772
1.09771 1.09768 1.09715
1.09982 1.09838 1.09709
1.09931 1.09929 1.09727
1.10235 1.10046 1.09854
1.10213 1.10212 1.0994
1.10176 1.10217 1.09867
1.10292 1.1029 1.10114
1.10187 1.09925 1.09981
1.10301 1.10299 1.10196
1.10162 1.09819 1.09864
1.10255 1.10252 1.09902
1.10447 1.10171 1.10098
1.10422 1.10419 1.09975
1.105 1.09583 1.09896
1.10517 1.10514 1.10101
1.10935 1.10508 1.10272
1.10426 1.10424 1.1029
1.10433 1.10278 1.10052
1.10172 1.1017 1.10229
1.10533 1.10477 1.10012
1.10294 1.10291 1.10204
1.10586 1.10044 1.10075
1.10398 1.10396 1.10162
1.1058 1.10037 1.09907
1.10314 1.10312 1.10226
1.1059 1.10485 1.10388
1.10603 1.106 1.10306
1.10672 1.10152 1.1071
1.10787 1.10785 1.10329
1.10766 1.103 1.1022
1.1068 1.10678 1.10373
1.10793 1.10085 1.10266
1.10707 1.10704 1.1045
1.1058 1.10605 1.10441
1.10886 1.10884 1.108
1.10994 1.10919 1.10956
1.10881 1.10879 1.10498
1.10684 1.10782 1.1079
1.10608 1.10604 1.10292
1.10632 1.10728 1.10631
1.1057 1.10568 1.1028
1.10634 1.1047 1.10228
1.10839 1.10837 1.10305
1.10812 1.10633 1.10226
1.10722 1.1072 1.1047
1.10594 1.10444 1.10498
1.10874 1.10874 1.10042
1.09925 1.09857 1.0991
1.10629 1.10628 1.10793
1.10537 1.10758 1.10469
1.10754 1.10751 1.10014
1.10586 1.11114 1.10102
1.10937 1.10934 1.09521
1.10938 1.10311 1.09768
1.11236 1.11235 1.09708
1.11062 1.10961 1.09846
1.11852 1.11852 1.1027
1.10634 1.10685 1.09812
1.1108 1.1108 1.10316
1.11536 1.09956 1.10047
1.11304 1.11302 1.10062
1.10995 1.0991 1.10002
1.11557 1.11557 1.10307
1.11389 1.10409 1.10498
1.11108 1.11106 1.11001
1.1154 1.1071 1.10586
1.11379 1.11377 1.104
1.11399 1.10929 1.10784
1.11184 1.11181 1.10592
1.11821 1.11028 1.10727
1.11992 1.1199 1.10758
1.11718 1.10842 1.10812
1.1239 1.12389 1.11111
1.12373 1.11227 1.11425
1.12018 1.12017 1.11455
1.12288 1.11902 1.11237
1.12712 1.12711 1.11461
1.12076 1.11439 1.11521
1.11871 1.1187 1.10902
1.12735 1.11081 1.11219
1.11862 1.11861 1.11104
1.12475 1.12054 1.11158
1.11963 1.11963 1.12097
1.12022 1.12201 1.11283
1.1224 1.12238 1.11668
1.11918 1.11792 1.11986
1.11906 1.11905 1.11052
1.11669 1.11675 1.11643
1.12225 1.12223 1.1116
1.12561 1.12026 1.11806
1.13217 1.13217 1.11862
1.12148 1.1196 1.11926
1.12357 1.12355 1.11399
1.11961 1.11854 1.11928
1.12514 1.12512 1.1146
1.12565 1.1284 1.12019
1.12572 1.12571 1.11115
1.12665 1.12496 1.12203
1.13708 1.13707 1.1319
1.13432 1.12665 1.1285
1.12348 1.12345 1.12183
1.13013 1.12583 1.12161
1.1317 1.13169 1.12063
1.13562 1.11889 1.12683
1.13395 1.13393 1.12229
1.11828 1.12002 1.11252
1.12595 1.12593 1.11437
1.12463 1.11886 1.11718
1.12246 1.12243 1.11712
1.12665 1.1203 1.11624
1.12984 1.12982 1.12437
1.1282 1.12481 1.12415
1.12756 1.12752 1.1214
1.13012 1.12606 1.12277
1.12893 1.1289 1.11725
1.12396 1.12538 1.12391
1.12815 1.12812 1.12452
1.13008 1.13465 1.12606
1.12568 1.12568 1.12463
1.11641 1.13533 1.1256
1.12839 1.12839 1.12441
1.11367 1.12209 1.12301
1.12925 1.12925 1.12455
1.12525 1.12011 1.12459
1.13641 1.13641 1.12928
1.13503 1.13194 1.1291
1.13742 1.13739 1.12849
1.12725 1.12782 1.12615
1.13197 1.13193 1.13175
1.13002 1.13116 1.14055
1.13024 1.13023 1.13288
1.13276 1.13239 1.13277
1.13223 1.13222 1.12986
1.13604 1.13055 1.12965
1.12664 1.12662 1.12645
1.1272 1.11894 1.12495
1.12927 1.12925 1.13031
1.12953 1.13206 1.1322
1.13296 1.13294 1.13006
1.13606 1.13726 1.13196
1.12945 1.12944 1.13106
1.12497 1.12536 1.12747
1.12758 1.12756 1.1234
1.12739 1.12864 1.13059
1.13109 1.13109 1.12782
1.12924 1.12708 1.12767
1.13351 1.13352 1.13333
1.13198 1.13173 1.13015
1.13361 1.13359 1.13094
1.1329 1.13344 1.13197
1.12857 1.12857 1.12815
1.12486 1.12616 1.12541
1.12304 1.12302 1.12739
1.1183 1.11268 1.11922
1.12132 1.12132 1.10841
1.1076 1.11389 1.11304
1.11673 1.11674 1.11334
1.10496 1.1122 1.11245
1.12274 1.12274 1.11577
1.10231 1.11438 1.11546
1.12167 1.12166 1.11221
1.10497 1.12095 1.11123
1.12066 1.12064 1.11658
1.10765 1.12262 1.12148
1.12928 1.12926 1.13193
1.13015 1.13349 1.11538
1.13483 1.13482 1.12697
1.14276 1.12962 1.1315
1.13965 1.13965 1.12623
1.14087 1.13903 1.13166
1.13614 1.13612 1.13646
1.13408 1.12911 1.13265
1.13272 1.13272 1.12932
1.12715 1.12062 1.12231
1.13269 1.13269 1.12713
1.13332 1.1307 1.12065
1.13593 1.1359 1.13989
1.13778 1.12849 1.1275
1.13875 1.13875 1.13298
1.12975 1.12593 1.12845
1.13113 1.13114 1.12808
1.13008 1.12769 1.12636
1.13169 1.13167 1.12759
1.12864 1.11949 1.11496
1.12942 1.12941 1.12079
1.12607 1.11413 1.12145
1.12896 1.12896 1.12872
1.12786 1.12556 1.12413
1.12744 1.1275 1.13097
1.11842 1.12585 1.12626
1.12559 1.12557 1.12054
1.1157 1.11908 1.11496
1.12824 1.12825 1.12591
1.11026 1.11353 1.11546
1.12256 1.12258 1.11859
1.10682 1.11198 1.11192
1.12097 1.12096 1.11447
1.10732 1.11067 1.11581
1.12273 1.12272 1.1102
1.10775 1.1162 1.11405
1.12208 1.12209 1.1129
1.10423 1.1204 1.11523
1.12146 1.12144 1.11456
1.11797 1.11737 1.12026
1.13329 1.13327 1.12516
1.11743 1.12313 1.12339
1.13303 1.13299 1.1213
1.13137 1.12411 1.12862
1.13648 1.13645 1.13288
1.13588 1.13303 1.12657
1.13574 1.13574 1.13478
1.13332 1.13325 1.1301
1.13369 1.13367 1.1294
1.13143 1.1296 1.12985
1.12567 1.12565 1.13047
1.12859 1.1252 1.12267
1.12818 1.12815 1.13084
1.13194 1.13062 1.13041
1.13044 1.13042 1.12968
1.13292 1.12991 1.12846
1.13419 1.13416 1.13117
1.12899 1.12861 1.1279
1.13434 1.13431 1.12762
1.13151 1.12967 1.12885
1.1346 1.13459 1.13461
1.13066 1.13135 1.12897
1.12454 1.12453 1.12332
1.12377 1.12375 1.12352
1.1209 1.12091 1.11467
1.11813 1.1174 1.11085
1.12003 1.12001 1.11205
1.1189 1.12246 1.11049
1.12025 1.12026 1.1125
1.10564 1.11439 1.11142
1.11794 1.11795 1.11088
1.10235 1.10844 1.10851
1.11739 1.1174 1.10925
1.10503 1.10609 1.10636
1.11724 1.11724 1.11004
1.10746 1.10858 1.11027
1.11732 1.1173 1.11276
1.11163 1.11269 1.11188
1.12144 1.12141 1.11775
1.12208 1.12231 1.1178
1.1219 1.12187 1.12007
1.12628 1.12445 1.12232
1.1257 1.12566 1.12409
1.13477 1.13041 1.12726
1.14246 1.14244 1.13627
1.13836 1.13266 1.13194
1.13452 1.1345 1.12563
1.13493 1.13341 1.13191
1.13123 1.13121 1.12639
1.13248 1.12772 1.12986
1.13325 1.13323 1.13625
1.13492 1.13356 1.12966
1.13411 1.13408 1.12996
1.13254 1.12226 1.12202
1.13413 1.1341 1.13379
1.13675 1.13479 1.13363
1.13082 1.13081 1.12366
1.1121 1.11559 1.1173
1.11864 1.11861 1.11311
1.10351 1.11102 1.11752
1.11657 1.11657 1.11834
1.10475 1.11917 1.11415
1.12109 1.12108 1.11754
1.10987 1.12448 1.12259
1.12615 1.12615 1.1255
1.11053 1.12906 1.12743
1.13167 1.13166 1.12771
1.12221 1.12566 1.12523
1.13414 1.13411 1.12876
1.12315 1.12756 1.13111
1.12443 1.12443 1.12344
1.12606 1.11875 1.1221
1.13224 1.13222 1.12485
1.1332 1.13146 1.13024
1.13829 1.13826 1.13346
1.13389 1.13013 1.12884
1.13654 1.13656 1.1303
1.13084 1.12729 1.1281
1.13431 1.13427 1.13465
1.1279 1.1277 1.12699
1.13342 1.13342 1.1334
1.131 1.13389 1.13134
1.13485 1.13483 1.13608
1.13828 1.13338 1.12848
