1.08058 1.08385 1.08549
1.07559 1.08132 1.07461
1.07767 1.07387 1.07546
1.07487 1.06875 1.07994
1.07661 1.07088 1.08187
1.07077 1.06442 1.07589
1.07501 1.06476 1.07593
1.0709 1.07559 1.08107
1.06832 1.07633 1.07154
1.07182 1.07379 1.07561
1.07164 1.07117 1.06847
1.07482 1.07066 1.07431
1.07708 1.07185 1.07277
1.07896 1.07185 1.0756
1.0764 1.0654 1.06998
1.06731 1.06819 1.06903
1.07026 1.06333 1.0697
1.06578 1.06622 1.07138
1.06594 1.06877 1.0694
1.06971 1.05875 1.06555
1.06224 1.0602 1.05854
1.05587 1.06395 1.05892
1.05584 1.05564 1.05589
1.05752 1.0574 1.05621
1.06316 1.06204 1.05795
1.0537 1.06571 1.06806
1.05402 1.06952 1.0658
1.06033 1.07351 1.06912
1.06309 1.06486 1.05934
1.05842 1.07689 1.07193
1.0634 1.08031 1.0765
1.07405 1.07346 1.06723
1.09387 1.09292 1.08877
1.07161 1.08876 1.0826
1.07639 1.08433 1.0767
1.09643 1.10029 1.09425
1.09503 1.09428 1.09256
1.086 1.09404 1.09231
1.07979 1.08818 1.08717
1.07927 1.09204 1.09034
1.08136 1.0853 1.08316
1.09139 1.09939 1.09876
1.10957 1.11987 1.11699
1.09385 1.10619 1.10182
1.09613 1.11375 1.11013
1.1153 1.12353 1.11925
1.07689 1.08468 1.0789
1.07518 1.0865 1.08198
1.07216 1.07762 1.07216
1.05985 1.06972 1.06516
1.0555 1.07548 1.06776
1.05137 1.07485 1.07458
1.06322 1.05903 1.05163
1.05469 1.07076 1.0693
1.05697 1.07683 1.06941
1.0594 1.06291 1.05996
1.06974 1.0756 1.07413
1.05808 1.07622 1.0742
1.06107 1.06873 1.06404
1.07709 1.07996 1.08245
1.07422 1.08241 1.07777
1.05773 1.07298 1.07244
1.06028 1.08111 1.07546
1.06293 1.07614 1.07318
1.07127 1.08122 1.07465
1.06656 1.07342 1.07208
1.0878 1.0817 1.07759
1.07402 1.07823 1.07353
1.08142 1.09178 1.08256
1.08201 1.08433 1.08141
1.07786 1.08934 1.08713
1.08654 1.10513 1.10165
1.06265 1.08952 1.08176
1.07699 1.09544 1.09334
1.10213 1.11549 1.1149
1.13677 1.14301 1.18499
1.08834 1.10537 1.10623
1.11426 1.15716 1.13747
1.11438 1.13744 1.13609
1.10894 1.1251 1.12219
1.09058 1.12147 1.11741
1.07906 1.10366 1.09921
1.05788 1.07966 1.07574
1.08779 1.08459 1.08044
1.05977 1.09441 1.085
1.04952 1.06968 1.06355
1.05957 1.09306 1.07804
1.06012 1.10065 1.08947
1.04416 1.07164 1.05804
1.06634 1.09615 1.0849
1.06888 1.0991 1.09296
1.04385 1.07666 1.0648
1.06198 1.09423 1.08914
1.0717 1.10827 1.09966
1.04733 1.07294 1.07265
1.0642 1.08719 1.08496
1.06233 1.08545 1.07985
1.06531 1.07501 1.07106
1.06788 1.08496 1.08284
1.06302 1.08588 1.07708
1.05225 1.07328 1.07265
1.06899 1.08512 1.08072
1.07114 1.08704 1.07925
1.06082 1.082 1.07621
1.07012 1.08743 1.08406
1.06454 1.09424 1.08769
1.07022 1.07728 1.07372
1.07289 1.0929 1.08328
1.07287 1.08261 1.08684
1.06159 1.07499 1.07306
1.07371 1.08639 1.08562
1.0703 1.09069 1.0942
1.06422 1.0629 1.06712
1.06532 1.07667 1.08289
1.07985 1.10387 1.10159
1.09628 1.1175 1.1146
1.0854 1.09587 1.09137
1.10734 1.11621 1.11408
1.12325 1.15419 1.15227
1.11982 1.14481 1.1434
1.12071 1.15479 1.15139
1.11066 1.13439 1.13658
1.12378 1.15761 1.14906
1.15163 1.17978 1.17172
1.16548 1.2001 1.19287
1.18399 1.22139 1.21474
1.21113 1.24841 1.24071
1.23865 1.27311 1.26944
1.26281 1.29525 1.28985
1.28288 1.30349 1.31061
1.2815 1.31192 1.31296
1.2479 1.28069 1.27908
1.26389 1.29604 1.29109
1.28235 1.31618 1.31496
1.29975 1.33145 1.32777
1.3117 1.34764 1.3397
1.33075 1.3421 1.35618
1.31825 1.35444 1.34483
1.33739 1.34799 1.36321
1.32279 1.35451 1.34836
1.33786 1.34997 1.36359
1.32297 1.35781 1.35029
1.34304 1.35575 1.36851
1.33096 1.33984 1.35847
1.31257 1.34617 1.33805
1.33239 1.33664 1.35923
1.3097 1.34659 1.3372
1.33286 1.33973 1.35783
1.3092 1.33964 1.33584
1.28133 1.31748 1.30839
1.28671 1.32024 1.31361
1.30762 1.3277 1.32905
1.32307 1.34233 1.34448
1.33234 1.35543 1.35864
1.34239 1.35533 1.36856
1.3302 1.33976 1.35609
1.31362 1.3437 1.33782
1.33029 1.33791 1.35134
1.31476 1.34615 1.33871
1.33073 1.34064 1.35651
1.31644 1.35091 1.33989
1.33794 1.34792 1.36387
1.33183 1.36096 1.34819
1.34833 1.3603 1.37245
1.34381 1.34794 1.36185
1.33007 1.34618 1.34462
1.33645 1.36244 1.34986
1.35009 1.35933 1.37108
1.34258 1.34375 1.35475
1.34436 1.34207 1.33587
1.34428 1.3463 1.33818
1.33913 1.34426 1.35449
1.35309 1.35434 1.34044
1.34943 1.3525 1.36265
1.34961 1.34961 1.35176
1.34872 1.34872 1.35083
1.36213 1.36781 1.35021
1.35098 1.35098 1.35429
1.35244 1.35244 1.3548
1.35258 1.35258 1.35505
1.34784 1.344 1.35868
1.35611 1.3488 1.34102
1.34125 1.34237 1.35699
1.3592 1.3592 1.36234
1.34672 1.35926 1.36233
1.35868 1.35868 1.36221
1.35294 1.3533 1.36658
1.36368 1.36503 1.35166
1.35275 1.3588 1.37746
1.33554 1.3415 1.35401
1.34287 1.34825 1.35913
1.35248 1.34796 1.33947
1.35277 1.34602 1.34286
1.34347 1.36111 1.35182
1.34055 1.363 1.35418
1.35496 1.35832 1.37224
1.35107 1.35107 1.35356
1.35386 1.35386 1.35625
1.35414 1.35414 1.35622
1.35391 1.35391 1.35632
1.35729 1.35729 1.35961
1.35746 1.35746 1.35977
1.35712 1.35712 1.35957
1.36071 1.36071 1.36255
1.36082 1.36082 1.36276
1.36054 1.36054 1.36275
1.35485 1.36366 1.36586
1.36372 1.36372 1.36594
1.36373 1.36373 1.36568
1.35724 1.35611 1.36883
1.36763 1.35967 1.3507
1.35413 1.35097 1.36751
1.35397 1.35986 1.37132
1.35479 1.35479 1.3567
1.35502 1.35502 1.35722
1.35016 1.34751 1.36053
1.3629 1.35477 1.34767
1.34642 1.35212 1.36232
1.32843 1.36103 1.34858
1.33348 1.35528 1.35028
1.35023 1.35919 1.36059
1.35984 1.35984 1.36164
1.35417 1.35504 1.3649
1.34588 1.36706 1.35125
1.36161 1.36776 1.37846
1.364 1.3699 1.38428
1.35463 1.35334 1.36521
1.36023 1.36224 1.34805
1.36314 1.35857 1.35047
1.36501 1.36501 1.36675
1.366 1.35696 1.36773
1.3592 1.35972 1.37043
1.35363 1.35363 1.3553
1.35494 1.35494 1.35639
1.35494 1.35494 1.35643
1.35522 1.35522 1.35653
1.35012 1.35839 1.35983
1.35896 1.35896 1.36011
1.35899 1.34953 1.3602
1.36135 1.35144 1.36281
1.35662 1.34667 1.34614
1.34422 1.35317 1.34903
1.35174 1.35174 1.35277
1.35326 1.35326 1.35442
1.35556 1.35556 1.35652
1.35578 1.35578 1.35682
1.3558 1.3558 1.35683
1.35572 1.35572 1.35671
1.35785 1.35785 1.3586
1.3583 1.3583 1.3592
1.35845 1.35845 1.35935
1.36026 1.36026 1.36111
1.36076 1.36076 1.36167
1.36088 1.36088 1.36178
1.35433 1.36312 1.36392
1.36325 1.36325 1.36404
1.36331 1.36331 1.36407
1.3653 1.35669 1.366
1.34854 1.34854 1.35005
1.35361 1.357 1.34727
1.36268 1.35465 1.36344
1.35778 1.36624 1.36713
1.35821 1.36679 1.36757
1.36656 1.36656 1.36723
1.35988 1.35902 1.36872
1.35224 1.35224 1.35361
1.3504 1.3504 1.35142
1.34954 1.34954 1.35087
1.35235 1.35235 1.35348
1.35334 1.35334 1.35448
1.35354 1.35354 1.35464
1.35595 1.35595 1.35686
1.3564 1.3564 1.35737
1.35651 1.35651 1.35747
1.3586 1.3586 1.35955
1.3597 1.3597 1.36058
1.35943 1.35943 1.36045
1.36179 1.36179 1.36257
1.36225 1.36225 1.36306
1.36236 1.36236 1.36315
1.36214 1.36214 1.36298
1.36422 1.36422 1.36518
1.36477 1.36477 1.36568
1.36491 1.36491 1.3659
1.36479 1.36479 1.36576
1.36668 1.36668 1.36766
1.35915 1.36702 1.36809
1.36907 1.36907 1.37002
1.36936 1.36255 1.37018
1.35482 1.35482 1.35602
1.35322 1.35322 1.35412
1.35214 1.35214 1.35296
1.35454 1.35454 1.35543
1.3556 1.3556 1.35656
1.35555 1.35555 1.35645
1.3576 1.3576 1.35843
1.35784 1.35784 1.35875
1.35797 1.35797 1.35907
1.35781 1.35781 1.35868
1.36001 1.36001 1.3608
1.36058 1.36058 1.36141
1.36237 1.36237 1.36346
1.3627 1.3627 1.36384
1.36258 1.36258 1.36377
1.36257 1.36257 1.36372
1.36436 1.36436 1.36542
1.36499 1.36499 1.36606
1.36502 1.36502 1.3659
1.36667 1.36667 1.36761
1.36894 1.36894 1.36994
1.36959 1.36959 1.37072
1.36955 1.36955 1.3707
1.3691 1.3691 1.37025
1.36989 1.36989 1.3709
1.36955 1.36955 1.37064
1.36961 1.36961 1.37108
1.37206 1.37206 1.37318
1.37328 1.37328 1.37447
1.37382 1.37382 1.3751
1.37395 1.37395 1.37526
1.3754 1.3754 1.37713
1.37538 1.37538 1.37689
1.37568 1.37568 1.37723
1.37833 1.37833 1.37959
1.37843 1.37843 1.37998
1.37888 1.37888 1.3801
1.38113 1.38113 1.38221
1.38152 1.38152 1.38259
1.38169 1.38169 1.38271
1.38166 1.38166 1.38277
1.38397 1.38397 1.38515
1.3837 1.3837 1.38497
1.38367 1.38367 1.38487
1.38596 1.38596 1.38698
1.38593 1.38593 1.38719
1.38604 1.38604 1.38728
1.38604 1.38604 1.38709
1.38851 1.38851 1.38969
1.38904 1.38904 1.39011
1.3913 1.3913 1.39241
1.39152 1.39152 1.39263
1.39173 1.39173 1.39283
1.3918 1.3918 1.39283
1.39396 1.39396 1.39473
1.39428 1.39428 1.39494
1.39445 1.39445 1.39518
1.39641 1.39641 1.39732
1.39657 1.39657 1.3977
1.39676 1.39676 1.39771
1.39678 1.39678 1.39782
1.39913 1.39913 1.40016
