0.0033014 0.00363882 0.00326095
0.00266833 0.00210481 0.00191625
0.0047497 0.00363343 0.0030136
0.00418869 0.00435855 0.00394525
0.00366177 0.00401083 0.00368535
0.00209995 0.00265 0.00214155
0.00152524 0.00232875 0.00158344
0.00156571 0.00241914 0.00126235
0.00238694 0.0023309 0.00176702
0.0033704 0.00259515 0.0021862
0.00433834 0.00330152 0.00306085
0.00347559 0.00213346 0.0019945
0.00298088 0.00173064 0.00157595
0.00225053 0.00228309 0.00196097
0.00232851 0.0018914 0.00180002
0.00133187 0.00156481 0.00129144
0.00275766 0.00198452 0.00150712
0.00158133 0.00164164 0.00136422
0.0030204 0.00168847 0.00139773
0.00167848 0.00181479 0.00162221
0.00274783 0.00194575 0.00150351
0.00184185 0.00193984 0.00148779
0.00167922 0.00174501 0.00160633
0.00143079 0.00147834 0.00120921
0.00156059 0.00150497 0.00143871
0.00213682 0.00160258 0.00149596
0.00217249 0.00181448 0.00149525
0.00216169 0.0016719 0.00145695
0.00193115 0.00192896 0.00156305
0.00250961 0.00206839 0.00176655
0.0020854 0.00163015 0.0017357
0.00175278 0.00214962 0.00198894
0.00174504 0.00194727 0.00211858
0.00176178 0.00251911 0.00234092
0.00210813 0.00157325 0.00144014
0.0022682 0.00204039 0.00171069
0.00226731 0.00182757 0.00173814
0.002777 0.0015556 0.00127874
0.00294174 0.00154063 0.00139611
0.00235224 0.00240474 0.00185789
0.00184099 0.00230378 0.00172763
0.00188192 0.00205859 0.00181724
0.00199719 0.00210995 0.00191191
0.00196491 0.00179688 0.00163548
0.00227076 0.00190956 0.00181365
0.00261187 0.00188228 0.00183262
0.00247728 0.00165306 0.00162849
0.00367912 0.00281119 0.00277964
0.00333503 0.00240313 0.00246412
0.00148162 0.00156848 0.00121327
0.00170287 0.00171854 0.00149243
0.00226506 0.00232366 0.00218179
0.00204337 0.00206345 0.00185174
0.00131218 0.00200254 0.00161416
0.00181898 0.00215155 0.00185746
0.00241808 0.00174718 0.00161735
0.00176519 0.00154934 0.00102955
0.00136045 0.00191414 0.00146772
0.00229977 0.00195416 0.00175594
0.00151191 0.00188053 0.00151915
0.00148771 0.00222788 0.00180392
0.00272245 0.00204826 0.00182374
0.00172314 0.00199003 0.00156989
0.00183986 0.00218161 0.00160025
0.00171569 0.00254579 0.00210848
0.0019201 0.00268415 0.0023476
0.00156519 0.00241223 0.00218427
0.00233893 0.0021196 0.00186953
0.00168957 0.00185549 0.00188854
0.00156847 0.00240642 0.00209451
0.00185109 0.00249655 0.00215576
0.00163955 0.00239172 0.0017372
0.00161118 0.0024432 0.00193274
0.00197691 0.00280945 0.00223248
0.00220623 0.00205049 0.00133472
0.00225492 0.00205418 0.00137408
0.00299228 0.0023795 0.00189032
0.00175838 0.00224347 0.00152034
0.0014139 0.00218756 0.00138048
0.001776 0.00225338 0.00209848
0.00173835 0.00247402 0.00210993
0.00199744 0.00239727 0.00221057
0.00197652 0.00243793 0.00214898
0.00221439 0.00202305 0.00187947
0.00193028 0.00225984 0.00195649
0.0023575 0.00195533 0.00194819
0.00184343 0.00149764 0.00146251
0.0020483 0.00211969 0.00207067
0.00211378 0.002346 0.00227266
0.0021773 0.00297738 0.00284123
0.00211712 0.00325719 0.00289878
0.00152475 0.00255417 0.00220051
0.00201795 0.00247445 0.00230349
0.00176778 0.00250764 0.00225906
0.00177716 0.00240651 0.00207041
0.00151497 0.00289157 0.0023762
0.00163749 0.00295651 0.00245774
0.00151204 0.00251745 0.00228884
0.00170184 0.00259586 0.00254744
0.0019342 0.00316883 0.0027839
0.0017285 0.00290044 0.00240014
0.00203964 0.00320718 0.00297808
0.00187975 0.00366652 0.00344413
0.00183663 0.00287911 0.00311296
0.00170621 0.00295108 0.00277522
0.00198411 0.00343131 0.00316195
0.00188844 0.00284499 0.00274444
0.0018856 0.00275989 0.00267635
0.00201353 0.00322604 0.00284753
0.00160683 0.00306015 0.00263774
0.00218269 0.00251132 0.00261344
0.0018875 0.00297803 0.00293183
0.00187253 0.00308309 0.00279497
0.0017282 0.00276094 0.00255333
0.00157441 0.00321771 0.00264885
0.0019873 0.00262845 0.00241043
0.00193524 0.00298247 0.00248984
0.00179429 0.00283883 0.00229013
0.00178319 0.00286597 0.00268818
0.00190175 0.00273845 0.00280527
0.00195198 0.00315816 0.0028918
0.00212292 0.00314917 0.00293441
0.00279405 0.00337096 0.00314148
0.00175681 0.00289297 0.00266358
0.00196055 0.00282194 0.0027163
0.00198153 0.00308402 0.00293161
0.00266475 0.00425092 0.00429143
0.00275056 0.00436019 0.00441093
0.00285984 0.00425242 0.00432934
0.00285283 0.00436844 0.00419595
0.00291112 0.00485346 0.00440494
0.00255894 0.00348428 0.00418795
0.00284579 0.00439841 0.00440181
0.00297737 0.00487003 0.00478343
0.00373868 0.00558554 0.0054004
0.00408216 0.00477437 0.00582093
0.00358835 0.00429389 0.00552121
0.00351428 0.00569546 0.00542399
0.00371984 0.00462943 0.00603374
0.00348676 0.00590979 0.00586582
0.0040569 0.00520881 0.00610218
0.00371487 0.00616516 0.00606569
0.00432696 0.00539158 0.00597182
0.00359529 0.00543092 0.00611695
0.0039882 0.00613566 0.00586797
0.00375819 0.00441421 0.00584272
0.00395268 0.00478058 0.00586008
0.00431465 0.00501745 0.00605179
0.00399401 0.00468823 0.00586967
0.0038881 0.0060795 0.00568671
0.0040779 0.00466213 0.00573052
0.00339859 0.00542111 0.00530434
0.00386022 0.00532432 0.00537804
0.00339981 0.00434797 0.00550497
0.00316171 0.00453354 0.00526849
0.00361336 0.00442324 0.00536827
0.00307475 0.00390027 0.00439857
0.00361355 0.00378337 0.00438539
0.00420671 0.00502557 0.00539629
0.00406893 0.00460703 0.00529083
0.00338158 0.00454014 0.00494855
0.00357714 0.00441617 0.00530417
0.00351265 0.00486661 0.0051102
0.00386121 0.00483919 0.00541186
0.00359607 0.00378612 0.00493631
0.0031432 0.00485488 0.00484733
0.00354299 0.0046387 0.00518095
0.00372716 0.0043681 0.00516207
0.0037871 0.00442728 0.00539141
0.00315555 0.00503221 0.00476328
0.00398486 0.00409801 0.00569614
0.00324089 0.00468141 0.00478511
0.00426946 0.00465207 0.00524721
0.00338406 0.00353992 0.00510795
0.00357094 0.0041655 0.00527449
0.0035673 0.00373062 0.00509633
0.00343413 0.00355723 0.00532055
0.00304579 0.00457037 0.00447061
0.00347839 0.00381031 0.0050184
0.00308874 0.00412861 0.00423765
0.00284038 0.00363535 0.00427166
0.00297802 0.00340305 0.00422171
0.00340217 0.00367076 0.00392939
0.00271073 0.00364299 0.00422777
0.00294154 0.00422775 0.00423501
0.00379517 0.00378577 0.00428087
0.00356578 0.00389209 0.00414909
0.00280308 0.0037768 0.00441398
0.00322832 0.00334702 0.00440653
0.00296587 0.00325515 0.00446777
0.00309013 0.00333355 0.0041323
0.00320039 0.00406169 0.00417637
0.00293183 0.00415799 0.00428881
0.00335887 0.00346013 0.0043242
0.00287533 0.00501567 0.00409485
0.00300628 0.00467523 0.00433596
0.00354555 0.00511458 0.00397815
0.00297327 0.00414588 0.00402851
0.00300385 0.00371211 0.00398206
0.00384235 0.00486203 0.00335861
0.00430091 0.00473377 0.00407719
0.00378347 0.00378347 0.00366063
0.00377982 0.00377982 0.00356461
0.0036239 0.0036239 0.00348217
0.00398574 0.00399977 0.00417185
0.00388215 0.00388215 0.00405848
0.0037025 0.00355836 0.00414937
0.00455718 0.00461995 0.00393184
0.00389055 0.00389055 0.00411388
0.00377894 0.00298849 0.00399496
0.00405141 0.00466512 0.00363141
0.00462206 0.00483965 0.0040595
0.00393829 0.00393829 0.00401727
0.00376531 0.00330823 0.0039304
0.00394808 0.00394808 0.00420298
0.00389724 0.00389724 0.00414818
0.0046905 0.00511847 0.00403743
0.00378922 0.00378922 0.00396528
0.00375143 0.00375143 0.00398251
0.00397774 0.00397774 0.00410126
0.00386975 0.00337444 0.00403754
0.00356282 0.00321693 0.00413008
0.0044202 0.00482309 0.00386291
0.00400067 0.00400067 0.0041666
0.00370174 0.00370174 0.0038762
0.00377114 0.00377114 0.0039358
0.00390189 0.00390189 0.00407955
0.00379454 0.00355479 0.0039798
0.00364393 0.00364393 0.00384148
0.0036789 0.0036789 0.00393096
0.0035948 0.0035948 0.00383306
0.00371334 0.00371334 0.00392811
0.00362468 0.00362468 0.0038617
0.00372261 0.00372261 0.00395237
0.0036535 0.0036535 0.00388229
0.00367722 0.00367722 0.00391221
0.00367825 0.00367825 0.00391048
0.00358649 0.00358649 0.00383991
0.00367097 0.00367097 0.00391731
0.00361504 0.00361504 0.00384647
0.00367867 0.00367867 0.00390452
0.00360708 0.00360708 0.00383647
0.00361529 0.00361529 0.00384374
0.00367472 0.00367472 0.00390554
0.00361279 0.00361279 0.00383583
0.00364527 0.00364527 0.00385812
0.00371669 0.00371669 0.00396209
0.00365867 0.00365867 0.00390298
0.00368285 0.00368285 0.00392979
0.00375578 0.00375578 0.00405977
0.00380702 0.00380702 0.00406092
0.00375937 0.00375937 0.00404972
0.00394744 0.00394744 0.00414472
0.00385543 0.00385543 0.00406049
0.00393884 0.00393884 0.00417943
0.00387979 0.00387979 0.00413087
0.00400946 0.00400946 0.00427551
0.00396129 0.00396129 0.00424187
0.00404288 0.00404288 0.00427849
0.00397999 0.00397999 0.00423223
0.00401109 0.00401109 0.00427145
0.00408138 0.00408138 0.00432932
0.00400928 0.00400928 0.00428884
0.00411177 0.00411177 0.00435293
0.00400018 0.00400018 0.00427628
0.00404097 0.00404097 0.004332
0.00413964 0.00413964 0.00442409
0.00401993 0.00401993 0.00437548
0.00423053 0.00423053 0.00449557
0.0041362 0.0041362 0.00446127
0.00418371 0.00418371 0.00452715
0.00430085 0.00430085 0.00456227
0.00419886 0.00419886 0.00452992
0.00434932 0.00434932 0.00465374
0.00422614 0.00422614 0.00460325
0.00430185 0.00430185 0.00464059
0.00416404 0.00416404 0.00459404
0.00426414 0.00426414 0.00469514
0.00428544 0.00428544 0.00467873
0.00438868 0.00438868 0.00474107
0.0042523 0.0042523 0.00477905
0.00455238 0.00455238 0.00500958
0.00450681 0.00450681 0.0049798
0.00447509 0.00447509 0.00491596
0.00468536 0.00468536 0.00506496
0.00453594 0.00453594 0.00491244
0.00445216 0.00445216 0.00487672
0.00458815 0.00458815 0.00505135
0.00477669 0.00477669 0.00519534
0.00469702 0.00469702 0.00511271
0.00485919 0.00485919 0.00523612
0.00466467 0.00466467 0.00504835
0.00472325 0.00472325 0.00511588
0.00454428 0.00454428 0.00488889
0.00467477 0.00467477 0.00500099
0.0046501 0.0046501 0.00502792
0.00455725 0.00455725 0.00491307
0.00450807 0.00450807 0.00489263
0.00437985 0.00437985 0.00475323
0.00439014 0.00439014 0.00472722
0.00431461 0.00431461 0.00464269
0.00429238 0.00429238 0.00461909
0.00436284 0.00436284 0.0046846
0.00423153 0.00423153 0.00453848
0.0042448 0.0042448 0.00450549
0.00415229 0.00415229 0.00441093
0.00420967 0.00420967 0.00444299
0.00415239 0.00415239 0.00440022
0.0041892 0.0041892 0.00444094
0.00419445 0.00419445 0.00444808
0.00418938 0.00418938 0.00443343
0.00428673 0.00428673 0.0045376
0.00416751 0.00416751 0.00443354
0.00424297 0.00424297 0.00451209
0.00416062 0.00416062 0.00443895
0.00422285 0.00422285 0.00448573
0.00422673 0.00422673 0.00449282
0.00422718 0.00422718 0.00448421
0.0042204 0.0042204 0.00447616
0.00424496 0.00424496 0.00448572
0.00418729 0.00418729 0.00445364
0.0042929 0.0042929 0.00455314
0.00423768 0.00423768 0.00451867
0.00436207 0.00436207 0.00461998
0.00429043 0.00429043 0.00455537
0.004352 0.004352 0.00462208
0.00434585 0.00434585 0.00462152
0.00424758 0.00424758 0.0045753
0.00436931 0.00436931 0.00469363
0.00430113 0.00430113 0.00459832
0.00436769 0.00436769 0.00468455
0.00435577 0.00435577 0.00473275
0.00428684 0.00428684 0.00463583
0.00438629 0.00438629 0.00477274
0.00438579 0.00438579 0.00477299
0.0044896 0.0044896 0.00482548
0.00443556 0.00443556 0.00476427
0.00454412 0.00454412 0.0048731
0.00451096 0.00451096 0.00495754
0.00455057 0.00455057 0.00496268
0.00461789 0.00461789 0.00502058
0.0046164 0.0046164 0.00502584
0.00459399 0.00459399 0.00501334
0.00471124 0.00471124 0.00514786
0.00463484 0.00463484 0.00507161
0.00480499 0.00480499 0.00525488
0.00469219 0.00469219 0.00512183
0.00482091 0.00482091 0.00524356
0.00474011 0.00474011 0.00515159
0.0047759 0.0047759 0.00520114
0.00491402 0.00491402 0.00533053
