-nan -nan -nan
-nan -nan nan
-nan -nan -nan
0.0871767548328 -nan -nan
0.0960295441434 0.00872010989792 -nan
0.102815698306 0.00928201469524 0.0993724197076
0.0766061549126 0.00973514370007 0.103208150491
0.0797862291141 10.6737809422 0.106409639075
0.0825074718692 10.9278941634 5.72701558727
0.10389710081 11.1494925461 5.84296606087
0.106115509269 8.50402091435 5.94559088696
0.108102563642 8.63560941926 4.53246269791
0.083816526986 8.75463906412 4.59489321244
0.0850867311571 7.09374205707 4.65183197396
0.0862533267143 7.17358078733 3.76670211123
0.0697014183827 7.24734925523 3.80542460546
0.0705225531504 6.09648644063 3.84139033661
0.07128873073 6.14975839831 3.231251496
0.0756978285522 6.19966666318 3.25751397732
0.0763567003413 5.35485428967 3.28220707588
0.0769782043721 5.39282635462 2.83195395778
0.0675042705691 5.42874928164 2.85078176459
0.0679875385447 5.22283010038 2.86864057453
0.0684470358256 5.25232212827 3.59403424809
1.25749124283 5.28042507581 3.61296509388
1.26419589731 4.75670034489 3.63104061509
1.27060949043 4.77937926483 3.26995012654
1.14877791438 4.80111078503 3.28462809115
1.15409604588 4.36814467568 3.298715192
1.15920761251 4.38630559139 3.00477242832
1.05762744864 4.40378505087 3.01658789354
1.06194609363 4.04189440644 3.02797456717
1.06611299889 4.05680010771 2.78246029044
0.983169984039 4.071198242 2.79220177568
0.986726485012 3.76081356689 2.80162147856
0.990168924387 3.77323990393 2.59052212615
1.74800579313 3.78527898254 2.59865526777
1.75342498674 3.6016177833 2.60654191941
1.75868434143 3.61210197741 2.62992158963
1.65072459429 3.62228501192 2.63711746794
1.65532220678 3.49183270899 2.64411190397
1.6597943084 3.50083880087 2.48042502446
1.55869199672 3.50960499228 2.48665307045
1.56269906834 3.30268406241 2.49271914312
1.56660433816 3.31049378717 2.34567689305
1.48297236358 3.3181095888 2.35107408265
1.48644846936 3.13370191986 2.35634021957
1.48984199703 3.14054648448 2.22562749544
1.40867566017 3.14723189708 2.23035125698
1.4117308206 2.98370161653 2.23496746094
1.41471783223 2.98978944451 2.40021046841
1.3433941624 2.99574418565 2.40477955624
1.34609435371 2.87449684637 2.40925071289
1.34873778157 2.87987862314 2.31104302094
1.28248422447 2.8851493955 2.31508535289
1.28489351023 2.77620197993 2.31904584988
1.28725490718 2.78099240488 2.22349940164
1.23620624329 2.78568931086 2.22710014136
1.2383608495 2.67296284215 2.23063181993
1.24047484337 2.67725170799 2.16947479633
1.19928353313 2.68146110296 2.17271228264
1.20122342308 2.56831802989 2.17589077985
1.20312854673 2.57220213998 2.08906231518
1.15258422345 2.57601776348 2.0920117097
1.15434419658 2.47145242988 2.09490992531
1.15607410781 2.47499425596 2.12074343185
1.11650187672 2.4784765165 2.1235013104
1.11810020612 2.41188351355 2.12621351151
1.11967245894 2.4151080498 2.05884991809
1.07658017651 2.41828075322 2.0613583226
1.07804280253 2.35082782135 2.06382699134
1.07948259076 2.35377266211 1.99407495658
1.04827198657 2.35667217065 1.99637241769
1.04961165972 2.27755044412 1.99863500467
1.05093127673 2.2802516996 1.9346732528
1.01327579607 2.28291306288 1.93678356657
1.01451218901 2.21536892627 1.93886313198
1.01573080485 2.21785250977 1.88190271307
0.993574142708 2.22030084912 1.8838452071
0.994716275793 2.15629343863 1.88576049011
0.995842612795 2.15858453882 1.82836716139
0.962872650675 2.16084434986 1.83017779446
0.96393279878 2.09305669975 1.83196400647
0.964978823114 2.09518788419 1.77791452112
1.05969584564 2.09729101948 1.77960864454
1.06078289207 2.05210113424 1.78128073763
1.06185596959 2.05407982461 1.75286291353
1.02951337294 2.05603338511 1.75443992285
1.0305280942 2.00570568 1.75599713497
1.03153022243 2.00754618103 1.71227567747
1.00092643774 2.00936409867 1.71374369059
1.00187596602 1.96197946833 1.71519389193
1.00281410065 1.96369559656 1.67191205809
0.973553285291 1.96539135739 1.67328310416
0.974445169828 1.92151005279 1.67463805419
0.975326695625 1.92311384552 1.63808203121
0.947424616323 1.92469920819 1.63936384533
0.948265339941 1.9009018447 1.64063108365
0.949096602583 1.90240897413 1.59951187728
0.922476950705 1.90389931727 1.60072031743
0.923270525655 1.85600801717 1.60191543475
0.924055439566 1.85742817273 1.56280592102
0.899383661237 1.8588329831 1.56395019359
0.900131350135 1.81291853164 1.56508222388
0.9008711178 1.81426046763 1.587751405
0.8771162869 1.81558832425 1.58885387633
0.877828667456 1.78876298731 1.58994489152
0.878533715683 1.79002838533 1.56162707269
0.857027416117 1.79128088143 1.5626657838
0.857711428967 1.76004271192 1.56369400292
0.858388596397 1.76123667017 1.5347535326
0.83719115526 1.7624187889 1.53573378353
0.837838098578 1.72422832511 1.53670440222
0.838478741945 1.72535853574 1.50472542776
0.839113202267 1.69477999736 1.50565389276
0.818314009319 1.69585979342 1.50657347597
0.818921461856 1.69692935043 1.47774404861
0.819523204268 1.67999270192 1.47862351021
0.82011933889 1.64557750523 1.47949477589
0.820709965373 1.61192620173 1.48035799127
0.821295180771 1.57961790658 1.48121329823
0.821875079634 1.55194670395 1.48206083493
0.822449754093 1.57990433116 1.48290073604
0.823019293937 1.55613007021 1.48373313278
0.823583786695 1.53209318158 1.48455815308
0.824143317709 1.50689257835 1.48537592166
0.824697970205 1.48225280523 1.48618656017
0.825247825365 1.48305524512 1.45773602467
0.825792962389 1.47440991686 1.45851343403
0.82633345856 1.45427016272 1.45928422516
0.806614218464 1.45502338823 1.46004850562
0.807140236449 1.45577030073 1.43431008224
0.807661879613 1.43491923667 1.43504334163
0.808179217442 1.43563993846 1.40870951837
0.808692317801 1.41915359536 1.40941430973
0.809201246989 1.40858883478 1.4101133716
0.809706069782 1.40926662304 1.38608562452
0.81020684948 1.38773840118 1.38675764819
0.810703647952 1.38592341944 1.38742432924
0.811196525678 1.38656700704 1.36190414023
0.811685541791 1.37112440462 1.36254744002
0.812170754113 1.35521476141 1.36318573592
0.812652219198 1.35582165129 1.34413112713
0.813129992364 1.33673194807 1.34474551712
0.813604127732 1.33732152348 1.32432424492
0.814074678258 1.31906197556 1.32491616657
0.814541695766 1.31963444401 1.30176498465
0.815005230981 1.30535701444 1.30233944355
0.796629082087 1.30591172041 1.30290964839
0.797074727335 1.29302436708 1.3034756594
0.79751711706 1.29356208238 1.28123339519
0.797956296752 1.28510893066 1.28178453837
0.79839231097 1.26815280446 1.28233170908
0.798825203363 1.26866544081 1.26553223431
0.799255016699 1.25203738595 1.2660605007
0.799681792881 1.25253834364 1.2533904946
0.800105572979 1.25303578447 1.23328548457
0.800526397244 1.23745562238 1.23378426468
0.800944305134 1.22445087338 1.23427958818
0.801359335334 1.22492459709 1.21452085722
0.801771525774 1.22693246169 1.21500242864
0.802180913649 1.21746326447 1.21548072577
0.80258753544 1.21162877541 1.21595579122
0.80299142693 1.21207279465 1.19696058158
0.80339262322 1.19859777327 1.19742204203
0.803791158749 1.18613502254 1.19788044205
0.804187067311 1.18656574349 1.18022764683
0.804580382067 1.17738750427 1.18067233399
0.787446531147 1.17780676142 1.18111412536
0.787833224129 1.17822330475 1.1655663506
0.788217429009 1.16967373151 1.16599461277
0.788599176458 1.15651834014 1.16642013571
0.788978496586 1.15692002785 1.14895475541
0.789355418963 1.14422463371 1.14936903402
0.789729972629 1.14461691037 1.13251132817
0.790102186108 1.13206808571 1.13291455634
0.790472087418 1.13245138916 1.11672835225
0.790839704083 1.1201570516 1.11712071527
0.791205063146 1.10797273368 1.11751066871
0.791568191181 1.10834138192 1.10169316917
0.791929114299 1.09649982902 1.10207287597
0.792287858164 1.09686033601 1.08666601382
0.792644448 1.08526287214 1.0870359065
0.7929989086 1.08561549387 1.07191048751
0.793351264341 1.07426803993 1.07227111587
0.793701539185 1.06303601894 1.07262961447
0.794049756697 1.06337566557 1.05805073586
0.794395940046 1.05247068287 1.05840020569
0.79474011202 1.0528030893 1.04628033999
0.79508229503 1.04211380447 1.04662032968
0.777209748281 1.0424391926 1.04695836506
0.777540276609 1.04276272029 1.03297985409
0.777868925069 1.03227480182 1.03330980332
0.77819571417 1.0325915848 1.02211959795
0.77852066409 1.02259270793 1.02244082462
0.778843794687 1.01243955027 1.02276025281
0.7791651255 1.01274502837 1.00931323043
0.779484675764 1.00314415114 1.0096254824
0.779802464408 1.00344326825 0.996746459989
0.780118510065 0.993708019349 0.997051443999
0.78043283108 0.994001138019 0.98418755764
0.780745445512 0.984399183778 0.984485906551
0.781056371144 0.984686507757 0.972007657708
0.781365625482 0.975452147556 0.972299428774
0.781673225769 0.966187820805 0.972589639299
0.781979188985 0.966465420659 0.960611891137
0.782283531853 0.957189188319 0.960895568847
0.782586270845 0.957461560512 0.948884665508
0.782887422185 0.948614607722 0.949162358863
0.783187001857 0.94888172814 0.937694216973
0.783485025608 0.940153946203 0.937965818583
0.783781508952 0.931607946845 0.938236016355
0.784076467177 0.931866348036 0.926958046812
0.784369915345 0.923326274693 0.927222445944
0.7846618683 0.923579892059 0.91927881432
0.767185492575 0.923832223255 0.919536971327
0.767468076969 0.915612996844 0.919793825282
0.767749241673 0.91586062095 0.908958336617
0.768029000386 0.90774429185 0.909209863305
0.76830736661 0.907987353526 0.898612242438
0.768584353658 0.900605441885 0.898858600111
0.768859974653 0.892310151328 0.89910374279
0.769134242538 0.892545687879 0.888896083596
0.769407170072 0.884772944925 0.889136135548
0.769678769838 0.885004266694 0.879780621536
0.769949054246 0.877406781048 0.880015492976
0.770218035533 0.877633978479 0.871895812613
0.77048572577 0.870394325289 0.872125506387
0.770752136863 0.8706174271 0.862264428403
0.771017280556 0.864159616752 0.862489722032
0.771281168435 0.857016864053 0.862713948591
0.771543811928 0.857233022941 0.853275701573
0.771805222311 0.850225549167 0.853495511538
0.772065410711 0.850437938533 0.845250361343
0.772324388105 0.843402495273 0.845465567333
0.772582165324 0.843611258662 0.83630057895
0.77283875306 0.836758067331 0.836511698274
0.77309416186 0.82987061932 0.836721847575
0.773348402137 0.830073324833 0.830782965019
0.773601484166 0.830275106877 0.822073820432
0.77385341809 0.823385499209 0.822276605392
0.774104213922 0.816863266928 0.822478474286
0.774353881545 0.817059320947 0.817149857968
0.774602430715 0.817254496691 0.809152311923
0.757734570337 0.817448801722 0.809347113759
0.757975547175 0.810911301471 0.809541050144
0.758215457826 0.804580761354 0.80973412847
0.758454311361 0.804769591265 0.801469552064
0.758692116737 0.798466516158 0.801659130231
0.758928882796 0.798652290641 0.793511004905
0.759164618274 0.792605549805 0.79369719662
0.759399331797 0.792788298105 0.786234936063
0.759633031885 0.786568725792 0.786417633316
0.759865726953 0.780677472074 0.786599544885
0.760097425313 0.780855218613 0.779257989479
0.760328135176 0.774800892503 0.779436530342
0.760557864652 0.774975877492 0.772379646868
0.760786621756 0.769227706582 0.772554877599
0.761014414402 0.7693999331 0.766274670886
0.761241250414 0.763722881394 0.76644659303
0.761467137518 0.763892416078 0.759346339921
0.76169208335 0.758285753927 0.759515209351
0.745518947652 0.758452661087 0.759683377823
0.745737265571 0.7586188781 0.752666763503
0.745954684227 0.753109248561 0.752831990482
0.746171210748 0.747754973767 0.752996539484
0.746386852175 0.747916779565 0.746116721882
0.74660161547 0.742588229326 0.746278418909
0.731326916806 0.742747572959 0.746439459964
0.731535451145 0.742906272599 0.740487841722
0.731743145848 0.737658360569 0.740645978281
0.73195000742 0.737814666005 0.734233507561
0.73215604229 0.732667604821 0.734388901403
0.732361256819 0.732821563823 0.729210504046
0.73256565729 0.727698164489 0.729363109003
0.717059200907 0.727849837864 0.729515110827
0.717257957162 0.728000913986 0.727583197198
0.717455933625 0.722985310443 0.727732638583
0.717653136184 0.723134156582 0.721358770413
0.717849570661 0.718400100194 0.721505761706
0.718045242816 0.718546731715 0.715392339726
0.718240158342 0.713666042567 0.715536900981
0.703891142984 0.713810540294 0.71568090525
0.704080676565 0.713954483273 0.71340986801
0.704269485092 0.709202254579 0.713551472135
0.704457573904 0.709344110802 0.707646979266
0.704644948283 0.703962440479 0.707786283416
0.704831613454 0.704102437119 0.703162290096
0.689609377525 0.704241905737 0.703299227102
0.689791501186 0.700172526992 0.703435649435
0.689972942732 0.700309946378 0.697765191939
0.69015370708 0.695710531989 0.697899429988
0.690333799099 0.695846008097 0.692132312616
0.690513223602 0.691320176546 0.692264461422
0.690691985355 0.691453747844 0.686492792694
0.69087008907 0.686423968987 0.686622927043
0.677291392121 0.686555801395 0.686752583995
0.677464813866 0.686687151825 0.682053707812
0.677637603737 0.682128959039 0.682181257255
0.677809766166 0.682258513347 0.676465794645
0.677981305543 0.677707296377 0.676591471501
0.664376776756 0.677835099707 0.676716695064
0.664543998135 0.673397195409 0.676841468483
0.664710620408 0.673523272731 0.671556754136
0.664876647708 0.669084897097 0.671679624593
0.665042084129 0.669209292261 0.666447091828
0.665206933719 0.664822708584 0.666568108468
0.66537120049 0.664945455104 0.660749276696
0.652524068112 0.665067769084 0.660868743524
0.652684213513 0.660736502222 0.660987790748
0.652843798271 0.660857207695 0.655223484516
0.653002826168 0.656616100895 0.655341032354
0.653161300947 0.652159452235 0.655458171345
0.653319226313 0.652277480683 0.650221553856
0.641198364562 0.652395101261 0.650337017994
0.64135235624 0.648320883883 0.650452084405
0.641505819178 0.648436970917 0.646566549457
0.641658756874 0.644423537191 0.646679843703
0.641811172792 0.644538118577 0.641561152348
0.641963070361 0.640477115929 0.641672861667
0.629169818248 0.640590234097 0.641784192277
0.629318288812 0.640702969989 0.637587955947
0.629466259206 0.636318009244 0.637697619526
0.629613732678 0.636429391902 0.636841049007
0.629760712442 0.636540401676 0.632976695705
0.629907201684 0.632368580803 0.6330835787
0.630053203559 0.63247822939 0.630473918476
0.630198721192 0.628792242102 0.630579221928
0.630343757677 0.628900491277 0.625954119912
0.619332810139 0.629008383631 0.626057971242
0.619474338465 0.625093066013 0.626161481299
0.619615403126 0.6251996253 0.621774913912
0.619756007051 0.621493986054 0.6218769791
0.619896153139 0.621599215096 0.617789153207
0.620035844264 0.617907157719 0.617889775538
0.609572051781 0.618011084412 0.617990072201
0.609708411165 0.61438332404 0.618090045227
0.609844331867 0.614485969674 0.617905067383
0.609979816607 0.614588286074 0.613571116671
0.61011486808 0.611069150013 0.61366879009
0.610249488959 0.611170207525 0.609499131927
0.610383681888 0.607766496255 0.609595483626
0.599527535774 0.60786631085 0.609691529937
0.599658656056 0.607965810015 0.605461309934
0.599789363196 0.604488768832 0.605556084847
0.599919659702 0.604587063727 0.601503958072
0.600049548063 0.601210503785 0.601597468558
0.600179030744 0.601307610075 0.5995054532
0.600308110186 0.597866975612 0.599597677991
0.59021019758 0.597962924498 0.599689616407
0.590336327784 0.598058576305 0.595741270919
