89.8156654113
89.8436352739
89.7973991101
89.7748174952
89.7814575893
89.8140896001
89.8311285282
88.965871068
85.1227748876
86.8706243258
84.1794376825
82.5900772637
82.594124676
82.5822148922
82.5788884572
82.5402528719
82.5497519509
82.5644954556
82.5755352436
82.5748613219
82.5652367617
82.5841390285
82.6131844584
82.6167724044
82.5747835035
82.5981634336
80.8450922348
81.7940287524
75.9608956119
75.548928859
75.5126057885
75.5443802318
75.5426303027
75.5470540564
75.5506926369
75.5489369769
75.5531829989
75.5196119869
75.5372538314
75.6051072357
75.6213533898
75.6058225392
75.5584842653
75.5904442541
74.7467977527
75.5262465368
69.107319257
68.7237034583
68.8629515375
68.8522525464
68.8877133498
68.902252881
68.8488285242
68.856978514
68.868570652
68.8290796804
68.9190805902
68.928175412
68.9518175269
68.9716793732
68.9554323285
68.9447431398
68.9480238015
68.9499989725
64.5961091823
63.5848141619
63.1445657665
62.2898457427
62.284792314
62.277064043
62.2172020787
62.256401267
62.2659597219
62.1810605349
62.2440350742
62.2417637202
62.2173723893
62.2638051689
62.2669286255
62.2556181428
62.2958556898
62.2930436434
61.0391035628
58.0935880432
58.5087967386
57.609745877
56.9792246873
56.983047597
56.097345245
55.6299917829
55.6830576717
55.5487281022
55.5200012226
55.5748734533
55.5361179495
55.4914120309
55.5802274871
55.690202785
55.744457573
55.7479620674
55.804599845
55.8315683213
55.8420877433
53.8052796149
52.767760697
52.7659805635
50.7634653878
50.3300010823
49.5649860634
49.5237851387
49.4382259831
49.5172306676
49.4041666751
49.3466073779
49.3775663191
49.3904345612
49.445827926
49.4781180997
49.6176423083
49.6249830085
47.7907848833
47.2891092166
46.5447721739
45.8408275032
45.4369444259
44.7471772062
44.2177890702
44.1991728089
44.1856333021
44.2634842238
44.340340911
44.3506572091
44.3983127008
43.9886678235
43.0801023083
41.9397615945
41.827671573
40.9872054397
40.9088681332
40.1481738897
39.4431890856
39.4037490054
39.1444446726
39.1638548522
38.759454524
38.8466683647
38.8921794656
38.4356040144
38.949263851
38.1757178976
37.9971564706
37.2251211064
37.228021886
36.820151645
36.8135714041
36.8144132229
36.4387477568
36.1874776594
35.3163894084
35.5759348511
35.1903652771
35.4064665983
35.0860110528
34.5883907253
34.3842780887
33.9037274265
33.9481980747
33.9060352155
33.5561833149
33.3090534645
33.3835646463
33.0375012888
32.7375936007
33.0974481667
33.0897182839
32.2881081059
32.1073645848
32.255601175
32.1802655444
32.1938251797
32.4522745946
31.7957801659
31.5321002674
31.3933390772
31.187642511
31.561277892
30.6800607077
30.7183375332
30.7783351578
29.8276773243
30.2254021098
29.712380419
29.680359754
29.7266304252
29.3471975881
29.3987690243
29.3700394826
29.3154313642
29.345486374
29.350979587
29.0268544043
28.537166902
28.1497324614
28.5409714711
28.2042119784
28.0904410288
28.1603579867
28.1560781894
28.0694881179
28.0669168616
28.0679580656
28.042400967
28.0429728762
28.0201183413
27.9311262936
28.0157798843
28.1014847623
28.0299919853
28.0312416669
27.9963579499
27.9022551125
27.9195511701
27.9901060609
28.0389476215
27.9603159608
27.9902625668
27.9457917894
27.9662609326
27.9777912449
28.1367518958
28.0445870464
27.9361578766
27.9669458246
28.0652927363
28.0187358001
27.9444946784
27.967888728
28.0212735736
28.04971035
27.9853405219
28.0317231998
27.9622535069
27.9645074033
28.0269488339
27.978194847
28.0408209495
27.9655559498
27.9683744509
28.0801795028
28.182732182
28.1769933765
28.1867632581
28.2175166252
28.2139588896
28.2344027582
28.2467735396
27.8730027271
27.8973225546
27.8959153234
27.9011533021
27.9007333366
27.9124493308
27.9464711686
28.2653251616
28.2334901875
28.2235892772
28.2449287419
28.2549456081
27.8600714702
27.8890436156
27.9313368798
27.9669947361
27.9713715679
27.9847344922
27.9887758992
27.994581695
27.8954683687
27.9346685636
27.9428722346
27.9408033242
27.9379857828
27.9615176992
27.8441557314
27.919422533
27.8026191307
27.8138975345
27.8885242803
27.8869755694
27.8936438944
27.8954561684
27.613779342
27.6346286863
27.6339539605
27.4776009285
27.5171983056
27.5736670317
27.5752071038
27.5806775974
27.0916873485
27.4343646417
27.4408138944
27.4359137454
27.4506051523
27.4410265606
27.4365318587
27.4464794121
27.1217174212
27.1363395168
27.1735128666
27.1795716614
27.1855338983
27.1643713403
26.8951503803
26.8226786719
26.8711704298
26.8697134537
26.8377779607
26.8389402631
26.8475987772
26.840338928
26.8417869532
26.8512549117
26.8485934042
26.8724328715
26.8846672199
26.894139569
26.9116000157
26.903660395
26.8770314713
26.8744335364
26.874530068
26.8470013785
26.8355185515
26.8390256968
26.8128089967
26.8069824739
26.8112487872
26.6364363436
26.6361561588
26.6067250588
26.6020087587
26.605171391
26.5648391071
26.5612049714
26.5649002512
26.5468032666
26.4884524372
26.5222497021
26.4553510502
26.478766678
26.5101450208
