89.8124385008
89.8190088615
89.7954789497
89.7921697114
89.7955734136
89.8120968525
89.8146000968
85.0806337257
83.0459792716
82.592575674
82.5794768099
82.5809550465
82.5581137232
82.5668934821
82.5769717697
82.5957622232
82.6297770178
82.636865673
82.6432336063
82.6511569821
82.6587073964
82.6168878596
80.1191711977
78.3670388608
77.1014332455
75.9451562644
75.5725903733
75.5239851263
75.5478577241
75.5734009006
75.5441320594
75.5753173507
75.5627710349
75.5865556826
75.5928087209
75.5540002647
74.8378425575
70.9814095084
70.4231859487
69.867937385
69.4764664384
68.6594719747
68.7235798526
68.728592005
68.7409347965
68.9093883191
68.8878413199
68.9011615159
68.9166690978
68.902271518
68.9169503117
68.9172792074
66.228060981
64.8563205739
64.8586039614
64.096972311
63.4847116779
63.5019222199
62.2694707565
62.2257608178
62.1673588744
62.1555916414
62.1552704863
62.1832846535
62.2039771751
62.2449670811
62.2466174293
62.2559898172
60.696960577
59.6312817354
58.3552780583
58.0792846192
58.0940096735
57.5948414636
57.3223447941
57.1683971527
56.4906701218
55.5674172927
55.7005635098
55.6990956549
55.6139697332
55.6365967186
55.6341320067
55.6810780629
55.7228478169
55.7154359884
55.8232873833
55.8242352169
55.8355054175
53.0615275511
52.7047891392
51.3802959031
51.1832576688
50.9810857348
50.3671303782
49.4872698544
49.535728028
49.4432274588
49.4324877537
49.4517935108
49.3691830001
49.394682201
49.4188134667
49.4652812687
49.5251645955
49.5438531508
49.5548638586
49.5935879833
49.6189079839
49.6011350266
47.7563205962
46.4274915491
46.4183819238
46.0539302861
45.8479590644
45.8681371004
45.4891404283
45.1291960199
44.261899792
44.133991174
44.1297706172
44.1832014472
44.3407185355
43.9530768292
42.7199251267
41.8582155261
41.616790488
40.5668024514
39.6431795088
39.4060736665
39.5047711577
39.2228270963
39.2349289466
39.083590986
38.664650784
38.7449233979
38.815492997
37.9450788861
38.2326549779
37.4670408227
37.4693769093
37.4746849987
36.8986531727
37.3799654373
36.7450679468
36.7216863897
36.0068069707
35.507544246
35.6019872517
35.2493147829
35.0983651051
34.5864141988
34.4068100408
34.0419767117
33.9761754814
33.7474321517
33.7801932633
33.3477495832
33.4907999548
33.5043774845
32.8942098125
32.9803906957
32.6439238605
32.7012103432
32.2796749871
32.3205743442
32.2586907753
32.2365141305
32.4376676419
32.5700977265
32.1335166883
31.9911164856
31.7957037695
31.6371286432
31.3974080973
31.0356651494
30.446488221
29.7193802478
29.765015489
29.7537595218
28.9500284871
28.9625475609
28.9148549849
28.9108759546
28.8749109063
28.8734716739
28.8733700921
28.8136313321
28.7926782774
28.7859280211
28.7861408497
28.7822885225
28.7548849843
28.709035011
28.7072944274
28.707952411
28.6649636931
28.7878277507
28.7258332517
28.8347925391
28.8414987698
28.8891534241
28.7696661903
28.6859749933
28.6511364461
28.4312960598
28.4326774216
28.4091559627
28.4101320621
28.3857535859
28.0926437031
27.974230309
27.9486548536
28.0130977333
27.9732379173
28.0861201497
28.0351791214
27.9996491123
27.9594332426
28.0310604825
28.0073169842
27.9469065618
28.0558771836
28.0406444437
27.994943735
27.8876850225
27.951161304
28.0334833134
27.9843492432
27.9769151986
27.9766997635
27.9837142388
28.0361165743
28.0190048527
28.0200865576
27.9744840791
28.0859635982
28.0706518848
27.9781591202
28.0774099172
28.0924282663
27.9991113692
28.1189140328
28.0925676921
28.0643846051
28.0365520759
28.0704303305
28.1653987723
28.1640302925
28.1275457028
28.1270710801
28.180730405
28.1795279302
28.1836677372
28.2132696058
28.2213734936
28.229142288
28.2242259122
28.2185857717
28.1899058964
28.1720827806
28.1724024227
28.1441914721
28.1394361865
28.1464174044
28.1668398548
28.1739997388
28.1940584599
28.2023215116
28.2055403326
28.2055181618
28.2170566827
28.224121184
28.232630389
28.2304978122
28.251555638
28.2712448773
28.279596103
28.2761038262
28.3026888661
28.2977004257
28.3106396718
27.9596239305
27.9647502996
28.0384847191
28.0464595437
28.0807983604
28.0722297104
28.0869966069
28.1342602687
28.1268796887
28.1423380659
28.1604584241
27.6428243829
28.0201600682
27.5869540077
27.5823189508
27.5771804236
28.0581730329
28.0730658831
27.8940312568
28.0616263949
27.6061206775
27.5938273496
27.8498797776
28.0171520726
27.9295127695
27.5791696315
27.6103476974
27.6054453315
27.6146094563
27.3101066588
27.3047785756
27.2962039894
27.313444248
27.3479059914
27.322943123
27.2112212491
27.446552257
27.4393177994
27.1153169313
27.444480619
27.114750636
27.1108199834
27.166223969
27.184949659
27.1955677236
27.2137849309
27.2136071994
27.1838287807
27.1845431186
26.9096949352
26.9123339171
26.9047720208
26.9341544928
26.9502637811
26.9193766326
26.915045148
26.8822015471
26.8770351108
26.8822981631
26.8489497411
26.8410554528
26.8372373726
26.815482209
26.82356714
26.7922000751
26.6383265387
26.7724614322
26.6214471798
26.6076029706
