0.00250905 0.00300434 0.00326095
0.00227753 0.00315498 0.00281912
0.00393438 0.00400767 0.00337308
0.00394652 0.00375193 0.00344105
0.00223701 0.00309115 0.00291925
0.00151397 0.00242468 0.00150663
0.00231945 0.00226629 0.00156181
0.00199313 0.00210743 0.00168906
0.00205063 0.00277501 0.00273784
0.00199079 0.00213161 0.00194915
0.00173771 0.00177738 0.00153906
0.00179843 0.00138543 0.00125892
0.00134449 0.00154607 0.0011563
0.0015389 0.00154029 0.0013065
0.00164152 0.00168897 0.00114277
0.00131363 0.00168574 0.00118743
0.00129326 0.00157109 0.00115997
0.00154018 0.00160574 0.00115646
0.00156966 0.001562 0.00113212
0.00152161 0.00159304 0.0011551
0.00133987 0.00166692 0.00111055
0.00179899 0.00173408 0.00143176
0.00156282 0.00182457 0.00152561
0.00161659 0.00173779 0.00160101
0.00159881 0.00210091 0.00179686
0.00183673 0.00156749 0.00147118
0.00167777 0.0016759 0.00155863
0.00152686 0.00215814 0.00211177
0.00216235 0.00164862 0.001498
0.00241369 0.0021402 0.0016835
0.00244573 0.00245268 0.00205253
0.0016175 0.00217919 0.00226155
0.0019004 0.00173062 0.00128671
0.00193991 0.00150638 0.00106551
0.00168872 0.00146451 0.000968015
0.00271446 0.00218853 0.00192025
0.00266677 0.00223218 0.00218421
0.0018275 0.00203178 0.00191767
0.00195297 0.00172751 0.00161661
0.00258668 0.00226478 0.00217632
0.00161795 0.00144136 0.00127738
0.00132712 0.00154534 0.00132323
0.00231624 0.00213542 0.00214079
0.00177767 0.00205822 0.00215839
0.00138842 0.00212908 0.00185017
0.00162052 0.00231891 0.00205181
0.00174171 0.00191023 0.0016264
0.00122274 0.00185213 0.00149238
0.00150615 0.0021593 0.0018368
0.00178011 0.00192529 0.00162821
0.00171045 0.00191427 0.00138393
0.00156761 0.0023304 0.00169712
0.00198349 0.00203078 0.00181701
0.00151474 0.00168668 0.00144312
0.00148392 0.00212503 0.00164731
0.00183022 0.00209515 0.00174117
0.00147334 0.00204158 0.00155455
0.00162555 0.00186866 0.00183959
0.00155221 0.00207734 0.00199457
0.00159521 0.00224493 0.00176943
0.00189081 0.00247794 0.00200169
0.00148009 0.00226262 0.0021305
0.00160899 0.00275126 0.00199412
0.00155873 0.00267937 0.00197915
0.00176667 0.00239569 0.00192689
0.0015947 0.00201976 0.00157166
0.00180033 0.0020793 0.00129653
0.00159753 0.00228513 0.00209767
0.0019259 0.00239098 0.0019417
0.00160391 0.00236645 0.00201286
0.00169935 0.00249885 0.00214905
0.00195512 0.00228737 0.00208142
0.00198139 0.00222458 0.00207457
0.00156201 0.00210033 0.0019155
0.00147876 0.00204815 0.00179749
0.00256182 0.00192101 0.00186768
0.00173504 0.0018051 0.00174478
0.00224596 0.00205508 0.00201787
0.00197913 0.00229162 0.00212346
0.00215864 0.00255254 0.0024192
0.00196896 0.00246932 0.00223082
0.0018941 0.0024555 0.00209602
0.00148732 0.0024359 0.00220244
0.00179536 0.00290106 0.00251305
0.00181474 0.00302715 0.00279091
0.00174117 0.00242541 0.00229032
0.00167056 0.0026297 0.00226509
0.00158334 0.00281354 0.00250927
0.00191219 0.00225404 0.00219789
0.00180753 0.00233877 0.00214176
0.00163225 0.00279309 0.0023295
0.00234714 0.00248787 0.00214382
0.00190267 0.00240647 0.00227584
0.00138054 0.00282525 0.00257428
0.00201586 0.00241756 0.00233713
0.00189646 0.00247069 0.00218682
0.00146591 0.00255154 0.00222197
0.00200736 0.0025965 0.00217146
0.00183065 0.00239301 0.00212156
0.00157005 0.00283725 0.00215992
0.00170206 0.00262302 0.00207612
0.00191429 0.00271218 0.00212764
0.00161744 0.00296059 0.00219551
0.00209042 0.00282059 0.00227393
0.00172462 0.00195482 0.00194297
0.00189098 0.00244555 0.00234151
0.0016546 0.00282564 0.00261958
0.0020348 0.00261324 0.0027561
0.00204052 0.00298535 0.00266603
0.00190805 0.00248412 0.00220022
0.00209116 0.00268926 0.00246165
0.00209404 0.00265331 0.00252256
0.00183333 0.00241182 0.00215082
0.00231486 0.00200421 0.00214383
0.00210834 0.0019961 0.00192839
0.00175633 0.00232181 0.00217685
0.00185739 0.00257944 0.00237229
0.00220533 0.00278277 0.00265033
0.00155718 0.00298294 0.00263679
0.00197837 0.00333717 0.00294261
0.00221147 0.00301321 0.0032419
0.00183277 0.00365357 0.00325521
0.00237283 0.00386626 0.00366914
0.00237241 0.00425549 0.00400364
0.00274578 0.0046649 0.00442306
0.00285843 0.00511978 0.00475982
0.00298102 0.00544651 0.00520415
0.00349435 0.00583358 0.00566819
0.00368134 0.00585803 0.00568072
0.00412175 0.0060236 0.00573382
0.0044688 0.00528767 0.00587031
0.00379086 0.00601138 0.00558694
0.00435881 0.00600309 0.00582849
0.00405456 0.00485136 0.00564262
0.00374822 0.00535342 0.00550828
0.00410018 0.00459392 0.00593485
0.00377446 0.00564199 0.00564632
0.00417326 0.00515344 0.00591766
0.0037183 0.0059527 0.00549586
0.00403375 0.00453405 0.00571147
0.00362874 0.00413141 0.00530377
0.00380285 0.00551384 0.005225
0.00324147 0.00419189 0.00499978
0.00278843 0.00442179 0.00406277
0.00306306 0.00378908 0.00407309
0.00342687 0.00505006 0.00495635
0.00308724 0.00460561 0.00441507
0.0035401 0.00425246 0.00469569
0.00330278 0.00471166 0.00443194
0.00362425 0.00503307 0.00465586
0.00311274 0.00444625 0.0040193
0.00354708 0.00486 0.00470483
0.00352109 0.00441706 0.00486936
0.00316697 0.00482895 0.00434506
0.0036088 0.00414208 0.00521437
0.00317358 0.00505193 0.00458885
0.00389429 0.00457502 0.00515319
0.00364612 0.00428567 0.00477177
0.00362573 0.00441027 0.00472361
0.00363814 0.00487311 0.00517561
0.00362713 0.00482143 0.00491192
0.00346903 0.00410419 0.00504885
0.00341587 0.00472923 0.0048265
0.00340511 0.00500422 0.00508628
0.00340923 0.00403574 0.00497239
0.00308062 0.00491365 0.00446138
0.00388933 0.00434235 0.00514939
0.00336077 0.00487994 0.00486289
0.00362967 0.00463863 0.00463147
0.00442088 0.00506615 0.00440437
0.003343 0.00416791 0.00447918
0.0040749 0.00462976 0.00367927
0.0044766 0.00482581 0.00405817
0.0047677 0.00483218 0.0038773
0.00309229 0.00334746 0.00399965
0.00314795 0.00435756 0.00395908
0.00367857 0.00367857 0.00354052
0.00387134 0.00387134 0.00369094
0.00381522 0.00381522 0.00361205
0.00381555 0.00381555 0.00359341
0.00388503 0.00388503 0.00390937
0.00380257 0.00380257 0.00384044
0.00382242 0.00382242 0.00384916
0.0039317 0.0039317 0.00396927
0.00379139 0.00379139 0.00384641
0.00382047 0.00382047 0.00386631
0.00383075 0.00383075 0.0038827
0.00401666 0.00401666 0.00407929
0.00387624 0.00387624 0.00393743
0.00389631 0.00389631 0.00396248
0.00400106 0.00400106 0.00407569
0.00389215 0.00389215 0.00398053
0.00392997 0.00392997 0.00401592
0.00393055 0.00393055 0.0040135
0.00403429 0.00403429 0.00411155
0.00394154 0.00394154 0.00402409
0.00396595 0.00396595 0.00404123
0.00397958 0.00397958 0.00405967
0.00405625 0.00405625 0.00416066
0.00397324 0.00397324 0.00410387
0.00400051 0.00400051 0.00412081
0.00413798 0.00396513 0.00424826
0.00370584 0.00370584 0.00393798
0.00394841 0.00394841 0.00415572
0.003774 0.003774 0.00397732
0.00386995 0.00386995 0.00406637
0.00382636 0.00382636 0.00403571
0.00350284 0.00385684 0.00406571
0.00355967 0.00410215 0.00415822
0.00366478 0.00366478 0.00383917
0.00387917 0.00387917 0.00398203
0.00380246 0.00380246 0.00390638
0.0038431 0.0038431 0.00396336
0.00374991 0.00374991 0.00387856
0.00377213 0.00377213 0.00389649
0.00385921 0.00385921 0.00397227
0.00377322 0.00377322 0.00388644
0.00366074 0.00379182 0.00391128
0.00382403 0.00371779 0.00394994
0.00356236 0.00387815 0.00399892
0.00433838 0.00454001 0.00376425
0.00394318 0.00399732 0.00418692
0.00329466 0.00323397 0.0037001
0.00384306 0.00329625 0.00409764
0.0040762 0.00398207 0.00351914
0.00411438 0.0046145 0.004074
0.00316369 0.00367208 0.00396657
0.00384284 0.0041351 0.0035349
0.00405675 0.00428526 0.00358239
0.00335367 0.00472796 0.00397391
0.00354346 0.00448376 0.00375673
0.00343431 0.00353114 0.00426383
0.00419652 0.00453966 0.0036679
0.00374859 0.003912 0.00439412
0.00298667 0.00471571 0.00404696
0.00389275 0.00389275 0.00407045
0.00394567 0.00394567 0.00409448
0.00398441 0.00398441 0.00414425
0.0039416 0.0039416 0.00412059
0.00396778 0.00396778 0.00413858
0.00400552 0.00400552 0.00417364
0.00398968 0.00398968 0.00416091
0.0038826 0.0038826 0.00407082
0.00394885 0.00394885 0.00413747
0.00398437 0.00398437 0.00416969
0.0039947 0.0039947 0.0041557
0.00388982 0.00388982 0.00407655
0.00396779 0.00396779 0.00416447
0.00400934 0.00400934 0.00418995
0.00389995 0.00389995 0.00409719
0.00400592 0.00400592 0.00419709
0.00399899 0.00399899 0.00419126
0.00399046 0.00399046 0.00417083
0.00392635 0.00392635 0.00412309
0.00396423 0.00396423 0.00417047
0.003933 0.003933 0.00412977
0.00394682 0.00394682 0.00416063
0.00397716 0.00397716 0.00417371
0.00394999 0.00394999 0.00416417
0.00389052 0.00389052 0.00410084
0.00393139 0.00393139 0.0041549
0.00395863 0.00395863 0.00419645
0.00388382 0.00388382 0.00411394
0.00395119 0.00395119 0.00420494
0.00397621 0.00397621 0.00419031
0.00398513 0.00398513 0.00425755
0.00390763 0.00390763 0.00417757
0.00396066 0.00396066 0.0042275
0.00398795 0.00398795 0.00420884
0.00432399 0.00389497 0.00413338
0.00399567 0.00399567 0.0042263
0.00420656 0.00401648 0.00422833
0.00438822 0.00412035 0.0041328
0.00407807 0.00409718 0.0043769
0.00309991 0.00360098 0.00386374
0.00383544 0.00370274 0.00398978
0.00386537 0.00386537 0.00415885
0.00368347 0.00368347 0.00397488
0.00373908 0.00373908 0.00399706
0.00373719 0.00373719 0.00400986
0.0037407 0.0037407 0.00401759
0.00371752 0.00371752 0.00399537
0.00382394 0.00375491 0.00400716
0.00371659 0.003738 0.00398461
0.00378779 0.00378779 0.00403392
0.00372152 0.00369913 0.00404016
0.00360464 0.00360464 0.00389602
0.00350964 0.00350964 0.00377192
0.00357005 0.00357005 0.00380123
0.00357383 0.00357383 0.00384204
0.00361268 0.00361268 0.00389466
0.0036428 0.0036428 0.00395636
0.00362107 0.00362107 0.00392574
0.00369142 0.00369142 0.00396338
0.00366852 0.00366852 0.0039344
0.00367883 0.00367883 0.00392207
0.00362057 0.00275952 0.00387151
0.00368047 0.00368047 0.00393231
0.00374251 0.00374251 0.00396798
0.00362812 0.00362812 0.00391477
0.00305723 0.00365598 0.00393947
0.00358238 0.00358238 0.00384834
0.00416089 0.00415627 0.00390585
0.00358241 0.00358241 0.00390089
0.00360775 0.00360775 0.00389069
0.00355882 0.00355882 0.00390169
0.00350793 0.00350793 0.00383826
0.0035431 0.0035431 0.00388618
0.00361994 0.00361994 0.00387385
0.00356854 0.00356854 0.0038431
0.00361039 0.00361039 0.0038789
0.00364271 0.00364271 0.00390167
0.0036322 0.0036322 0.00394018
0.0035873 0.0035873 0.00391946
0.00363254 0.00363254 0.00393988
0.00365648 0.00365648 0.00395305
0.00367862 0.00367862 0.00401114
0.00362325 0.00362325 0.00393576
0.0036351 0.0036351 0.00390666
0.00356969 0.00356969 0.00386525
0.00361064 0.00361064 0.00390359
0.00354586 0.00354586 0.00383025
0.00349387 0.00349387 0.00377617
0.0035175 0.0035175 0.00387282
0.00351499 0.00351499 0.00377919
0.003428 0.003428 0.00373433
0.00346015 0.00346015 0.00377297
0.00353827 0.00353827 0.00372761
0.00338508 0.00338508 0.00367315
0.00341345 0.00341345 0.00369257
0.00350766 0.00350766 0.0037199
0.00345015 0.00345015 0.00368948
0.00347935 0.00347935 0.0037225
0.00342959 0.00342959 0.00371017
0.00345102 0.00345102 0.00369703
0.00339605 0.00339605 0.00363126
0.00343801 0.00343801 0.00367737
0.00344616 0.00344616 0.00367976
0.00348578 0.00348578 0.00370165
0.00342192 0.00342192 0.00363684
0.00346227 0.00346227 0.00367073
0.00349584 0.00349584 0.00371225
0.00342288 0.00342288 0.00362973
0.0034369 0.0034369 0.00364088
0.00344457 0.00344457 0.00364947
0.00343138 0.00343138 0.0036306
0.00338884 0.00338884 0.00358845
0.00342165 0.00342165 0.00362211
0.00344771 0.00344771 0.00365072
0.0033482 0.0033482 0.00354667
0.00338227 0.00338227 0.00358507
