1.09174 1.08719 1.08549
1.09373 1.09003 1.09113
1.07804 1.07492 1.07833
1.08066 1.07299 1.07485
1.07806 1.08057 1.0814
1.08434 1.07301 1.07746
1.07099 1.07701 1.07456
1.0839 1.06783 1.06804
1.07476 1.07547 1.07498
1.07004 1.07252 1.06661
1.07195 1.07774 1.07205
1.06746 1.07499 1.06977
1.08023 1.07475 1.07795
1.07538 1.07506 1.07502
1.07682 1.08106 1.08338
1.07185 1.07252 1.0804
1.06841 1.06894 1.06305
1.06689 1.06315 1.0624
1.0612 1.0584 1.05867
1.07816 1.06352 1.06339
1.05938 1.06579 1.06155
1.0759 1.06415 1.06039
1.06681 1.0832 1.08089
1.07281 1.08672 1.08485
1.07204 1.09363 1.08677
1.05368 1.06978 1.06758
1.05915 1.07279 1.07258
1.06603 1.07525 1.07621
1.07662 1.07222 1.07128
1.08618 1.08698 1.08203
1.08514 1.09199 1.09633
1.08448 1.08369 1.08481
1.06926 1.08222 1.07903
1.0771 1.08761 1.08435
1.0869 1.08588 1.0808
1.0933 1.08944 1.08855
1.08197 1.08155 1.08038
1.07199 1.08724 1.08366
1.08612 1.09783 1.10704
1.07481 1.08825 1.088
1.07262 1.09019 1.08468
1.08741 1.10203 1.09748
1.09338 1.10055 1.1009
1.07786 1.08946 1.09686
1.07347 1.0942 1.09182
1.07778 1.10207 1.09688
1.05175 1.07774 1.0711
1.0597 1.08678 1.0812
1.06639 1.09372 1.08689
1.07869 1.07272 1.06147
1.09627 1.0841 1.07999
1.06323 1.0987 1.08641
1.07455 1.05899 1.05657
1.0758 1.06864 1.06666
1.056 1.07371 1.06863
1.05909 1.06675 1.0593
1.07026 1.08029 1.07306
1.07112 1.07224 1.07229
1.05621 1.08017 1.08006
1.09484 1.0935 1.08179
1.10239 1.09324 1.08417
1.0917 1.10499 1.10977
1.08043 1.11563 1.1031
1.08147 1.1174 1.10344
1.08988 1.07429 1.07262
1.07912 1.08249 1.07507
1.06802 1.08352 1.07671
1.06953 1.07272 1.07145
1.07056 1.08425 1.08034
1.0854 1.09644 1.09192
1.07796 1.0953 1.0919
1.09442 1.10942 1.10709
1.10129 1.11582 1.11435
1.09045 1.09551 1.09266
1.15551 1.16694 1.16054
1.11124 1.13459 1.13226
1.10996 1.11853 1.11789
1.11989 1.13146 1.13015
1.13136 1.16236 1.1598
1.08918 1.0958 1.09229
1.10104 1.08933 1.08608
1.11517 1.1037 1.09862
1.10598 1.14367 1.13175
1.13208 1.16934 1.15793
1.13918 1.17657 1.16583
1.10471 1.12428 1.12827
1.11415 1.13316 1.12498
1.10759 1.13526 1.13201
1.08121 1.10155 1.10109
1.08102 1.11655 1.10589
1.08561 1.12174 1.11224
1.05135 1.08786 1.07882
1.11471 1.10905 1.10029
1.08306 1.11735 1.11098
1.05416 1.08265 1.0793
1.06666 1.0984 1.09191
1.07925 1.09819 1.09724
1.0915 1.08215 1.07402
1.10568 1.0931 1.09139
1.07291 1.10159 1.0964
1.07718 1.08206 1.07342
1.07367 1.10481 1.09072
1.06838 1.10634 1.09531
1.08457 1.06909 1.08198
1.0859 1.08628 1.07924
1.09313 1.09403 1.08767
1.07955 1.11054 1.10535
1.09118 1.12776 1.11734
1.0966 1.12732 1.12217
1.10443 1.1004 1.09115
1.09677 1.12188 1.11856
1.13032 1.18685 1.15031
1.09733 1.10438 1.10212
1.11773 1.15381 1.15381
1.12314 1.15173 1.14975
1.10231 1.1332 1.12818
1.11631 1.10921 1.10632
1.08976 1.12689 1.11638
1.11589 1.15377 1.14371
1.14843 1.18142 1.16995
1.17436 1.19141 1.19574
1.1725 1.20642 1.19697
1.19223 1.23053 1.21834
1.21881 1.25005 1.24414
1.239 1.27015 1.26217
1.25673 1.29495 1.28562
1.27967 1.31642 1.31156
1.30358 1.33443 1.33202
1.31669 1.34477 1.34797
1.32438 1.35617 1.35272
1.33935 1.34757 1.36418
1.30984 1.34206 1.33551
1.31713 1.34671 1.33997
1.33301 1.34421 1.35771
1.31656 1.35285 1.34496
1.33672 1.34613 1.36224
1.31968 1.35722 1.34813
1.34684 1.34933 1.36872
1.32165 1.35802 1.35003
1.34434 1.35388 1.36955
1.33379 1.34242 1.358
1.32295 1.34901 1.34522
1.32905 1.34123 1.35864
1.32137 1.34817 1.34026
1.33555 1.34703 1.36039
1.33671 1.35662 1.35563
1.31448 1.34541 1.33983
1.32973 1.33947 1.35564
1.31438 1.34283 1.34018
1.32364 1.35433 1.34794
1.29441 1.32291 1.31791
1.30652 1.3431 1.33156
1.33808 1.34566 1.35804
1.30978 1.34771 1.33413
1.33897 1.34506 1.36059
1.31947 1.35859 1.34347
1.35221 1.35854 1.37283
1.33437 1.34198 1.35797
1.30813 1.33811 1.32894
1.32191 1.3477 1.34611
1.32763 1.36459 1.35255
1.35435 1.36296 1.37896
1.32185 1.35529 1.34625
1.32871 1.36152 1.35111
1.34696 1.35627 1.37264
1.31336 1.35121 1.33822
1.34283 1.34204 1.36351
1.34628 1.35918 1.3705
1.34462 1.34954 1.35901
1.35321 1.35644 1.34799
1.34531 1.35279 1.36734
1.35284 1.3488 1.33756
1.34648 1.33999 1.33963
1.36048 1.35693 1.34559
1.35026 1.34949 1.36772
1.35736 1.35918 1.37119
1.35481 1.35481 1.35708
1.35464 1.35464 1.35723
1.35419 1.35419 1.35652
1.35465 1.35465 1.35664
1.35728 1.35728 1.35976
1.35671 1.35671 1.35933
1.35669 1.35669 1.35933
1.36029 1.36029 1.3623
1.35988 1.35988 1.36203
1.36005 1.36005 1.36203
1.35998 1.35998 1.36209
1.36328 1.36328 1.36536
1.36311 1.36311 1.36503
1.36314 1.36314 1.36511
1.36606 1.36606 1.36804
1.36601 1.36601 1.36813
1.36633 1.36633 1.36836
1.36609 1.36609 1.36808
1.36906 1.36906 1.37078
1.36914 1.36914 1.37094
1.36917 1.36917 1.371
1.36918 1.36918 1.37086
1.37185 1.37185 1.37342
1.37176 1.37176 1.37359
1.3719 1.3719 1.37373
1.37482 1.36657 1.37659
1.36195 1.36195 1.36408
1.36198 1.36198 1.36345
1.36185 1.36185 1.36327
1.36462 1.36462 1.36629
1.36515 1.36515 1.36698
1.35779 1.3651 1.36693
1.35946 1.35769 1.36953
1.35268 1.35268 1.35526
1.35358 1.35358 1.35523
1.35336 1.35336 1.35503
1.35591 1.35591 1.35752
1.35587 1.35587 1.35749
1.35587 1.35587 1.35747
1.3584 1.3584 1.35991
1.35842 1.35842 1.35999
1.34734 1.35864 1.36005
1.35864 1.3472 1.36019
1.34942 1.36105 1.36249
1.3586 1.35948 1.34502
1.35522 1.35547 1.37059
1.3383 1.34328 1.35163
1.33978 1.34168 1.35466
1.34853 1.34489 1.33521
1.34311 1.36874 1.35245
1.34485 1.3424 1.35512
1.33519 1.35287 1.33883
1.34683 1.34012 1.33507
1.33919 1.35545 1.34582
1.33817 1.35893 1.34908
1.35106 1.35692 1.36791
1.35319 1.35986 1.34479
1.35253 1.35727 1.3688
1.35531 1.36343 1.37251
1.36009 1.36009 1.36184
1.36102 1.36102 1.36265
1.36333 1.36333 1.36471
1.36364 1.36364 1.36529
1.3638 1.3638 1.36533
1.36375 1.36375 1.36527
1.3662 1.3662 1.36756
1.36658 1.36658 1.36816
1.36678 1.36678 1.36832
1.36678 1.36678 1.36833
1.36927 1.36927 1.37028
1.36954 1.36954 1.37096
1.36979 1.36979 1.37136
1.37224 1.37224 1.37337
1.37243 1.37243 1.37365
1.37271 1.37271 1.3739
1.37265 1.37265 1.37386
1.37463 1.37463 1.37584
1.37517 1.37517 1.37635
1.37745 1.37745 1.37876
1.37769 1.37769 1.37881
1.37736 1.37736 1.37888
1.37767 1.37767 1.37875
1.37963 1.37963 1.38088
1.37962 1.37962 1.38093
1.37986 1.37986 1.38131
1.38198 1.38198 1.3835
1.38219 1.38219 1.38344
1.38221 1.38221 1.38369
1.38233 1.38233 1.38355
1.38444 1.38444 1.38618
1.38448 1.38448 1.38587
1.38469 1.38469 1.38621
1.38706 1.38706 1.38814
1.37677 1.38676 1.38782
1.38743 1.38743 1.38875
1.37806 1.38929 1.38986
1.3788 1.37743 1.39015
1.36379 1.37454 1.37544
1.36501 1.37427 1.37524
1.36611 1.36589 1.37724
1.36166 1.36166 1.36309
1.36175 1.36175 1.36296
1.36432 1.36432 1.36528
1.36511 1.36511 1.36596
1.36508 1.36508 1.36594
1.36483 1.36483 1.36574
1.35707 1.36661 1.36733
1.3559 1.36711 1.3679
1.36796 1.36796 1.36887
1.35603 1.35678 1.36827
1.35158 1.35158 1.35296
1.3511 1.3511 1.35252
1.35433 1.35433 1.35563
1.35586 1.35586 1.35705
1.35693 1.35693 1.358
1.35972 1.35972 1.36116
1.35959 1.35959 1.36117
1.35914 1.35914 1.36043
1.35909 1.35909 1.36035
1.3613 1.3613 1.36231
1.36166 1.35435 1.36282
1.36184 1.36184 1.36297
1.36388 1.36388 1.36521
1.36401 1.36401 1.36549
1.35344 1.36417 1.36566
1.34832 1.34832 1.34978
1.36415 1.36305 1.3488
1.34977 1.34977 1.35152
1.35065 1.35065 1.35218
1.35292 1.35292 1.35477
1.35296 1.35296 1.35468
1.35283 1.35283 1.35471
1.35582 1.35582 1.35738
1.35626 1.35626 1.35785
1.35643 1.35643 1.35798
1.35649 1.35649 1.35814
1.35909 1.35909 1.3604
1.35942 1.35942 1.36082
1.35956 1.35956 1.36094
1.35984 1.35984 1.36099
1.36187 1.36187 1.36343
1.36233 1.36233 1.36371
1.365 1.365 1.36608
1.36549 1.36549 1.3667
1.3654 1.3654 1.3669
1.3676 1.3676 1.36895
1.36798 1.36798 1.36927
1.36814 1.36814 1.36979
1.37082 1.37082 1.37216
1.37124 1.37124 1.37267
1.37154 1.37154 1.37289
1.37421 1.37421 1.37463
1.37368 1.37368 1.37533
1.37378 1.37378 1.37502
1.3765 1.3765 1.37772
1.37688 1.37688 1.37808
1.3771 1.3771 1.37821
1.37679 1.37679 1.37817
1.37881 1.37881 1.38003
1.3788 1.3788 1.38015
1.37884 1.37884 1.38003
1.37871 1.37871 1.38008
1.38088 1.38088 1.38222
1.38098 1.38098 1.38234
1.381 1.381 1.38248
1.38335 1.38335 1.38484
1.38357 1.38357 1.38482
1.3837 1.3837 1.38495
1.38375 1.38375 1.38506
1.38569 1.38569 1.3868
1.386 1.386 1.38718
1.38617 1.38617 1.38735
1.38812 1.38812 1.38959
1.38799 1.38799 1.38941
1.38812 1.38812 1.38923
