70.051991544
69.9436511103
69.8130852011
69.668455524
69.5111553644
69.3563232882
69.1944603571
69.0226168543
68.8391417529
68.6664326446
68.486195263
68.2990884819
68.1151475862
67.9182388952
67.711052302
67.5137400473
67.2972544466
67.0672265631
66.861770122
66.6340438453
66.3865738806
66.1478307098
65.8947178239
65.6234855703
65.3746577079
65.0938745211
64.8067734718
64.5332935713
64.2411172317
63.9447922384
63.6667825103
63.3708756541
63.0658778143
62.8087381195
62.5289391937
62.2223941692
61.9202575459
61.6241579634
61.3203906647
61.0421902901
60.7479047007
60.4489434505
60.1458139706
59.8370148705
59.528009521
59.2264292576
58.9144610817
58.596389562
58.3025783498
57.993920762
57.6805080245
57.384227542
57.0696589959
56.7609261344
56.4465236968
56.136286866
55.8284830507
55.5175312849
55.2157498515
54.8983576778
54.5977009984
54.2944548228
53.9912251039
53.6767217292
53.3703567714
53.0638665589
52.7588418979
52.4666578877
52.1547083511
51.8435731217
51.547846143
51.2340579862
50.9309461509
50.6324449468
50.3234661194
50.0221025287
49.7323865438
49.4227278249
49.1158140853
48.8147635832
48.5049973637
48.2043524646
47.9162785152
47.6193489473
47.3319501969
47.043738958
46.7414893085
46.4444335411
46.1569824626
45.8563276326
45.5733605061
45.2877766444
44.9988545468
44.7045676342
44.4119670822
44.1317598853
43.8461451702
43.5667737299
43.3052390671
43.0277191674
42.7551943544
42.5328336514
42.2823240609
42.0145165928
41.8262829304
41.5926554946
41.3483091182
41.1684068561
40.9449942505
40.7097702558
40.5283812113
40.2907223015
40.0685477243
39.894377114
39.7364778491
39.5845405238
39.396332696
39.2473929129
39.1250405586
38.9771626705
38.8288541496
38.6148018843
38.4411452455
38.2258211943
38.0548588189
37.8993525758
37.7036082234
37.5389750067
37.3302047634
37.1017318159
36.9452659
36.753773029
36.5320918075
36.3738748388
36.1752110967
35.9682567419
35.8193586249
35.6115194725
35.3976682031
35.2384322527
35.0337763635
34.8155164332
34.6685506619
34.476750068
34.2607439875
34.1026093545
33.8923423362
33.6555951009
33.4910652104
33.3102818036
33.1172264917
32.9851569963
32.805222498
32.6428852092
32.4869424298
32.3402613039
32.148478045
31.9951916967
31.8548338517
31.6753604428
31.4922762588
31.3546509907
31.1358372203
30.9689408826
30.8175431765
30.6507704432
30.5019108304
30.3254082471
30.259801262
30.1456451839
30.1203592431
29.9847997725
29.8202481423
29.6947720054
29.4867342728
29.3436091503
29.1572959627
28.9738976381
28.8271767736
28.7080668213
28.536593884
28.3434506304
28.1973589588
28.0852005237
27.9193353737
27.858128511
27.8176717918
27.7025909134
27.5464612806
27.4181954228
27.260646875
27.1225015662
26.9488293634
26.792473697
26.6670922832
26.5720711829
26.4291542594
26.3582964849
26.259813701
26.1035542663
26.0173297227
25.9330329159
25.7985434485
25.7176258866
25.5950664304
25.4940262394
25.3495774195
25.2664322322
25.1957034914
25.0809168403
25.0393647598
24.9742797634
24.8627735311
24.8298692602
24.7651137821
24.7796170236
24.7158323388
24.6063772727
24.6077902963
24.6056758468
24.4961367109
24.4638809458
24.4441071578
24.3754853868
24.3240587566
24.3052981057
24.3003023325
24.2713278011
24.3426298801
24.2785802024
24.1997746015
24.2385543879
24.2298096678
24.2272760768
24.2084275148
24.1462009788
24.1760833892
24.1566646615
24.2017869723
24.1608671675
24.1225074151
24.0827459554
24.015053958
23.9617951633
23.9757428904
23.9105076837
23.8884544811
23.8603049042
23.786163541
23.7368049712
23.7536954396
23.6977252639
23.7524688263
23.7458132028
23.7929059548
23.7382736219
23.7003655201
23.7458957006
23.6908268605
23.6553243833
23.6709869013
23.6189631457
23.5778259172
23.61172105
23.5680461988
23.5245248138
23.567956244
23.5275437522
23.4868520052
23.5064643405
23.4563865727
23.402542338
23.3989260924
23.3601262459
23.3272906018
23.2409582829
23.2619700562
23.2576889856
23.1992657016
23.2076287679
23.1963814754
23.1140410973
23.1459030446
23.1174887671
23.0547488872
23.0637158706
23.0595271444
23.0289346774
23.0344932158
23.0361662095
22.9647750614
23.0279092731
23.0322694012
22.963925194
22.9256929045
22.9243818233
22.8800063291
22.7859097904
22.7431408544
22.7525317609
22.7210615213
22.6972101172
22.7043861525
22.6644057122
22.6008947407
22.620780243
22.5854276697
22.5589756289
22.5822912681
22.518573772
22.4951380539
22.441192203
22.4372373148
22.4234375501
22.3713355948
22.3557765688
22.3402327251
22.3110115134
22.2774048092
22.2723126799
22.2577891648
22.3263167143
22.4104818031
22.4278929979
22.3992268761
22.4177716651
22.388096559
22.3383295432
22.3487584436
22.3381464566
22.2886978548
22.1857323649
22.129969084
22.150120113
22.1041267314
22.0763795385
22.1276988026
22.1595207733
22.1659941913
22.2161527342
22.161872683
22.1423993387
22.1021553448
22.1219127084
22.1180337737
22.058093042
22.0394312887
22.0061687517
21.9694433825
21.9688678766
21.9376399342
21.9087552857
21.9183907379
21.8867867557
21.8644598837
21.8140956912
21.839528403
21.8402793693
21.7839996109
21.7958583498
21.7701180013
21.7252778299
21.682949661
21.7199027144
21.7101132648
21.6826611959
21.6426957225
21.6356526345
21.6016245472
21.5814502681
21.6032797397
21.5649930923
21.5434881463
21.54283016
21.5221271584
21.5048870397
21.4654396121
21.4805726946
21.4756969381
21.4697828765
21.4898664331
21.5205875019
21.4539227864
21.4673695021
21.4664155451
21.4370900344
21.3830789308
21.3311376302
21.3362494854
21.2811588581
21.2585237752
21.2791994645
21.2443725416
21.2453410467
21.2606942857
21.260646198
21.2419722599
21.2006580951
21.21479028
21.2124892874
21.17069227
21.1717977248
21.193989058
21.1752836206
21.1684170644
21.145748651
21.1220122311
21.0654024267
21.1008249159
21.091244575
21.0514382975
21.053622556
21.0460420732
20.9852000434
20.960774078
21.0132560262
20.9847744843
20.9372117915
20.8815437123
20.9015764392
20.9753154757
20.9900485967
20.9965451836
20.9693610686
20.9440862016
20.9288967368
20.9397573072
20.9055644595
20.8569372592
20.845530093
20.8522646207
20.8745868182
20.88286151
20.8512260098
20.8378125419
20.8021676984
20.7708242494
20.7787678173
20.7125343402
20.6853518263
20.719784527
20.6820779956
20.6562997194
20.6547742824
20.6290880357
20.6152176072
20.5865917693
20.5964088693
20.5938854225
20.5632067612
20.5835666651
20.5788383815
20.5543433589
20.5248048663
20.5375108301
20.5300882453
20.5108499812
20.4975093169
20.5028616197
20.4920637787
20.480200402
20.4934162694
20.4743142295
20.4609785144
20.4255573797
20.4261139826
20.4228421156
20.4217186402
20.42735695
20.4296039215
20.4174953961
20.4259862324
20.4402604961
20.4337242235
20.4438530065
20.427714921
20.3853429343
20.354844592
20.3439550167
20.3319772031
20.3151125045
20.3036037244
20.3134040791
20.3062916422
20.2904631104
20.2885966049
20.2593792799
20.2494141974
20.2300757302
20.2175845263
20.2622052517
20.2622853746
20.2897611658
20.2736592887
20.2572781031
20.2601392445
20.2360492992
20.217803846
20.1781247004
20.2182319884
20.2091820691
20.1926870798
20.1719229717
20.1708919043
20.1514171314
20.1667370431
20.176839974
20.1702895308
20.15405918
20.1410068116
20.1639689904
20.1683219707
20.1609897955
20.1674482961
20.1591692706
20.1466057203
20.1552369175
20.1284526486
20.0831534397
20.0537929035
20.0364789065
19.9975210454
19.9821296239
19.9879697005
19.9905463246
20.0022565735
20.0154626456
20.0188599106
20.0106607288
19.9987693934
19.9994763844
19.998939672
19.9929710224
19.988442402
20.0112380569
20.0163065421
19.9914800857
20.0170681683
20.0228550373
20.0207073481
20.0497766132
20.0506512858
20.0404619591
20.0101721763
20.0151291175
20.0121318147
19.9854535243
19.9492611501
19.9710504183
19.9632333511
19.9196192449
19.9054540474
19.9092381622
19.9052095181
19.8810019106
19.8966504116
19.8727591608
19.8742611631
19.9306194452
19.9370337058
19.9495652622
19.9441012773
19.9529034288
19.9369766384
19.9476873407
19.9362561991
19.9458459856
19.9295468437
19.9222543817
19.9325069832
19.9401074482
19.9387712463
19.9177342701
19.9290876095
19.9538212553
19.9454356679
19.9583497964
19.9735192059
20.0042372397
20.0092962227
19.9834929516
19.9484851695
19.9335125017
19.9442807721
19.937821907
19.9237305208
19.9148053791
19.9321722975
19.9266301255
19.9194387082
19.9353323741
19.9359045478
19.9582822939
19.943017024
19.9588378895
19.9538631914
19.9431239597
19.9563147789
19.9407746024
19.9186197178
19.8936204332
