0.00434934 0.00369156 0.00326095
0.00454657 0.00476103 0.00462006
0.00288026 0.00273411 0.00237135
0.00138194 0.00198348 0.00123568
0.00128322 0.00225331 0.00134023
0.00192468 0.00225737 0.00163468
0.00177352 0.00249566 0.00165905
0.00153307 0.00297985 0.00191471
0.00203244 0.00251993 0.00216838
0.00229282 0.00251093 0.00231295
0.00172658 0.00249081 0.00265432
0.00197265 0.00233518 0.00216795
0.00156266 0.00211777 0.00184472
0.00152816 0.00202205 0.00166929
0.0013007 0.00130185 0.00132986
0.001054 0.00157808 0.00127807
0.00129647 0.00154339 0.00110348
0.00140403 0.0018127 0.00118285
0.00169736 0.0016097 0.00113096
0.00179183 0.00159974 0.00127002
0.002027 0.00163978 0.00123085
0.0017991 0.00187637 0.00140816
0.00133935 0.00196146 0.00153799
0.00150818 0.00187562 0.00182108
0.00158016 0.00198888 0.00188296
0.0017382 0.00146102 0.00140644
0.00194227 0.00183295 0.00162098
0.00238934 0.00221551 0.00198644
0.0016528 0.00275981 0.00245858
0.00257709 0.00282516 0.00244752
0.00240496 0.00212429 0.00202804
0.00165809 0.00221078 0.0018468
0.00156051 0.00227532 0.00198121
0.00159141 0.0021823 0.00190109
0.00142229 0.00205444 0.00171992
0.00202356 0.00241093 0.00223864
0.0018703 0.00191459 0.00179697
0.00233929 0.00188087 0.00174753
0.00250858 0.00222593 0.00215653
0.00210134 0.00195727 0.00179368
0.00181397 0.00178872 0.00135472
0.00226579 0.00242545 0.00223402
0.00204831 0.00211767 0.00198868
0.00172048 0.00252923 0.00226933
0.00192526 0.00261374 0.00238795
0.00148676 0.00261522 0.00212738
0.0015252 0.00178237 0.00162603
0.00133722 0.00204286 0.00152816
0.00165133 0.00236779 0.00193942
0.00173872 0.00187835 0.00148517
0.00185464 0.00212142 0.00140315
0.00217818 0.00261392 0.00189709
0.00191185 0.00249557 0.00235175
0.0017965 0.00251927 0.00215984
0.00145387 0.00227746 0.00206954
0.00158339 0.00195565 0.00166357
0.00189089 0.002104 0.00174416
0.00176723 0.00243469 0.0022581
0.00206129 0.00260557 0.00233245
0.00209755 0.00268542 0.00224763
0.00158925 0.00250364 0.00226737
0.00199642 0.00275902 0.00225557
0.00207065 0.00216367 0.00192002
0.00213575 0.00291819 0.00216588
0.00183197 0.00220962 0.00210921
0.00144722 0.00217685 0.00160016
0.00167363 0.00237523 0.00224756
0.00216162 0.00250204 0.00232737
0.00187398 0.0025062 0.0021443
0.00180565 0.002326 0.00217559
0.00232101 0.00247672 0.00235225
0.00177591 0.00230084 0.00198082
0.00164049 0.00217238 0.00194155
0.00168991 0.00230487 0.00197292
0.0021656 0.00218096 0.00196674
0.00223548 0.002245 0.00222443
0.00184943 0.00269386 0.00270523
0.00205864 0.00320643 0.00298833
0.00191714 0.00320558 0.00294032
0.00216367 0.00260419 0.00240243
0.00141997 0.00270414 0.00229118
0.00173801 0.0028892 0.00251869
0.0019636 0.0025037 0.00228215
0.00132557 0.00264307 0.00211487
0.00185142 0.00268067 0.0028214
0.00209144 0.00259938 0.00242173
0.00194693 0.00289969 0.00263725
0.00172616 0.00243947 0.00279874
0.00171297 0.00264067 0.00231868
0.00224154 0.00277427 0.00253923
0.00155039 0.00287395 0.00267581
0.00214083 0.00259265 0.00243298
0.00151622 0.00286073 0.00270315
0.00175551 0.00316164 0.00296721
0.00173473 0.0028367 0.00267586
0.00140377 0.00253724 0.00253949
0.00158571 0.00318553 0.00272238
0.0022087 0.00298289 0.0024468
0.00213241 0.00303268 0.00249577
0.00152996 0.00323585 0.00268612
0.00241419 0.00321793 0.00263602
0.00237596 0.00314888 0.00236637
0.00148205 0.00301573 0.00231424
0.00212603 0.0029108 0.00238744
0.00184989 0.00243117 0.00202452
0.00233817 0.00249567 0.00259422
0.00173341 0.00231369 0.00278895
0.0023118 0.00269604 0.00263989
0.00229358 0.00301589 0.00283549
0.0021009 0.00279534 0.00251222
0.0019446 0.00256723 0.00235599
0.00194459 0.00249092 0.00240005
0.00169862 0.00222245 0.00225823
0.00197455 0.00240263 0.00234573
0.0017345 0.00239368 0.00233676
0.00184624 0.0035075 0.00337417
0.00195286 0.0032084 0.00300571
0.00184302 0.00297098 0.00275298
0.0017714 0.00332447 0.00296137
0.0019472 0.0029746 0.00322545
0.00186415 0.0034647 0.00323555
0.00241111 0.00386222 0.00369724
0.0023341 0.00415342 0.00383543
0.00253982 0.00456688 0.00420551
0.00266334 0.00484302 0.00434708
0.00294259 0.0049357 0.00506612
0.0031721 0.00565809 0.00558451
0.00359454 0.00579848 0.005594
0.0041576 0.00580907 0.00561591
0.00378676 0.00494669 0.00588221
0.0038673 0.00580438 0.00556484
0.00368644 0.00587065 0.00550933
0.0038893 0.00571171 0.0053446
0.00369852 0.00515964 0.0054586
0.00391646 0.00606019 0.00563479
0.0041112 0.00478462 0.00580009
0.00411685 0.00510498 0.00585991
0.00389772 0.00450965 0.00565681
0.00386864 0.00482434 0.00554332
0.00358498 0.005588 0.00505134
0.00302276 0.00404652 0.00440593
0.00276264 0.00426424 0.00410333
0.0035001 0.00411497 0.00465162
0.00313653 0.00509729 0.00474037
0.0035181 0.00428402 0.00469427
0.00327095 0.0043527 0.00448726
0.00362646 0.00450844 0.00488459
0.00361269 0.00497139 0.00469826
0.00377434 0.00520698 0.004979
0.00292743 0.00437382 0.0043803
0.00360623 0.00532344 0.00511408
0.0033851 0.00525788 0.00500329
0.00386722 0.00434732 0.00511578
0.003655 0.00394716 0.00516478
0.00384753 0.00509385 0.00503757
0.00508058 0.00540071 0.00515974
0.00356107 0.00525267 0.0048044
0.00368989 0.00501983 0.00477076
0.00361405 0.00442524 0.00481239
0.00478349 0.00522183 0.00413181
0.00262276 0.00355092 0.00416145
0.00432065 0.00496858 0.00386498
0.00412517 0.00491319 0.00376211
0.00323393 0.00486142 0.00394534
0.00289751 0.00300465 0.00382672
0.0044342 0.004703 0.0038179
0.0046095 0.00480488 0.00392966
0.00306577 0.00343115 0.00402274
0.00312655 0.0041985 0.00407876
0.00430634 0.00472651 0.00381037
0.00353887 0.00447608 0.00440636
0.00368478 0.00368478 0.00355864
0.00378284 0.00378284 0.00384239
0.00386227 0.00386227 0.0039153
0.00378443 0.00391542 0.00401215
0.00392827 0.00392827 0.00398342
0.00392321 0.00392321 0.00402671
0.0036089 0.00365033 0.00399462
0.00354867 0.00399648 0.00411365
0.00399012 0.00368668 0.00410929
0.00405851 0.00405851 0.00419931
0.00403129 0.00403129 0.00416915
0.00410315 0.00410315 0.00422802
0.00406015 0.00406015 0.00419312
0.00403344 0.00424106 0.00425144
0.00401323 0.00447182 0.00412535
0.00375286 0.00429634 0.00394151
0.00440818 0.00479922 0.00382911
0.00291756 0.00361193 0.0040232
0.00281875 0.00357717 0.00393703
0.00382409 0.00382409 0.00390845
0.00390575 0.00390575 0.00398028
0.00367662 0.00383196 0.00393914
0.00397683 0.00370637 0.00383709
0.00378399 0.00378399 0.00392546
0.00292083 0.00373736 0.00386688
0.00346016 0.00346016 0.00368441
0.00353616 0.00353616 0.00376089
0.00335643 0.00335643 0.00359333
0.00347298 0.00347298 0.00366862
0.00344975 0.00344975 0.00364239
0.00349013 0.00349013 0.00367923
0.00346704 0.00361811 0.00365812
0.00349674 0.00352337 0.00369459
0.00345532 0.00345273 0.00366456
0.00385722 0.00362972 0.00353877
0.00359556 0.00316129 0.00351277
0.00363255 0.00378505 0.00341617
0.00374604 0.00379383 0.00345709
0.00263627 0.00343443 0.00368598
0.00253946 0.00340859 0.003685
0.00251086 0.00323802 0.00377439
0.00384415 0.00367161 0.00344832
0.0039793 0.00393628 0.0036348
0.002895 0.00329829 0.00378144
0.00324626 0.00324626 0.00352123
0.00342905 0.00342905 0.00370028
0.0033812 0.0033812 0.00364062
0.00343114 0.00343114 0.00371575
0.00341938 0.00341938 0.00369445
0.00355383 0.00355383 0.00380145
0.00353487 0.00353487 0.00379397
0.00354198 0.00354198 0.0038034
0.00342304 0.00361775 0.00386637
0.00347489 0.00347489 0.00374415
0.00352009 0.00352009 0.00378621
0.00359034 0.00318261 0.00383431
0.00335898 0.00335898 0.00364135
0.00349449 0.00349449 0.00375932
0.00338588 0.00338588 0.00364724
0.00341012 0.00341012 0.00366775
0.00340632 0.00340632 0.00365377
0.00341818 0.00341818 0.00367188
0.00343291 0.00343291 0.00368828
0.00339682 0.00339682 0.00364964
0.00343444 0.00343444 0.00367984
0.00348193 0.00348193 0.00370449
0.00344776 0.00344776 0.00369328
0.00350342 0.00350342 0.00374405
0.00346048 0.00346048 0.00369547
0.00352276 0.00352276 0.00375717
0.00355365 0.00355365 0.00383559
0.00348177 0.00348177 0.00377993
0.00362923 0.00362923 0.0039291
0.0035478 0.0035478 0.00383317
0.00369006 0.00369006 0.00396365
0.00362937 0.00362937 0.00389717
0.00367174 0.00367174 0.00394507
0.00372673 0.00372673 0.00403812
0.00366213 0.00366213 0.00396189
0.00379036 0.00379036 0.00406835
0.00367823 0.00367823 0.00397585
0.00371929 0.00371929 0.00404022
0.00382343 0.00382343 0.00410492
0.00380995 0.00380995 0.00409621
0.0038423 0.0038423 0.00416025
0.00366197 0.00366197 0.00397043
0.00386737 0.00386737 0.00417444
0.003781 0.003781 0.00410319
0.0037586 0.0037586 0.00405186
0.00379297 0.00379297 0.00411118
0.00385766 0.00385766 0.00416739
0.0037926 0.0037926 0.00410645
0.00387296 0.00387296 0.00425339
0.00380498 0.00380498 0.00419882
0.00379854 0.00379854 0.00419518
0.00380824 0.00380824 0.00419977
0.00384913 0.00384913 0.00420558
0.00378838 0.00378838 0.00412713
0.00386027 0.00386027 0.00420804
0.00382642 0.00382642 0.0041623
0.0038855 0.0038855 0.00421311
0.00384976 0.00384976 0.00417772
0.00384955 0.00384955 0.00412087
0.00382704 0.00382704 0.00416756
0.00386045 0.00386045 0.0041833
0.00391042 0.00391042 0.00420901
0.00383455 0.00383455 0.00412266
0.00387721 0.00387721 0.00417298
0.003871 0.003871 0.00417677
0.00379078 0.00379078 0.00409404
0.00372122 0.00372122 0.00401292
0.00375186 0.00375186 0.00403965
0.00378054 0.00378054 0.00409455
0.00371093 0.00371093 0.00403661
0.00375581 0.00375581 0.00405196
0.00370898 0.00370898 0.00398599
0.00372033 0.00372033 0.00400417
0.00373551 0.00373551 0.00401541
0.00367059 0.00367059 0.00393535
0.00370514 0.00370514 0.0039816
0.00387145 0.00387145 0.00417729
0.00384597 0.00384597 0.00416996
0.00373857 0.00373857 0.00406249
0.00376429 0.00376429 0.00404909
0.00376634 0.00376634 0.00405644
0.00368992 0.00368992 0.00395613
0.00372709 0.00372709 0.00401027
0.00373728 0.00373728 0.00402874
0.00378019 0.00378019 0.00406049
0.00374118 0.00374118 0.00403804
0.00381271 0.00381271 0.00410001
0.00378256 0.00378256 0.00406875
0.00386292 0.00386292 0.00410362
0.00385239 0.00385239 0.00413511
0.00380473 0.00380473 0.00410363
0.00388036 0.00388036 0.00419138
0.00387623 0.00387623 0.00420492
0.0039389 0.0039389 0.00427722
0.00399366 0.00399366 0.00431789
0.00396194 0.00396194 0.00429061
0.00400114 0.00400114 0.00431487
0.00395712 0.00395712 0.00428217
0.00403998 0.00403998 0.00438401
0.00407008 0.00407008 0.00439761
0.00402694 0.00402694 0.00437038
0.00415233 0.00415233 0.00450669
0.00414286 0.00414286 0.00447507
0.00420622 0.00420622 0.00453572
0.00423583 0.00423583 0.00458679
0.00427795 0.00427795 0.00462444
0.00433571 0.00433571 0.0046666
0.00430666 0.00430666 0.00464089
0.00444953 0.00444953 0.00481237
0.00439387 0.00439387 0.00478744
0.00443617 0.00443617 0.00482963
0.00451294 0.00451294 0.00488881
0.00442464 0.00442464 0.00477824
0.00450705 0.00450705 0.00499555
0.00452918 0.00452918 0.00498549
0.00449762 0.00449762 0.00504249
0.00460345 0.00460345 0.0051218
0.00465511 0.00465511 0.00516641
0.00456205 0.00456205 0.00509771
0.00470036 0.00470036 0.00522184
0.0046051 0.0046051 0.0051251
0.00469975 0.00469975 0.00520987
0.00474924 0.00474924 0.00521375
0.00458078 0.00458078 0.00506203
0.0047228 0.0047228 0.00517385
0.00463257 0.00463257 0.0050857
0.00472432 0.00472432 0.00515728
0.00470326 0.00470326 0.00519862
0.00464378 0.00464378 0.00514616
0.00460028 0.00460028 0.0050793
0.00462212 0.00462212 0.00510608
0.00450077 0.00450077 0.00495047
0.00455008 0.00455008 0.00502889
0.00446711 0.00446711 0.00494085
0.00452171 0.00452171 0.00499492
0.00445545 0.00445545 0.00487495
