89.8172685048
89.7987384412
89.7981417062
89.8187122084
89.8082669555
89.8089147164
89.8233060861
85.7474614486
83.5833954533
83.5800532366
82.7403777146
82.7520703814
82.7535020513
82.7568948863
82.7878691022
82.8024280026
82.8059140768
82.8114760467
82.8222793125
82.8321105168
82.2066701625
79.3064409315
78.1117913835
77.5608705049
77.1503722564
76.567924151
75.7378080484
76.0825741331
75.6947505371
75.7543674238
75.7616898048
75.773683838
75.7706042449
75.8127816136
74.5197672161
72.0577043958
71.5672128536
71.2532489535
70.7328440242
71.2807534306
70.5282067206
69.7437727024
69.7285360903
69.2707674689
68.8967488435
68.9033490258
68.9521737398
68.9828857896
68.9729893596
68.9950235247
68.9979496858
66.4723693004
64.8924461283
64.3564202969
64.1293701694
63.8768733796
63.4659172219
63.4304343535
63.0033022924
62.1555888194
62.2141951441
62.2143891532
62.2685369475
62.2712052007
62.2606271839
60.5746206443
60.0610911279
59.3275034122
58.3593088826
58.7888097445
58.0758112907
57.5982579051
57.544794554
57.2487094379
56.7627235924
56.8130882032
56.3615783957
55.8492192791
55.5737522242
55.6173966291
55.7063565405
55.7062997347
55.7624669399
54.3767661892
55.2161279378
53.4113755042
51.7922371877
51.8076239884
51.3590316648
51.2883735148
51.1242028169
50.6146762959
50.1463112556
50.1679095968
49.659668038
49.2839902775
49.3298915563
49.2931081718
49.3635915188
49.371313072
49.4608654018
49.5600148982
49.5406952907
48.409995168
46.5891089047
46.5772669381
46.4059677596
46.042650656
46.0471977662
45.8370569647
45.4253452726
45.1477425178
44.6407407084
44.1270408268
44.0893085299
44.1576688924
44.0586821011
44.0339513108
44.1644314379
44.3157873303
43.590768981
42.7322643636
42.0391400753
41.6500144446
40.7260509988
40.3187192947
39.7641922363
38.9034163588
38.564040672
38.5925217105
38.5993099832
38.7075395837
38.4039943467
37.9089183781
37.3049572556
36.8944066275
36.7989292906
36.3122097193
35.8886496332
35.6950296249
34.7764405195
33.8734833018
33.7964038381
33.2960298898
33.2185113469
33.1055987133
33.3144578643
32.9716414778
33.4068397066
33.187242113
32.8502876322
32.2443629788
32.2938062957
31.9636955999
31.8130620798
31.5888088322
31.3652786048
31.0510953331
30.3449690646
29.8081930441
29.52680439
29.4297998874
28.9986672818
28.823270827
29.1095460231
28.8982048548
28.7333374638
28.6924707641
28.7654454626
28.7741586143
28.3928486412
28.6818580382
28.6770200738
28.6548692529
28.659012027
28.6496685669
28.6519471535
28.6261449178
28.6274545104
28.352745589
28.3539835758
28.3455272623
28.345887285
28.3388279097
28.2894061799
28.301140885
27.9695976827
28.067054362
28.174750977
28.3011500978
28.3417699491
28.3203338236
28.2906144189
28.2847338481
28.2784643659
28.1505131046
28.0887985453
28.0800847692
28.1433144615
28.1474554511
28.1624832515
28.170854456
28.1793969501
28.179215364
28.1961080837
28.2129525196
28.1700543751
28.1542021336
28.1796525764
27.8742837587
27.916208691
28.2592329925
27.864975095
27.9010685461
28.2361085077
28.2562086474
28.2358645645
27.9282227179
27.9576564982
27.9556403917
27.9839614823
27.9901177334
28.052915468
27.9088171295
27.93466207
27.9138469194
27.8650362306
27.6153979111
27.6083414915
27.485295044
27.5205208324
27.5249055888
27.5777176187
27.581096279
27.6012353367
27.4303978634
27.4444129851
27.4730393385
27.47506909
27.4939077425
27.1699296594
26.8326554399
26.8428159438
26.8240915039
26.7405113392
26.7437766275
26.7516968672
26.7649119808
26.7496035934
26.7890832527
26.8182622712
26.872569959
26.7156235585
26.7152004929
26.6695590021
26.6571082258
26.6674550049
26.6316306803
26.6321603254
26.6359802268
26.616498639
26.6032744672
26.5719058014
26.5673201396
26.568433141
26.5692647858
26.5189765329
26.5340402038
26.3376383483
26.3366466647
26.072806156
26.0604148057
26.0916963705
25.8917892657
25.9783029457
25.9568726787
25.9504172127
26.0021051795
25.5866826622
25.5641181695
25.4180276509
25.5624569721
25.5187365753
25.2919024409
25.2783081431
25.2239196124
25.2774766787
25.2289683848
25.0178444871
25.032643222
25.0364946234
25.0931504569
25.0094080516
25.0134347067
25.0089749269
24.9766530553
24.9781835529
24.9859065527
25.0281022984
25.0291506691
25.1263539697
25.1307344936
25.2143856438
25.2213810381
25.221082199
25.0498843229
25.0494056712
25.1127989632
25.115824533
25.1084228781
25.199506517
25.2131439938
25.3452726733
25.1988695441
25.2767289658
25.2673353818
25.2553875195
25.3162746779
25.3400611006
25.3543319849
25.3565998669
25.3832791091
25.2887009857
25.3128228589
25.3254746498
25.2992411625
25.2037147767
24.5770717013
24.571941183
24.6035106857
24.6217853835
24.6062160466
24.6154196093
24.4085660759
24.4038674798
24.4181438349
24.3101943377
24.3013766812
24.2831034339
24.2867712452
24.2950780261
23.8812267037
23.7931469695
23.8454624785
23.5244531282
23.5457429442
23.5127836669
23.4679682523
23.4281528226
23.4290977726
23.4334963479
