89.620103344
89.593259042
89.5909229506
89.7051460178
89.6993992085
89.7284559072
87.8836361226
84.3221264505
83.7042064892
83.3381755774
82.5230982267
82.5311802301
82.5290045452
82.525271609
82.5551158469
82.5584564359
82.5615184866
82.5680022102
82.5741835066
82.5856873063
80.3782321262
80.0840684417
79.8340918641
79.0877405772
77.3457401582
76.698345189
75.8642050328
75.4985684631
75.5035740916
75.490329066
75.4989416447
75.5352624937
75.4931089167
75.4110194519
74.6631369737
72.3913985513
72.0157653289
71.2501359526
70.4324798442
70.3804814097
69.7624182405
68.9304175272
68.544329982
68.5399519992
68.666112938
68.6835291613
68.6698300842
68.6654576587
68.6347634829
68.8791455405
68.8998676699
68.8858031225
66.2087290142
64.8567748196
64.5757666024
63.8834951312
63.0852459593
62.6574081919
62.2841653137
62.2855378783
62.2041983696
62.2006750515
62.2081890471
62.2093040852
62.215625945
62.2382509307
62.2429816874
62.2815866267
62.3228513605
61.4946696219
58.3583619781
57.6304340771
57.6099158824
57.3439074211
56.8592143903
56.8290222642
56.3874605365
55.520342749
55.6179587383
55.486584364
55.5345127383
55.5587953111
55.5787001591
55.6641283191
55.6690300456
55.7343311413
53.7633083404
54.3106158151
51.9279088782
51.3030191951
51.3191126033
51.0682869507
50.5987940478
50.6748554109
50.1975059967
49.3027632389
49.3370111146
49.2439051362
49.2890190808
49.3114921076
49.3081418183
49.3634213707
49.397321877
49.4898423665
49.5535201823
49.5709555194
47.3363352854
46.5686158853
46.3805248127
46.0252784739
45.8242067324
45.8335525032
45.202483116
44.7120550724
44.1715623005
44.2972095338
44.2327357934
44.1206982438
44.1311941397
44.20077016
44.3510436238
43.9058052507
42.4744639096
42.1930705981
41.6329718977
40.4742993135
39.6207771249
39.2994506533
39.033091822
38.5022515371
38.6115125098
38.5710059273
38.721681623
38.7677611881
38.1211558693
37.8596255857
37.6456287197
37.4605680977
37.503140643
36.7365644258
36.7388035714
36.5618981274
36.3761120106
35.7349508406
34.6397773664
34.5053961459
34.2302339655
34.361028225
34.6279338187
34.2120655243
33.5083652188
33.4555002034
33.5132446971
33.7173452202
33.4886049681
33.4920417512
33.216519441
32.3918494181
32.4223688447
32.2614137612
32.3324139301
32.2117324501
32.2266778618
31.8665779371
31.8210120224
31.5121530322
31.4246507096
31.2773401526
31.4801076782
31.2293853588
31.150373868
31.3589352531
31.2226064993
31.1800258403
31.5497667686
31.1090522566
30.7397194496
30.2104250919
29.9140279937
30.1624846047
29.6807371173
29.7727981171
29.4177295117
28.9314996381
29.3004333822
29.2548852958
29.0135829018
28.7818317824
29.0584200814
29.4177086228
30.2867345947
29.9765670352
29.6931968226
29.3619270646
28.7988526014
29.6236466018
29.1334022622
28.8852483457
28.6976036468
29.07911302
28.9091770705
28.8370051168
28.6404660486
28.8406155488
29.2741235676
29.2526071775
28.8341407161
28.7533804311
28.659319817
28.3658461905
28.3605992697
28.728894342
28.8271432824
28.7903331335
28.775419532
28.7964981822
28.6913986879
28.6910728063
28.6729456488
28.6925132408
28.690913115
28.3847263303
28.3875373376
28.3791567019
28.3773397223
28.340605574
28.071839595
28.1163451261
28.0935412673
28.0254222919
27.9812635393
27.9714985324
28.0373033818
28.0340242606
28.0615687864
28.0521476342
27.9449325062
27.9784127497
27.9287437403
27.9863563193
28.0582683769
28.1307018822
28.1145057347
28.522359637
28.0649285869
28.0343612172
28.1311742121
28.1784775888
28.2411047686
27.8786009719
28.1980527063
28.2166635575
27.8298107409
27.8522784611
27.9033393547
27.9103839394
27.8197600692
27.8221288658
27.8663545501
27.6301024493
27.8556160528
27.6278795116
27.5976446113
27.4813720474
27.4947201768
27.5042645417
27.5061767277
27.5531500213
27.5590560292
27.4224407523
27.4245101203
27.4671568399
27.4645914242
27.4686162564
27.4661416494
27.1477578744
27.1668802944
26.8460358087
26.8814068947
26.8656873241
26.8370784763
26.7907639989
26.7563430658
26.7588005911
26.8245059485
26.7589225809
26.770108706
26.8299082349
26.8665419315
26.8514463496
26.8915165676
26.8266041077
26.8368980509
26.8349845004
26.6659690408
26.6534695263
26.6298476716
26.6157167164
26.6208722568
26.6190670176
26.5861936424
26.5859456494
26.5557299634
26.5534694028
26.5572060338
26.5378048
26.5148228117
26.5193747939
26.4596664263
26.455448962
26.4612664452
26.2756603759
26.1365378811
25.8509132346
25.8265935263
25.7932472185
25.7866973656
25.7901358694
25.7895660363
25.765197657
25.7613524442
25.1395224627
25.0449670577
25.036355433
25.0431698378
25.0133229182
25.0101189561
25.0134342388
24.9869723226
24.9818683286
24.9454005035
24.9947692303
24.9602120252
24.9156751412
24.8917465845
24.8996630179
24.9020983969
24.8864098556
24.8857540365
24.9013838692
24.9092453507
24.8944242327
24.7622324688
24.7884953255
24.7889889303
24.770308801
24.8685869249
24.8561544664
24.8606606892
24.9457223187
24.9467064472
