1.08653 1.08441 1.08549
1.08525 1.08302 1.0863
1.08163 1.08677 1.08439
1.07895 1.08057 1.08191
1.08079 1.08379 1.08506
1.093 1.08633 1.08571
1.08327 1.08529 1.08327
1.08403 1.08693 1.08744
1.08379 1.08447 1.08842
1.09013 1.08306 1.08551
1.09334 1.08104 1.08344
1.08482 1.07965 1.08371
1.0823 1.08251 1.08492
1.07409 1.07525 1.07334
1.08025 1.07179 1.0765
1.0816 1.0753 1.0771
1.07967 1.08088 1.08369
1.088 1.07465 1.08283
1.06804 1.06958 1.07038
1.0691 1.06912 1.07016
1.06784 1.06658 1.06733
1.06683 1.05962 1.0652
1.06604 1.07051 1.07021
1.05549 1.06949 1.06959
1.08276 1.06817 1.06901
1.0722 1.0831 1.08796
1.06503 1.08589 1.07993
1.09677 1.08104 1.0797
1.13131 1.10706 1.10489
1.094 1.10863 1.11198
1.09874 1.12014 1.11559
1.07321 1.08848 1.08785
1.0718 1.08949 1.08785
1.10182 1.08824 1.08865
1.09349 1.1044 1.10981
1.08976 1.1135 1.10743
1.09091 1.10587 1.1041
1.06957 1.0905 1.08464
1.08451 1.10084 1.09789
1.10459 1.09653 1.09349
1.08707 1.11183 1.1105
1.10171 1.12377 1.11298
1.10122 1.11698 1.11254
1.08581 1.10818 1.09775
1.09297 1.12276 1.11954
1.1183 1.10956 1.10656
1.1127 1.11891 1.12493
1.13899 1.12436 1.11718
1.10764 1.12459 1.11738
1.08591 1.11057 1.10319
1.10166 1.11058 1.11259
1.11111 1.11989 1.1154
1.09417 1.10984 1.10762
1.0981 1.11205 1.11
1.13183 1.11788 1.11277
1.1311 1.14047 1.1411
1.13246 1.14181 1.14269
1.13077 1.15384 1.14493
1.11699 1.1249 1.12118
1.10248 1.12431 1.12487
1.11948 1.13285 1.12727
1.10015 1.1249 1.11629
1.11281 1.13357 1.1278
1.11566 1.13694 1.13108
1.10079 1.11184 1.10762
1.13423 1.11591 1.11157
1.09542 1.12111 1.11494
1.06818 1.09042 1.08944
1.08778 1.08487 1.09044
1.07761 1.09948 1.09258
1.05609 1.07816 1.07344
1.06911 1.10162 1.08481
1.09812 1.08547 1.0814
1.08834 1.09466 1.10238
1.10391 1.09925 1.08804
1.10626 1.09501 1.08577
1.13373 1.12288 1.11314
1.11588 1.12298 1.12921
1.11698 1.13624 1.1305
1.09852 1.11003 1.11126
1.1262 1.1147 1.10989
1.10209 1.11131 1.11586
1.08557 1.10425 1.10045
1.12833 1.11974 1.11854
1.13194 1.13834 1.13649
1.09262 1.10098 1.10004
1.14092 1.11809 1.16705
1.11781 1.14565 1.14454
1.11794 1.12473 1.1257
1.11464 1.14012 1.13697
1.11445 1.14182 1.13775
1.08845 1.11801 1.11395
1.09132 1.11776 1.11389
1.12149 1.13742 1.12605
1.12808 1.13581 1.12773
1.15614 1.15563 1.14444
1.13234 1.16358 1.15259
1.11361 1.13776 1.13008
1.16069 1.16253 1.14807
1.13844 1.17048 1.15573
1.11348 1.14324 1.13532
1.13228 1.1612 1.15041
1.13632 1.16239 1.1575
1.11521 1.14189 1.13134
1.14187 1.15867 1.151
1.13159 1.16192 1.15817
1.10561 1.13656 1.12726
1.13199 1.14993 1.14589
1.16654 1.15358 1.1503
1.19319 1.17821 1.17768
1.16197 1.18407 1.17907
1.16823 1.19247 1.17998
1.14922 1.17031 1.16484
1.15604 1.17739 1.17124
1.14816 1.18226 1.1694
1.19368 1.1989 1.18664
1.1756 1.20758 1.19538
1.18355 1.2033 1.19582
1.19341 1.21632 1.20806
1.19337 1.20529 1.21021
1.19623 1.22 1.21171
1.21611 1.23002 1.22358
1.206 1.22194 1.22312
1.21389 1.22996 1.21999
1.20375 1.23466 1.22068
1.23008 1.24276 1.24372
1.23455 1.25529 1.25209
1.24969 1.27136 1.26772
1.25192 1.28566 1.2764
1.27559 1.30241 1.29999
1.29293 1.322 1.31205
1.27329 1.30216 1.29789
1.28654 1.32445 1.31493
1.30202 1.33754 1.33078
1.32543 1.35042 1.34996
1.33802 1.34902 1.36857
1.36002 1.36185 1.38512
1.3359 1.34952 1.36629
1.32901 1.35652 1.35486
1.34164 1.35263 1.36949
1.33286 1.33844 1.36024
1.34675 1.35399 1.37296
1.33088 1.34148 1.35952
1.3515 1.35505 1.37187
1.33414 1.33906 1.3585
1.34313 1.34887 1.3669
1.35521 1.35909 1.37477
1.34162 1.34578 1.36315
1.3488 1.35722 1.37575
1.32947 1.36105 1.35125
1.33829 1.34119 1.36274
1.32124 1.35228 1.34547
1.3366 1.34026 1.35808
1.32315 1.35194 1.34587
1.32682 1.33453 1.35418
1.33659 1.34244 1.35998
1.32295 1.35714 1.34579
1.35845 1.36073 1.37916
1.37817 1.37946 1.3972
1.36372 1.36856 1.38505
1.37246 1.37755 1.39328
1.35422 1.36325 1.38044
1.36756 1.37512 1.39088
1.35155 1.3614 1.38085
1.36919 1.3732 1.39337
1.38601 1.38492 1.40424
1.36499 1.36859 1.38187
1.36294 1.36877 1.38487
1.34171 1.34398 1.36579
1.32631 1.35102 1.33639
1.31588 1.33611 1.34091
1.32968 1.33176 1.34875
1.31243 1.32712 1.33159
1.31671 1.32235 1.3377
1.29436 1.33504 1.32124
1.30325 1.33376 1.32835
1.35518 1.3578 1.34383
1.32794 1.35912 1.35248
1.34473 1.34516 1.36073
1.35101 1.35527 1.34649
1.33109 1.33669 1.3533
1.34144 1.34453 1.36099
1.35454 1.35648 1.34373
1.35695 1.35837 1.34774
1.35386 1.35293 1.36929
1.36168 1.361 1.37318
1.36146 1.36299 1.37738
1.35669 1.35669 1.3603
1.35058 1.35285 1.36387
1.34966 1.35364 1.34994
1.35074 1.35074 1.35377
1.35083 1.35083 1.35405
1.34225 1.35134 1.35404
1.34652 1.34735 1.35832
1.35332 1.35508 1.34359
1.35726 1.35762 1.34625
1.35548 1.3556 1.3699
1.36125 1.36124 1.37293
1.35422 1.35422 1.35634
1.35683 1.34534 1.35863
1.35099 1.35367 1.34033
1.35313 1.35703 1.34342
1.3552 1.3533 1.36894
1.36026 1.35788 1.37198
1.3502 1.34116 1.35208
1.35208 1.35208 1.35367
1.35463 1.35463 1.3564
1.34699 1.35531 1.35704
1.35863 1.35863 1.36041
1.35872 1.35872 1.36055
1.36145 1.35242 1.36317
1.36291 1.35846 1.34874
1.35559 1.36049 1.35103
1.35752 1.36077 1.37164
1.36457 1.36331 1.37572
1.35833 1.35833 1.35986
1.3577 1.3577 1.35942
1.36002 1.36002 1.36169
1.36007 1.36007 1.36144
1.35474 1.35255 1.36442
1.35671 1.3573 1.36737
1.34971 1.34971 1.35109
1.35097 1.35097 1.35235
1.3515 1.3515 1.35264
1.35424 1.35424 1.35558
1.35491 1.35491 1.3564
1.35768 1.35768 1.35909
1.3579 1.3579 1.35942
1.36076 1.36076 1.3623
1.36124 1.36124 1.36244
1.36403 1.36403 1.36558
1.36412 1.36412 1.36588
1.36721 1.36721 1.36875
1.3675 1.3675 1.36904
1.37018 1.37018 1.37169
1.3735 1.3735 1.37502
1.37411 1.37411 1.37574
1.37716 1.36802 1.37885
1.36426 1.36426 1.36528
1.35905 1.36759 1.36853
1.35946 1.36774 1.36865
1.36031 1.36107 1.37123
1.35647 1.35647 1.35776
1.35802 1.35802 1.35914
1.35951 1.35951 1.36072
1.36024 1.36024 1.36143
1.36045 1.36045 1.36175
1.35452 1.35426 1.36366
1.3469 1.3469 1.34827
1.34352 1.34377 1.34822
1.34858 1.3523 1.34311
1.35205 1.35103 1.34589
1.34585 1.34637 1.35719
1.34766 1.34656 1.36038
1.34937 1.345 1.34099
1.34161 1.34418 1.34225
1.34062 1.34678 1.34441
1.34968 1.34968 1.35084
1.35299 1.35299 1.35397
1.35291 1.35291 1.35383
1.35568 1.35568 1.35678
1.356 1.34572 1.3571
1.34722 1.35801 1.35895
1.36072 1.36072 1.36165
1.35118 1.35222 1.36222
1.3553 1.3523 1.3639
1.35958 1.35461 1.34682
1.35692 1.35927 1.34699
1.35393 1.35273 1.36512
1.35806 1.35834 1.36821
1.36133 1.36031 1.37089
1.35584 1.35584 1.35652
1.35615 1.35615 1.35696
1.35607 1.35607 1.35681
1.35828 1.35828 1.35901
1.35863 1.35863 1.35932
1.36066 1.36066 1.36162
1.36118 1.36118 1.36207
1.361 1.361 1.36189
1.36278 1.36278 1.36395
1.36309 1.36309 1.36411
1.36487 1.36487 1.36555
1.36732 1.3603 1.3682
1.35369 1.35369 1.35461
1.35275 1.35275 1.35365
1.35268 1.35268 1.35347
1.35509 1.35509 1.35594
1.35595 1.35595 1.35676
1.35774 1.35774 1.35859
1.35811 1.35811 1.35905
1.36009 1.36009 1.36096
1.36221 1.36221 1.3632
1.36283 1.36283 1.36373
1.36459 1.36459 1.36559
1.36495 1.36495 1.36597
1.36659 1.36659 1.36772
1.36808 1.36808 1.36915
1.36019 1.36884 1.37008
1.37188 1.37188 1.37303
1.37273 1.37273 1.37389
1.37499 1.37499 1.37594
1.37499 1.37499 1.376
1.37663 1.37663 1.37772
1.3768 1.3768 1.37791
1.37899 1.37899 1.38007
1.37889 1.37889 1.37978
1.38116 1.38116 1.38221
1.38373 1.38373 1.38481
1.38402 1.38402 1.3851
1.38639 1.38639 1.38734
1.38647 1.38647 1.38766
1.38899 1.38899 1.38995
1.38923 1.38923 1.39023
1.39119 1.39119 1.39222
1.39144 1.39144 1.39234
1.39159 1.39159 1.39247
1.39364 1.39364 1.39467
1.39635 1.39635 1.39697
1.3969 1.3969 1.39754
1.39901 1.39901 1.40022
1.39935 1.39935 1.40048
1.40177 1.40177 1.40262
1.40405 1.40405 1.40485
1.40397 1.40397 1.40472
1.40573 1.40573 1.40665
1.40602 1.40602 1.40704
1.40809 1.40809 1.40811
1.40919 1.40919 1.40968
1.40937 1.40937 1.4098
1.41107 1.41107 1.41104
1.4119 1.4119 1.41214
1.41361 1.41361 1.41387
1.41603 1.41603 1.41626
1.4183 1.4183 1.41868
1.42109 1.42109 1.42136
1.42262 1.42262 1.42296
1.42498 1.42498 1.42533
1.42583 1.42583 1.42612
1.42813 1.42813 1.42825
1.4291 1.4291 1.42938
1.4314 1.4314 1.43162
1.43312 1.43312 1.43332
1.43526 1.43526 1.43488
1.43742 1.43742 1.43709
1.43851 1.43851 1.43809
1.44051 1.44051 1.44011
1.44157 1.44157 1.44121
1.44349 1.44349 1.4432
1.44456 1.44456 1.44425
1.44647 1.44647 1.44695
1.44784 1.44784 1.44825
