0.00328029 0.00377002 0.00326095
0.0020035 0.00187971 0.00183294
0.00450202 0.00268388 0.00264084
0.00494597 0.00401457 0.00353757
0.00521716 0.00472878 0.00435256
0.00406751 0.00294389 0.00253197
0.00281413 0.00251342 0.0012487
0.00380498 0.00217597 0.0016041
0.00200481 0.00229431 0.00177089
0.00277977 0.00210069 0.00145111
0.00463806 0.00299419 0.00209856
0.00305982 0.00230075 0.00211149
0.0035019 0.00225112 0.0021388
0.00243188 0.00291198 0.00274609
0.00302978 0.0021911 0.00205649
0.00284582 0.00165449 0.00152233
0.00279766 0.00209927 0.0018222
0.00261579 0.00212897 0.00151118
0.00160447 0.00194435 0.00135719
0.00164898 0.00169308 0.00132751
0.00149351 0.00157635 0.00118764
0.00121569 0.00170172 0.00127697
0.00181798 0.00158068 0.00116156
0.00143334 0.00165429 0.00112699
0.00154519 0.00158749 0.00117789
0.0013143 0.00163692 0.00121093
0.00183425 0.00156556 0.0014479
0.00179266 0.00166107 0.00143703
0.00290485 0.00184446 0.00164244
0.00187951 0.00151291 0.00130064
0.00210095 0.00170016 0.00146712
0.00237845 0.00191591 0.00187594
0.0025758 0.0019333 0.00171726
0.0024022 0.00223544 0.00200401
0.00146216 0.00139375 0.00147271
0.00143707 0.00160872 0.00138796
0.00240548 0.00240438 0.00167448
0.00323273 0.00317238 0.0028515
0.00228538 0.00213991 0.00166457
0.00238646 0.00138881 0.00100998
0.00192452 0.00149973 0.00155676
0.00245874 0.00161383 0.00150017
0.00283168 0.00254283 0.00223899
0.00217692 0.00229129 0.00224966
0.00215683 0.00182998 0.00171033
0.00220087 0.00195018 0.00185704
0.00248233 0.00211077 0.00205582
0.00151627 0.00172443 0.00154084
0.00201779 0.00254585 0.00228798
0.00165069 0.00173269 0.0015674
0.00149689 0.00152716 0.00127383
0.00163604 0.00189719 0.00162962
0.00192253 0.0021239 0.00190713
0.00206462 0.00212813 0.00182296
0.00234254 0.00254154 0.00203741
0.00183863 0.0027547 0.00222592
0.00203462 0.00264647 0.0022758
0.00182207 0.00251536 0.00207441
0.00201904 0.00195414 0.00187414
0.00155591 0.00196751 0.00181776
0.00194053 0.00269089 0.0023688
0.00188621 0.00205348 0.0020434
0.00167792 0.00188085 0.00162392
0.00216858 0.00235152 0.00197046
0.0019678 0.00273628 0.00245021
0.00187453 0.00273538 0.00237571
0.00169623 0.00290453 0.00237473
0.00176292 0.00235039 0.00193105
0.00148014 0.00229608 0.0018845
0.00239328 0.00314759 0.00267361
0.00202003 0.00319417 0.00271212
0.00171116 0.00249066 0.00222694
0.0021432 0.00235985 0.00203332
0.00187775 0.00297798 0.00252472
0.00173024 0.0028122 0.00299332
0.00220697 0.00318275 0.00289414
0.00195121 0.00308677 0.00297618
0.00181291 0.00288964 0.00268242
0.00250124 0.00252178 0.00268284
0.00176111 0.00298532 0.00287156
0.00212094 0.00240426 0.00198826
0.00243149 0.00237843 0.00232254
0.00205068 0.00266917 0.00235979
0.00260223 0.00312842 0.00322126
0.0025344 0.00355765 0.00365075
0.00257211 0.00333284 0.00332114
0.00199637 0.00328008 0.00317096
0.00243703 0.0033329 0.00349878
0.0023417 0.00338803 0.0033764
0.00243999 0.00338853 0.00309664
0.00209349 0.00373256 0.0034678
0.0021071 0.0034548 0.00303167
0.00189972 0.00361607 0.00302037
0.00226561 0.00350633 0.00326523
0.00198142 0.00352769 0.00301517
0.00244429 0.0037961 0.00338098
0.00229873 0.00391107 0.00385403
0.0021333 0.00380811 0.0036457
0.00239092 0.00406486 0.00380738
0.00292063 0.00439084 0.00430129
0.00257984 0.00419677 0.00424888
0.00280616 0.00455485 0.00450097
0.00318051 0.00484173 0.00481186
0.0026092 0.00421857 0.0044218
0.00251441 0.00461647 0.00428677
0.00293843 0.00474834 0.00445225
0.00309682 0.00480377 0.00434069
0.00299237 0.00418761 0.00408967
0.00323054 0.00424757 0.00404302
0.00314865 0.00366091 0.00391177
0.00253382 0.00423334 0.00366307
0.00265196 0.00374346 0.0037869
0.00222156 0.00400938 0.00348429
0.0029032 0.00351658 0.00349612
0.00302279 0.00434815 0.00372841
0.00268663 0.00398912 0.00357097
0.00258465 0.00399798 0.00372733
0.00245703 0.00407103 0.0038976
0.00239574 0.0037453 0.00391452
0.00231625 0.00295755 0.00275564
0.00211576 0.00322957 0.00304113
0.00240241 0.00416546 0.00384231
0.00322706 0.00479432 0.00458586
0.00419866 0.00516079 0.00493631
0.00369712 0.00527575 0.00503507
0.00397925 0.00392815 0.00548555
0.00399003 0.00526003 0.0052309
0.00382973 0.00429837 0.00558725
0.00375503 0.00513935 0.00527357
0.00380877 0.00425369 0.00553745
0.0034907 0.0045262 0.00519834
0.00345253 0.00472903 0.00508548
0.00375233 0.00478725 0.00513416
0.0037782 0.00551641 0.00550498
0.00382503 0.00515474 0.00584052
0.00412263 0.00526122 0.00571035
0.00402254 0.00593037 0.00567194
0.00437794 0.00516521 0.00576743
0.00400113 0.00555473 0.00566951
0.00390536 0.00543232 0.00556552
0.0041001 0.00562311 0.00540722
0.00409014 0.00548748 0.00563516
0.00380544 0.00471168 0.00564732
0.00437153 0.0051035 0.00559577
0.0048994 0.00542375 0.0059809
0.00485184 0.00476157 0.00610154
0.00457845 0.00472707 0.00609065
0.00408968 0.00604958 0.00572884
0.00415378 0.0058705 0.00585123
0.00394467 0.00547566 0.00550384
0.00418388 0.00584193 0.00556987
0.00371752 0.00556748 0.00545848
0.00464481 0.00471747 0.00571869
0.0042 0.00482999 0.00546697
0.00381559 0.00575821 0.00549705
0.00342107 0.00432963 0.00481874
0.00302379 0.00427066 0.00415141
0.00368491 0.00375231 0.00432698
0.00335912 0.00511867 0.00479561
0.00401655 0.00404096 0.00486214
0.00340555 0.00400704 0.00478405
0.0035716 0.00511653 0.00477357
0.00396998 0.00435392 0.00506682
0.00310669 0.00490971 0.00421977
0.00379186 0.00467227 0.00497062
0.00357558 0.00378572 0.00468132
0.00375186 0.00473525 0.00470472
0.004259 0.00461969 0.00520953
0.00334597 0.00454994 0.0046201
0.00330372 0.00436098 0.00456923
0.00360496 0.0042645 0.00478457
0.00327778 0.00500942 0.00467292
0.00350456 0.00472277 0.00485501
0.00390922 0.00442532 0.00515979
0.0038548 0.00432588 0.00489943
0.00357037 0.0041843 0.00478979
0.00407836 0.00399888 0.00475087
0.00363186 0.00438973 0.00426695
0.00335078 0.00348162 0.00397332
0.00368041 0.00419063 0.00374405
0.00378282 0.00380127 0.00390361
0.00364765 0.00355149 0.00354431
0.00317709 0.00447721 0.00354688
0.00316914 0.00347172 0.00403036
0.00334076 0.0037359 0.00342718
0.00324037 0.00391831 0.00399944
0.00396474 0.00403724 0.00363964
0.00416233 0.00434571 0.00353105
0.00372108 0.00471622 0.0037909
0.00358454 0.00427193 0.00384655
0.00293415 0.00402434 0.00401315
0.00367275 0.00378435 0.00340042
0.0037588 0.00418156 0.00381827
0.00357042 0.00453674 0.00422054
0.00339539 0.00347709 0.00447474
0.00323585 0.00325975 0.00403014
0.00408256 0.00427942 0.00372527
0.00437257 0.0041848 0.00408696
0.00306338 0.00364352 0.00421526
0.0030914 0.00354242 0.00377407
0.00318601 0.00373006 0.00399023
0.00317684 0.00407077 0.00375101
0.00338064 0.00344765 0.00415701
0.00327119 0.00417314 0.00369818
0.00320783 0.00349991 0.00430393
0.00365602 0.00414617 0.00405413
0.00402604 0.00487122 0.0042232
0.00369897 0.0036701 0.00439057
0.00341431 0.00468724 0.00414618
0.00377601 0.00455127 0.0037651
0.0037249 0.00461903 0.00413447
0.00401904 0.00442924 0.00386615
0.00362279 0.00339251 0.00409758
0.00291646 0.00321061 0.00379001
0.00427677 0.00450094 0.00407454
0.00308949 0.00301395 0.00396408
0.0028228 0.00308404 0.00394302
0.00333163 0.00437556 0.00383066
0.00423077 0.0043181 0.00394707
0.00297461 0.00310467 0.0037855
0.0033587 0.00384553 0.00356346
0.00390469 0.00407012 0.0039547
0.00331256 0.00400251 0.00368559
0.00393384 0.00325042 0.0039608
0.00356599 0.00411086 0.00359408
0.00386734 0.00421182 0.00407203
0.00381507 0.00351314 0.00369606
0.00352086 0.00414925 0.00379659
0.00298308 0.00300985 0.00401653
0.00384794 0.00398401 0.00358131
0.00348055 0.00372337 0.00419121
0.00385529 0.0041657 0.00375347
0.00345326 0.00401007 0.00385005
0.00325052 0.00310032 0.00403953
0.0039382 0.00408974 0.00359983
0.00353785 0.00376011 0.00383176
0.00395069 0.00414279 0.00362138
0.0031513 0.00319224 0.00397536
0.00353646 0.00373442 0.00351544
0.00321822 0.00343343 0.0039398
0.00299344 0.00318821 0.00388654
0.00404779 0.00425286 0.00364923
0.00342609 0.00365149 0.00415817
0.00261421 0.00281364 0.00367093
0.00276108 0.00303601 0.00395323
0.00357131 0.00413328 0.00352676
0.00372291 0.0040289 0.00395009
0.00340983 0.00368387 0.00366433
0.00327773 0.00382701 0.00376893
0.00387546 0.00360992 0.0037161
0.0034744 0.00316936 0.00394703
0.00414801 0.00419609 0.00377697
0.00396569 0.0039854 0.00385918
0.00323597 0.00340908 0.00398059
0.00293203 0.00304458 0.00371734
0.00385536 0.00427696 0.00367753
0.00351349 0.00374714 0.00399817
0.00323857 0.00280508 0.00373089
0.00339461 0.0041658 0.00344277
0.00383431 0.00436561 0.004026
0.00276486 0.00354059 0.00362307
0.00393769 0.00418497 0.00364911
0.00346869 0.00417826 0.00397967
0.00405556 0.00444499 0.00394642
0.00309205 0.00389965 0.00392845
0.00377585 0.00374518 0.00380981
0.00379403 0.00370817 0.00385202
0.00338193 0.00353404 0.00400154
0.00410878 0.0039306 0.00393058
0.00367665 0.0035378 0.00416237
0.00334608 0.00317578 0.00409587
0.00354884 0.00354884 0.00381979
0.00374838 0.00374838 0.00398674
0.00355862 0.00355862 0.00382207
0.00348246 0.00333357 0.00383245
0.00405049 0.00431513 0.00380919
0.00379701 0.00371476 0.00363079
0.00345141 0.00345141 0.0036998
0.00360382 0.00360382 0.00385747
0.0035434 0.0035434 0.00381937
0.00360852 0.00360852 0.00384916
0.00360683 0.00360683 0.00385093
0.0033317 0.00347154 0.00385134
0.00361894 0.00361894 0.00386295
0.00356267 0.00356267 0.00380225
0.00360529 0.00291232 0.0038455
0.00369106 0.00433645 0.00371965
0.00365585 0.00424716 0.00383293
0.00351873 0.00351873 0.00377679
0.00358999 0.00358999 0.00384424
0.00357173 0.00324587 0.00382414
0.00411127 0.00423207 0.00378671
0.00400276 0.00431922 0.00381583
0.00353273 0.00353273 0.00376706
0.00363787 0.00363787 0.00384954
0.00366616 0.00366616 0.00388603
0.00371985 0.00371985 0.00392128
0.00362964 0.00362964 0.0038415
0.00371342 0.00371342 0.00390603
0.00369364 0.00369364 0.00390786
0.00370122 0.00370122 0.0039053
0.0037689 0.0037689 0.00397711
0.00363459 0.00363459 0.00384205
0.00370918 0.00370918 0.00392454
0.00372607 0.00372607 0.00396088
0.003598 0.003598 0.00382559
0.00367255 0.00367255 0.0039038
0.00372084 0.0030082 0.00394461
0.00360744 0.00360744 0.00387669
0.00369048 0.00369048 0.00397351
0.00364093 0.00364093 0.00390366
0.00374592 0.00374592 0.00401207
0.00363732 0.00363732 0.00389466
0.00370733 0.00370733 0.00396204
0.00371809 0.00371809 0.00398361
0.00367617 0.00367617 0.00393376
0.00371646 0.00371646 0.00398398
0.00372279 0.00372279 0.0039881
0.00373218 0.00373218 0.00397397
0.00366419 0.00366419 0.00391736
0.00375124 0.00375124 0.00399567
0.00374846 0.00374846 0.00399121
0.0037702 0.0037702 0.00401758
0.00370317 0.00370317 0.00394598
0.00378034 0.00378034 0.0040177
0.0037496 0.0037496 0.00396347
0.0036555 0.0036555 0.00386781
0.00372701 0.00372701 0.00394488
0.00373754 0.00373754 0.00395226
0.00371082 0.00371082 0.00392515
0.00373733 0.00373733 0.00397138
0.00366196 0.00366196 0.00389285
0.00370542 0.00370542 0.00396182
0.00374169 0.00374169 0.00396073
0.00378164 0.00378164 0.00401135
0.00365756 0.00365756 0.00389533
0.00371511 0.00371511 0.00394811
0.00371646 0.00371646 0.00395455
0.00375934 0.00375934 0.00397374
0.0036651 0.0036651 0.00390045
0.00371979 0.00371979 0.00394465
0.00372311 0.00372311 0.00392759
0.00373424 0.00373424 0.00393936
0.00369304 0.00369304 0.00388843
0.00373933 0.00373933 0.00392918
0.00374437 0.00374437 0.0039364
0.00373227 0.00373227 0.00392531
0.00377459 0.00377459 0.00399282
0.00373439 0.00373439 0.0039348
0.00377505 0.00377505 0.00396839
0.00383955 0.00383955 0.00403853
