70.118691761
70.1050653346
70.0616536113
69.9792589898
69.9121941881
69.817432313
69.7921521205
69.7190570203
69.6097678193
69.5547236041
69.4592678877
69.3450427827
69.235568778
69.1146753273
68.9826649688
68.8624313151
68.7265388301
68.5693861188
68.5054089644
68.3704321533
68.2241600642
68.0768578668
67.9093579295
67.7359004194
67.5516449951
67.3565734906
67.1569094867
67.0291507272
66.8510404852
66.6503038415
66.5216280329
66.3455547522
66.1409069385
66.0147009878
65.815358239
65.5980132499
65.4488694538
65.2498522263
65.0145032345
64.8136365455
64.5657232532
64.3060560415
64.1078115628
63.8502174773
63.5807929674
63.3486134122
63.0968274749
62.8112824168
62.5951263995
62.3471333205
62.050883751
61.84649377
61.5727241995
61.284483271
61.0376913734
60.7356791071
60.4442547546
60.2278005804
59.9588018751
59.6496355385
59.3695933615
59.0651039673
58.7536282671
58.4701198967
58.1638167387
57.8656210642
57.5948742228
57.2975807567
57.0012981941
56.7235090301
56.4280271422
56.1256463202
55.8655002516
55.577363621
55.2727918318
55.0074328773
54.7409680379
54.4655898119
54.2013348453
53.9010553504
53.6060415004
53.3330974724
53.042205944
52.7519664599
52.4830209479
52.1903983487
51.8961922209
51.627946555
51.3420964973
51.0616836514
50.7894094552
50.5074449471
50.2381885898
49.9685856309
49.6771338498
49.4011216147
49.2035827925
49.0415003797
48.8179863141
48.6540728019
48.4599310705
48.2417043996
48.0735458661
47.9268357219
47.7392423059
47.5599326839
47.4105068566
47.2156621192
47.0642382375
46.8947219748
46.7054142761
46.5639350942
46.4729941285
46.3117630152
46.1393505751
46.0325708215
45.9077238419
45.7510632487
45.5803309468
45.5017367121
45.3693606032
45.2461602346
45.0906139208
44.9714154575
44.821036647
44.7303767767
44.5863061288
44.4597805915
44.3073153829
44.1840190223
44.0650642159
43.9171753469
43.7565981361
43.6441700287
43.505750416
43.3637656542
43.2125565427
43.0948133461
42.9495267549
42.8078308766
42.6540643098
42.4935426344
42.36792319
42.2526252653
42.1091860088
42.0213469769
41.894046504
41.8063435148
41.684121003
41.5421849569
41.4167248999
41.2862703522
41.1843726815
41.0541789094
40.9194300055
40.7872893204
40.6611820382
40.5411374279
40.4108229508
40.2792164733
40.167354146
40.0353413317
39.9581128244
39.8516592069
39.7346129945
39.6097822458
39.514196811
39.3941744986
39.2590339453
39.1634883554
39.0712257891
38.9522631563
38.8060821285
38.6593138806
38.5630589568
38.4588731031
38.3308387403
38.2006030721
38.0756744858
37.9294818948
37.7897051612
37.6585296361
37.5049891417
37.3712740581
37.2497423813
37.1169823983
36.9881363833
36.8487775738
36.7264896622
36.6016746132
36.4939904228
36.3971383923
36.2909891004
36.1792919363
36.0367640694
35.8958604006
35.7936933798
35.7318871177
35.6299653713
35.5442946811
35.4310397355
35.3311666452
35.2158584056
35.122264304
35.05505262
34.9520487368
34.8882637042
34.7980283906
34.7224994433
34.6997632212
34.6327386994
34.5599101499
34.5207238632
34.4436451248
34.3723665092
34.2963977332
34.2004026259
34.1062340212
34.0353496346
33.9780816295
33.8982446221
33.8113133185
33.7176065897
33.6437344824
33.5641591396
33.4817749712
33.4117260484
33.3396064301
33.2913168977
33.2172401137
33.1583311319
33.1158651332
33.0553583646
33.0237756345
32.9830451534
32.9256326945
32.8657465772
32.7836739703
32.7189377012
32.6303600936
32.5664550689
32.4841239927
32.4403793024
32.3623950216
32.2822562046
32.2397387116
32.1724856644
32.0999957134
32.0385807222
31.9850114266
31.9236078826
31.8580923546
31.8048579872
31.7720094098
31.7097654123
31.6460255592
31.6319808025
31.5985460817
31.5514897535
31.4943708435
31.476949184
31.4210832396
31.4029152098
31.3326102989
31.2529247636
31.2135154854
31.1635314114
31.12932641
31.0871560012
31.0309756033
30.9813163023
30.9322404519
30.8565897997
30.8286780859
30.7808806776
30.7319210804
30.6650476629
30.6175660935
30.5709675662
30.4937968914
30.4438093176
30.3571489126
30.3302127951
30.2892964827
30.2375022106
30.1962865016
30.1316725867
30.0417324329
29.9777641771
29.9384199648
29.9280264547
29.8857121949
29.8725504885
29.843998675
29.785984909
29.7234318206
29.6683616478
29.6085430494
29.5787236537
29.5367148368
29.4955433987
29.4731983922
29.4280614015
29.381809233
29.3474475225
29.3149478328
29.2643138861
29.2504138182
29.2041616702
29.1961925062
29.1762771012
29.1366719632
29.1048366114
29.0538271994
29.0179214479
28.9750836456
28.9389543918
28.8643517796
28.8147254326
28.7605142532
28.7291202174
28.6882363038
28.6587950108
28.620356575
28.5810525274
28.550240486
28.5018515857
28.4662680833
28.4262260926
28.375315375
28.3303775929
28.2881354988
28.26969664
28.2335345846
28.2076002324
28.1697537719
28.1246869649
28.0855920876
28.0541633552
28.0145517322
27.9751809953
27.9192660203
27.9154502633
27.8997668834
27.8769096028
27.8509164518
27.827901877
27.8011181507
27.7724009157
27.7287526175
27.6872614074
27.6535995038
27.6069355019
27.5593608802
27.5199504612
27.492592463
27.466985222
27.4492743024
27.4283926171
27.4069821418
27.3834250589
27.3518646393
27.3060047986
27.2706998301
27.2602183356
27.2395832539
27.2413137641
27.2263259532
27.2039608589
27.1780140818
27.148139286
27.1263155149
27.1171508875
27.0975677904
27.0664391409
27.0335442539
26.9984666816
26.9628710692
26.9416759776
26.927506949
26.9074404876
26.8992901349
26.8786392417
26.8876281723
26.8776801379
26.8570362526
26.8364581236
26.8104834639
26.7837149776
26.7869146881
26.7711385496
26.7773986488
26.7594870404
26.7409845324
26.7258283738
26.7009416489
26.6853265967
26.6597211256
26.6575808351
26.6400182405
26.6112760884
26.591441756
26.5743671108
26.5444929691
26.51214802
26.4886532821
26.4888553473
26.4721270032
26.4726249634
26.4544649816
26.4319877232
26.4299708147
26.4119102875
26.4048840498
26.4083856487
26.3876690627
26.3657441537
26.3404060836
26.3061339651
26.2780581708
26.27023118
26.2453160221
26.1917139824
26.2148986874
26.2214353913
26.2076381339
26.2110000727
26.1982380996
26.1700104587
26.1601787284
26.1443603682
26.1268415336
26.1039130065
26.0913258506
26.0695243822
26.0467070815
26.0451989001
26.0060230104
26.0047650693
26.0093999696
25.996752091
25.9791300412
25.9815290786
25.9738804966
25.9529203237
25.9372475841
25.9248504731
25.9076015229
25.9010618947
25.8824149453
25.8613998938
25.8358236808
25.8094325892
25.7938111644
25.7725560128
25.755801623
25.7348517987
25.7269324921
25.719716808
25.7048694035
25.6783685601
25.661189279
25.6478872594
25.652797769
25.6447692123
25.626342035
25.6103742658
25.6017505019
25.5954123885
25.5641030129
25.5267870081
25.5255453743
25.5116167759
25.5165655211
25.5182376066
25.5119661168
25.5138612252
25.5062576949
25.4924357891
25.4837794287
25.4788645225
25.4902727952
25.490811892
25.477405371
25.4680093975
25.4562512166
25.4406715787
25.4253555358
25.4037171939
25.3851020571
25.3965831401
25.3834524292
25.3650591082
25.3554962462
25.3424308553
25.3367434319
25.3231020617
25.32477243
25.3154024768
25.2999775688
25.2879623498
25.2745759904
25.2668952808
25.251936072
25.2352267689
25.2208146805
25.208270414
25.1871835849
25.1647359606
25.1605248423
25.1642644257
25.1504145489
25.1402955438
25.129980728
25.1196663148
25.107589063
25.0951490268
25.0838568621
25.0462100304
25.0260434482
25.021446676
25.0127274872
25.0058807837
24.9982409205
24.9839247376
24.974846898
24.968931078
24.9641563416
24.9609109166
24.956567964
24.9569199911
24.9529874651
24.9427309194
24.9394373277
24.933430785
24.9279323803
24.9279724613
24.925402021
24.9178663166
24.8719722905
24.8643218363
24.8559434221
24.851506971
24.851949586
24.8487351031
24.8323750176
24.8267015989
24.8414859474
24.846968076
24.83743365
24.8375818366
24.8229834167
24.8070204316
24.7838824498
24.7757434323
24.7721189286
24.7609372866
24.7390830309
24.7267273518
24.7104904222
24.7180449731
24.7055890849
24.7004320286
24.713016457
24.7036461285
24.6873056328
24.6920217529
24.6892708251
24.6782334641
24.6752563877
24.6742620934
24.6648969462
24.640376915
24.6194005731
24.6006247459
24.5968908587
24.5851603765
24.572219513
24.5666949815
24.5527537276
24.5543967609
24.543176728
24.5231771665
24.4990665088
24.5005689653
24.4921068045
24.4766022399
24.4660716605
24.4450829635
24.4247216558
24.4300674774
24.4177530915
24.4152964051
24.4076107805
24.4168822674
24.4287100834
24.4205514735
24.4170129618
24.4037366626
24.4017026901
24.3827787053
