89.6423069615
90.2595089227
89.9270908425
89.7724899849
89.7792483993
89.7220143342
89.7088706376
85.9069137951
84.7978975793
88.8856635911
82.504251009
82.487458242
82.4896415433
82.5246541434
82.5312153423
82.5370691579
82.5306278061
82.5416429908
82.5055493164
82.5257207864
82.533327734
82.5675601239
82.5390845073
82.5393183388
80.5739725975
80.0715329129
79.7846490716
79.4562399198
79.0937439483
76.3338970674
75.9107569622
75.5095847547
75.5077365209
75.4639573447
75.4672367206
75.4540169556
75.4864011043
75.5675034803
75.5685164687
75.6018132446
74.1599601482
73.3711466695
72.7899806686
71.4860288916
70.6813236397
70.6904104266
69.6796684862
68.8605664411
68.8524042753
68.8442019794
68.8746338198
68.8719370925
68.8377332602
68.8181773151
68.8966141947
68.9131477501
68.9301934906
68.9527222397
68.9536178754
68.9623127884
68.963005401
68.9569506792
68.9682425145
68.9699131561
62.8503951084
62.3298756273
62.3020398759
62.2564519138
62.234432958
62.2881875729
62.2603934308
62.271704881
62.2949103946
62.2265376924
62.2449870378
62.2441505755
62.2163159016
62.2635595278
62.2622182324
62.2122964548
62.2233537412
60.4726605865
58.3130486145
57.6382636731
57.4204407878
56.2306406214
55.6931245496
56.1536087645
55.6390932746
55.6464844994
55.6707929774
55.6514336289
55.7087968025
55.7113717431
55.7173265939
55.7687687982
55.7782622661
55.770975659
54.4776139447
55.1312140129
54.4667573211
53.2906958398
53.033420087
51.5586108435
51.3424869015
51.5611866262
51.129778527
50.8234995947
51.0761379505
50.7781518309
49.8108044982
49.8459652037
49.3197920032
49.3554629161
49.4618781622
49.4852901541
49.4599490414
49.5308168722
49.5566989354
48.6319358188
49.055330534
47.7790180406
47.6807424722
46.6723058849
46.1248540404
45.1154785108
43.8957814869
43.8530814783
43.9103132035
43.9481097198
44.3375193113
44.3874888423
44.4305806719
43.468991609
42.2316462802
41.9019872992
41.8510859664
41.6763698046
41.0105708573
40.9583574104
40.3261668383
40.0224174617
39.362852524
38.7904934875
38.8157383504
38.9466612718
38.4957113312
38.5154725889
39.0136077838
38.2343825865
38.0472873991
37.9534591592
37.8964768628
37.204178445
36.8395934811
36.7471539165
36.0990128545
35.7539966495
35.7581332389
35.4641639508
34.9899347505
34.2720305859
33.6672163147
33.7983624153
33.9053717549
33.8646136024
33.8677145101
33.8404393545
33.8968102497
33.8447355588
33.858221884
33.9435927352
33.9157358815
33.8908371069
33.3064135346
33.0455891961
32.4871099287
32.3408574833
32.4756519228
32.3341431872
31.8088344502
32.2105535849
32.4386437699
32.500053306
32.0380697639
31.566452213
31.2942450192
30.4556261319
31.0310580948
30.9725948887
31.0370721645
30.991876963
30.9723841624
31.0289534584
30.4682807514
30.9832752742
31.1294237337
31.1932367802
31.1363540917
31.1010122224
31.0772323551
31.109164453
31.0814808571
31.1394807678
30.9959574084
31.0975162508
30.975925813
31.1517195779
31.0949545034
31.0076856633
31.020138917
31.0245336377
31.1412965536
31.0573610921
31.1834332507
31.0724391965
31.0525940983
30.9427436447
31.0809312216
30.7383983238
30.9423430369
30.878162882
29.965712657
29.6266872229
30.1163768643
29.5730079988
29.5522201441
29.5727534006
29.5632600757
29.5594376276
29.5640914276
29.5643005233
29.5626769384
29.5487826925
29.5488657836
29.553155163
29.5545635858
29.5293984802
29.5297275789
29.534532749
29.5354625401
29.5352094779
29.4460768645
29.4453640763
29.4504727119
29.4518668148
29.2425600698
29.2410554613
29.2463860752
29.248331891
29.248183127
29.2390631755
29.2376084685
29.2446382587
29.2466923655
29.2463038739
29.2123112555
29.209372668
29.2169942138
29.2191089224
29.1789698775
29.1329214934
29.1198535174
29.1244751255
29.1282890702
29.1062395715
28.8643611334
28.8913860122
28.8935142544
28.87842217
28.9937558369
28.9966846638
28.9834806425
28.9783430716
28.9026188777
28.9007427504
28.9072211072
28.9092990625
28.9087312332
28.8241516701
28.8205524073
28.8268083539
28.8286118897
28.8279611144
28.8179842235
28.9288790727
28.9492760293
28.86010311
29.1909489665
28.8491974831
28.387870238
28.7663871519
28.7072551059
28.7583625316
28.7522675797
28.7488080019
28.7546701781
28.7552551694
28.7545629239
28.7206034228
28.7178098568
28.7234509393
28.7239465299
28.7285786118
28.7096376709
28.7159707293
28.7175277824
28.7166713499
28.6622722776
28.6692362292
28.6675956103
28.6697533162
28.6353075236
28.6260129025
28.6364349589
28.6578842731
28.6568292993
28.6367810068
28.6679304163
28.6936975932
28.6949256656
28.694158684
28.721292029
28.7179115377
28.7274888478
28.7285293559
28.7277531883
28.7385251612
28.7404313325
28.74157759
28.7421385325
28.7507925479
28.7695457507
28.7762359064
28.7936325726
28.7761033062
28.8023783784
28.7943437802
28.8054551887
28.8024387652
28.8059607048
28.3958038736
28.3982969896
28.4232031299
28.4345611748
28.446021061
28.4452199697
28.4455629165
28.471945226
28.4669707546
28.4795407102
