-nan
0.110104239526
0.127407777339
0.109155585731
0.227979486895
1.82392964579
1.67011670148
1.51598058805
1.39044262478
1.28506956609
1.19502089904
1.13000577105
1.0624074917
1.00525836724
0.953203978846
1.03447220586
1.0181655823
1.00765163175
0.990341329104
0.953865415303
0.922265824201
0.890988738294
0.863733298534
0.836489109231
0.810945592402
0.786865646174
0.764562025227
0.743904726667
0.776338291402
0.768370901617
0.789321308987
0.778072366948
0.76740135178
0.754449164702
0.738322273828
0.722839350603
0.724750417893
0.710372782464
0.697279004829
0.687818624736
0.67524860983
0.724427109971
0.711596970677
0.700744157674
0.717269926365
0.710859834168
0.704500897194
0.697709643354
0.687057455522
0.67799087014
0.667870611997
0.658034100928
0.648535468423
0.639706339551
0.630589847954
0.624952483061
0.616335736237
0.607948302367
0.730661680713
0.720817540666
0.716154837276
0.706807838607
0.697701150189
0.708588946514
0.701395860986
0.692364147241
0.683939811152
0.675862867097
0.66778418111
0.659864876852
0.654105809914
0.647189358434
0.639836293432
0.639299824971
0.631662005898
0.669066879403
0.689902705964
0.682655488791
0.675548222048
0.668467350372
0.663968086413
0.657229274042
0.650005011835
0.644738072244
0.638168078727
0.631941952844
0.625837430222
0.619811988905
0.614057914557
0.608297795113
0.602737702354
0.631734303282
0.625375105695
0.619726549736
0.614222968789
0.608776826473
0.603289473373
0.59725026529
0.593673344561
0.588591831527
0.583598056399
