1.07544 1.05015 1.07134
1.07923 1.07913 1.05532
1.04773 1.0543 1.0577
1.06976 1.05419 1.17656
1.05375 1.05458 1.07719
1.05847 1.05847 1.09299
1.05864 1.05713 1.07522
1.07058 1.09832 1.06478
1.0616 1.06025 1.07158
1.06361 1.0636 1.07114
1.17541 1.07685 1.06271
1.19435 1.11395 1.05037
1.09409 1.06916 1.06988
1.08745 1.08745 1.07973
1.06527 1.06293 1.06561
1.11921 1.08757 1.09513
1.0878 1.08553 1.07291
1.053 1.05343 1.05453
1.09113 1.09029 1.06387
1.05802 1.07289 1.12722
1.06949 1.06036 1.06245
1.09302 1.09302 1.10664
1.06974 1.08266 1.07985
1.07106 1.06028 1.10647
1.08121 1.07566 1.13296
1.06376 1.08966 1.06537
1.12904 1.14188 1.07505
1.06412 1.06456 1.06732
1.08661 1.08946 1.09865
1.06571 1.07207 1.06813
1.09328 1.09132 1.09297
1.06598 1.09846 1.10323
1.12499 1.07939 1.12281
1.07692 1.07692 1.0714
1.13432 1.12353 1.12425
1.07127 1.09641 1.08388
1.10031 1.0972 1.13862
1.07146 1.07361 1.07458
1.08463 1.1119 1.07836
1.11826 1.08841 1.08601
1.07808 1.11069 1.07559
1.0781 1.07912 1.09797
1.12301 1.14231 1.21778
1.07605 1.07802 1.07697
1.09889 1.0972 1.13755
1.08149 1.08681 1.08896
1.18795 1.10588 1.0908
1.08209 1.08015 1.0807
1.08655 1.15579 1.09723
1.08313 1.08397 1.08141
1.09374 1.11905 1.13168
1.08513 1.15277 1.08354
1.08609 1.17595 1.08746
1.08636 1.08758 1.08558
1.15893 1.2877 1.12657
1.08883 1.09301 1.08656
1.08883 1.24315 1.08696
1.23962 1.12149 1.08769
1.16965 1.09272 1.17306
1.09022 1.09159 1.15325
1.08957 1.10281 1.09636
1.09093 1.09138 1.08989
1.09004 1.14546 1.12264
1.09214 1.09203 1.10606
1.14253 1.14947 1.16016
1.20254 1.09133 1.14001
1.10541 1.09467 1.09293
1.09214 1.09193 1.09042
1.14937 1.0902 1.0919
1.1154 1.09235 1.11587
1.18886 1.12883 1.17955
1.09157 1.10502 1.09028
1.11897 1.12631 1.08954
1.09205 1.29392 1.09048
1.09275 1.10603 1.12669
1.11763 1.12488 1.09035
1.08817 1.17724 1.14843
1.08979 1.09158 1.08738
1.12017 1.1088 1.14569
1.08683 1.24051 1.14679
1.17388 1.10178 1.13724
1.08848 1.16497 1.22066
1.12612 1.08745 1.08701
1.08822 1.08841 1.08695
1.1028 1.15913 1.10527
1.12019 1.1135 1.08694
1.0867 1.16775 1.08598
1.11173 1.08771 1.139
1.08814 1.08777 1.11384
1.08549 1.08508 1.08515
1.09666 1.13781 1.14266
1.08431 1.08621 1.08649
1.37738 1.17532 1.1751
1.0901 1.11308 1.08853
1.29195 1.13283 1.16807
1.08359 1.08363 1.08727
1.13221 1.16011 1.08609
1.08688 1.08441 1.08621
1.10204 1.08521 1.17756
1.08502 1.08433 1.08393
1.11033 1.08694 1.11472
1.08532 1.08437 1.08252
1.08293 1.42946 1.1171
1.08373 1.08447 1.08325
1.0832 1.35213 1.15365
1.08512 1.08453 1.09463
1.1633 1.10899 1.16173
1.08185 1.08296 1.08377
1.29304 1.16148 1.15758
1.08413 1.15647 1.08593
1.08419 1.08471 1.09058
1.08905 1.0862 1.0886
1.08416 1.27917 1.08467
1.0859 1.08539 1.16845
1.12092 1.19401 1.08596
1.08637 1.08608 1.09236
1.12005 1.09331 1.14798
1.08496 1.08568 1.08414
1.11968 1.08377 1.13651
1.15274 1.0842 1.08238
1.17766 1.08955 1.08299
1.086 1.08576 1.12822
1.08557 1.10818 1.16949
1.08374 1.08456 1.14033
1.09924 1.28375 1.14873
1.08318 1.08502 1.08299
1.13443 1.11746 1.09677
1.0814 1.08114 1.08181
1.08331 1.11009 1.0843
1.08227 1.15392 1.08189
1.084 1.13618 1.15273
1.10356 1.08366 1.0821
1.08163 1.08164 1.21221
1.0851 1.08471 1.08578
1.16601 1.14688 1.10272
1.08347 1.13161 1.08133
1.07919 1.12625 1.16513
1.08003 1.08036 1.08103
1.10733 1.08176 1.07913
1.08096 1.28123 1.0819
1.08072 1.14033 1.19186
1.08009 1.11882 1.08109
1.09793 1.10874 1.17548
1.08001 1.07968 1.08011
1.08053 1.102 1.13365
1.10838 1.07972 1.0808
1.08063 1.12325 1.10231
1.08126 1.08293 1.08112
1.10562 1.07979 1.08228
1.08044 1.13823 1.08447
1.08094 1.21405 1.08083
1.07836 1.07852 1.07813
1.10689 1.10066 1.08401
1.07839 1.08182 1.11738
1.09339 1.24104 1.13562
1.07812 1.07823 1.09083
1.14333 1.08214 1.17093
1.07864 1.07786 1.12318
1.07863 1.2263 1.11789
1.0776 1.07766 1.08101
1.17936 1.07846 1.10593
1.10569 1.07731 1.09707
1.11339 1.10465 1.16734
1.07939 1.07735 1.08031
1.13634 1.11555 1.08043
1.07595 1.07887 1.07979
1.07792 1.07791 1.08824
1.09843 1.07813 1.07972
1.11234 1.07938 1.14662
1.08089 1.07962 1.0816
1.07956 1.2016 1.08202
1.09339 1.07949 1.08173
1.13388 1.08001 1.08146
1.08014 1.08217 1.08278
1.11336 1.10225 1.09691
1.08475 1.08318 1.08435
1.08469 1.19093 1.10479
1.0822 1.0858 1.08266
1.08384 1.1271 1.08622
1.08678 1.08647 1.08713
1.14678 1.09182 1.08619
1.08651 1.08796 1.09623
1.08646 1.08649 1.11251
1.15433 1.15485 1.08912
1.08854 1.13503 1.08912
1.08829 1.08827 1.09027
1.08657 1.08664 1.11117
1.08578 1.088 1.11979
1.08674 1.08672 1.08862
1.08684 1.0879 1.0875
1.08888 1.08973 1.09247
1.08787 1.08697 1.11691
1.08978 1.08976 1.15159
1.08825 1.08874 1.13631
1.09076 1.09077 1.1562
1.12318 1.08731 1.1124
1.13001 1.26009 1.21799
1.08967 1.09069 1.08908
1.09269 1.13071 1.0932
1.0903 1.08994 1.09002
1.09641 1.09349 1.09415
1.10103 1.09314 1.09592
1.09321 1.09262 1.09457
1.09325 1.08887 1.17077
1.10321 1.30742 1.12614
1.09106 1.09243 1.0913
1.0926 1.0926 1.09522
1.1732 1.09127 1.13639
1.12657 1.09465 1.15148
1.12179 1.10177 1.09363
1.091 1.11887 1.09401
1.12999 1.09113 1.13899
1.09572 1.0951 1.11351
1.14627 1.14626 1.33674
1.09106 1.15657 1.10942
1.14059 1.26918 1.1911
1.10602 1.11637 1.17289
1.11318 1.12829 1.14573
1.11258 1.17175 1.16152
1.12098 1.1212 1.18721
1.09473 1.09603 1.19146
1.09819 1.09837 1.20011
1.10648 1.13056 1.13464
1.11118 1.13564 1.24637
1.12484 1.12593 1.38108
1.10763 1.10729 1.35614
1.0885 1.08217 1.09138
1.08293 1.08296 1.11769
1.09497 1.16847 1.12528
1.15444 1.15451 1.09181
1.11884 1.08839 1.08746
1.12922 1.12921 1.08704
1.10125 1.12598 1.08669
1.10378 1.10598 1.14458
1.09555 1.08839 1.0862
1.12707 1.12707 1.17465
1.0884 1.08603 1.08703
1.14668 1.14667 1.16603
1.09183 1.09247 1.2181
1.21577 1.22308 1.23691
1.0925 1.08959 1.13729
1.11497 1.13274 1.25017
1.08806 1.09036 1.09157
1.15183 1.15095 1.268
1.12657 1.12483 1.08913
1.1341 1.11541 1.23063
1.10677 1.21834 1.09056
1.1398 1.1398 1.24351
1.18583 1.15481 1.13925
1.12124 1.12121 1.12118
1.17121 1.17008 1.11766
1.11694 1.11762 1.09041
1.19113 1.17683 1.09035
1.13514 1.13514 1.14026
1.08571 1.08334 1.08452
1.12033 1.11186 1.22196
1.11776 1.09676 1.15047
1.12274 1.12272 1.10008
1.08736 1.08663 1.21035
1.1273 1.12735 1.15021
1.16397 1.16223 1.15368
1.11671 1.1167 1.15037
1.08885 1.11155 1.08783
1.1213 1.1146 1.18929
1.123 1.12418 1.08429
1.15725 1.15724 1.28845
1.08916 1.08777 1.14346
1.12444 1.12445 1.12434
1.08851 1.20759 1.09449
1.10005 1.10005 1.14949
1.08893 1.09984 1.10601
1.0984 1.09839 1.09468
1.13012 1.08359 1.08659
1.08388 1.08415 1.08764
1.08943 1.11027 1.38553
1.15883 1.11296 1.10506
1.0828 1.08279 1.083
1.08216 1.10414 1.18088
1.08149 1.09853 1.09653
1.08438 1.22176 1.08299
1.08301 1.083 1.14644
1.10357 1.10359 1.10032
1.15216 1.08997 1.13241
1.09247 1.09236 1.15123
1.12615 1.08576 1.08622
1.08499 1.08498 1.10302
1.0982 1.08544 1.14944
1.08568 1.10209 1.1319
1.38302 1.38301 1.09131
1.13485 1.13484 1.08155
1.08511 1.08511 1.08728
1.11725 1.11714 1.28178
1.24546 1.24552 1.08863
1.11944 1.11941 1.1455
1.08976 1.08584 1.16231
1.08512 1.11337 1.08704
1.0896 1.08959 1.42681
1.25916 1.30051 1.10629
1.11525 1.16778 1.14401
1.18192 1.08679 1.12066
1.11379 1.16051 1.19328
1.1041 1.08748 1.11666
1.1783 1.18973 1.14388
1.22563 1.08703 1.08596
1.19345 1.08658 1.08824
1.11934 1.13392 1.08688
1.08514 1.20001 1.12699
1.08683 1.08658 1.08592
1.27264 1.08558 1.12992
1.09167 1.08584 1.19442
1.08882 1.13029 1.18342
1.10996 1.16208 1.18075
1.08651 1.09103 1.0878
1.08436 1.12522 1.14468
1.08333 1.08335 1.2423
1.10429 1.13697 1.09457
1.08332 1.08318 1.0872
1.08416 1.08269 1.09708
1.11779 1.08221 1.11487
1.08502 1.16234 1.16147
1.12716 1.08374 1.08356
1.08358 1.13405 1.09822
1.08484 1.08118 1.08471
1.08145 1.18279 1.09934
1.10457 1.10455 1.08354
1.28367 1.28364 1.11019
1.0978 1.07937 1.12839
1.08091 1.08098 1.0805
1.14167 1.1477 1.11258
1.11536 1.11581 1.11393
1.08567 1.07886 1.10592
1.11574 1.08666 1.10989
1.07674 1.0768 1.12372
1.15264 1.15268 1.11985
1.10001 1.10825 1.08235
1.08017 1.11419 1.12587
1.09561 1.0774 1.11883
1.11262 1.11232 1.12487
1.08735 1.07889 1.08036
1.08571 1.08568 1.11212
1.14056 1.0796 1.21534
1.07875 1.10594 1.20973
1.09277 1.10861 1.09009
1.11245 1.11234 1.12254
1.09586 1.07948 1.13105
1.07971 1.1118 1.10625
1.13722 1.07504 1.08819
1.10567 1.07854 1.10698
1.07459 1.10228 1.12054
1.12855 1.12855 1.11762
1.07842 1.11228 1.14146
1.13827 1.13829 1.11081
1.08877 1.08911 1.09858
1.15356 1.39228 1.10227
1.09306 1.08029 1.08062
1.07894 1.07681 1.12244
1.07857 1.0782 1.1045
1.0918 1.07806 1.15078
1.07626 1.09429 1.0811
1.07735 1.08161 1.1275
1.08499 1.076 1.08044
1.14817 1.13041 1.1345
1.10534 1.1543 1.08025
1.07618 1.07567 1.0762
1.07719 1.07721 1.07987
1.10575 1.08829 1.17301
1.11374 1.13645 1.10478
1.30733 1.076 1.15385
1.12249 1.15029 1.12354
1.14648 1.07349 1.10193
1.10128 1.12453 1.12285
1.31669 1.08946 1.12059
1.10311 1.13508 1.07838
1.14335 1.12796 1.13984
1.11818 1.07517 1.07844
1.09559 1.26853 1.09878
1.10047 1.16208 1.24478
1.07438 1.07363 1.11508
1.07811 1.08619 1.20246
1.08816 1.08809 1.17441
1.08076 1.09503 1.07697
1.11353 1.11359 1.07748
1.1095 1.07437 1.07644
1.07701 1.077 1.11073
1.08478 1.13442 1.36808
1.13631 1.13644 1.11953
1.10044 1.07115 1.08245
1.07728 1.07485 1.08895
1.09973 1.16957 1.11679
1.10224 1.10224 1.07174
1.09062 1.07568 1.07529
1.07079 1.07347 1.07
1.09892 1.13013 1.12664
1.12618 1.12616 1.124
1.07535 1.08724 1.09123
1.07299 1.0756 1.09366
1.12804 1.09601 1.08312
1.07201 1.07078 1.07077
1.07296 1.07294 1.07262
1.08543 1.07092 1.07626
1.08039 1.09581 1.07467
1.07096 1.07561 1.07455
1.06662 1.13122 1.06917
1.06862 1.0674 1.06778
1.09115 1.07857 1.11561
1.1109 1.11089 1.07944
1.06886 1.06884 1.07693
1.07056 1.07062 1.0715
1.0933 1.07012 1.07424
1.11849 1.11847 1.11157
1.06961 1.09723 1.1129
1.06847 1.06682 1.07905
1.10789 1.06855 1.06905
1.06839 1.06865 1.12177
1.10057 1.06561 1.10266
1.06652 1.0652 1.077
1.10774 1.13049 1.12067
1.07299 1.08009 1.09938
1.07349 1.0654 1.12318
1.06906 1.06577 1.07272
1.12059 1.19567 1.1726
1.07245 1.07446 1.08774
1.07109 1.2128 1.09586
1.08715 1.08722 1.06555
1.0824 1.07041 1.07106
1.06827 1.06781 1.06739
1.06751 1.08921 1.08691
1.09544 1.09484 1.09485
1.09781 1.14337 1.06725
1.0684 1.06781 1.06642
1.0849 1.08493 1.06754
1.08498 1.08496 1.06774
1.07681 1.10978 1.1699
1.0976 1.09757 1.09278
1.06916 1.071 1.06936
1.06925 1.06924 1.07441
1.07668 1.1082 1.08414
1.10409 1.10409 1.09336
1.0692 1.10358 1.07022
1.07041 1.07023 1.06674
1.06744 1.11067 1.06925
1.11575 1.11575 1.10343
1.09577 1.12811 1.07347
1.10227 1.10216 1.10064
1.07461 1.07181 1.08258
1.06683 1.06655 1.07322
1.07147 1.07208 1.08113
1.06921 1.06662 1.07153
1.07169 1.14234 1.07107
1.11872 1.1356 1.10079
1.07563 1.07348 1.09531
1.06497 1.06514 1.06828
1.06744 1.06755 1.06727
1.0656 1.06521 1.06823
1.09664 1.06494 1.10035
1.07652 1.07694 1.06653
1.06598 1.07693 1.11435
1.07069 1.07064 1.0914
1.06932 1.06918 1.06995
1.08426 1.08433 1.06786
1.0965 1.06629 1.11681
1.10307 1.10305 1.06729
1.1004 1.07889 1.09387
1.10102 1.10337 1.1046
1.08291 1.06531 1.06665
1.06981 1.06936 1.06736
1.07318 1.07414 1.0752
1.07214 1.07296 1.07214
1.07366 1.0743 1.09954
1.07211 1.07381 1.07368
1.07451 1.07442 1.07314
1.07225 1.07468 1.07268
1.1037 1.07392 1.0738
1.07064 1.07273 1.07202
1.06807 1.06813 1.12444
1.20432 1.20528 1.07164
1.06915 1.06913 1.0671
1.06923 1.07023 1.12329
1.08378 1.11129 1.13566
1.08565 1.08325 1.10136
1.07295 1.07226 1.08513
1.07569 1.07564 1.07284
1.07476 1.07334 1.09213
1.07321 1.07349 1.08036
1.08059 1.08062 1.07316
1.07103 1.06729 1.13081
1.074 1.07398 1.07907
1.12934 1.12934 1.16873
1.14922 1.11927 1.07595
1.077 1.07967 1.0787
1.10432 1.07667 1.09156
1.08961 1.08247 1.07577
1.07313 1.07352 1.07396
1.07213 1.06933 1.06936
1.07292 1.07756 1.07177
1.09391 1.10907 1.06934
1.09101 1.11568 1.07733
1.09362 1.09377 1.13392
1.09001 1.08272 1.08179
1.09881 1.10382 1.10351
1.15352 1.1572 1.19606
1.07858 1.07677 1.0932
1.22043 1.13076 1.13525
1.07627 1.07678 1.13242
1.14801 1.09693 1.10012
1.09333 1.07577 1.16025
1.10352 1.09144 1.12179
1.17064 1.17063 1.15354
1.12289 1.1229 1.16283
1.07564 1.07462 1.07376
1.12338 1.13199 1.08176
1.07751 1.07586 1.11445
1.09844 1.08795 1.10433
1.09026 1.08994 1.13475
1.0836 1.07847 1.12128
1.08872 1.21824 1.13351
1.11174 1.11174 1.16191
1.20205 1.19788 1.13258
1.07228 1.08215 1.0727
1.06634 1.07615 1.07045
1.06806 1.06805 1.06934
1.08187 1.07939 1.08295
1.07568 1.06753 1.06754
1.13081 1.13235 1.13754
1.11813 1.12242 1.11864
1.08977 1.18843 1.17678
1.12519 1.11301 1.07882
1.06398 1.06984 1.06471
1.06764 1.07333 1.07853
1.06676 1.08472 1.09373
1.08012 1.06983 1.07872
1.07664 1.11472 1.12056
1.06267 1.17598 1.17731
1.06485 1.08713 1.11609
1.07302 1.0782 1.07183
1.07695 1.07976 1.07516
1.08261 1.10608 1.08968
1.07831 1.07821 1.08507
1.06869 1.09185 1.08775
1.07915 1.06675 1.14692
1.09176 1.07543 1.0678
1.08041 1.08115 1.05779
1.07527 1.0877 1.0828
1.09567 1.0961 1.07905
1.06473 1.07161 1.07895
1.13098 1.08183 1.12021
1.1026 1.0699 1.06455
1.06428 1.06866 1.06123
1.0698 1.06696 1.06651
1.11148 1.06575 1.06724
1.06852 1.19165 1.07281
1.07178 1.06918 1.06687
1.08336 1.07381 1.07636
1.11909 1.0928 1.12046
1.1034 1.19605 1.15246
1.09943 1.0923 1.12668
1.08531 1.09616 1.11719
1.11916 1.12995 1.13539
1.10929 1.0909 1.17563
1.08199 1.08274 1.13756
1.08763 1.08596 1.08069
1.11966 1.13445 1.36364
1.06873 1.06624 1.07161
1.07535 1.07485 1.10856
1.06373 1.18946 1.0656
1.07031 1.06991 1.07965
1.11842 1.11272 1.0559
1.07185 1.06991 1.06051
1.09204 1.09206 1.07065
1.08939 1.08653 1.08022
1.09406 1.09762 1.09689
1.13965 1.10215 1.13221
1.09057 1.09287 1.08784
1.06463 1.06272 1.06792
1.10259 1.11456 1.08385
1.1656 1.1626 1.11343
1.09695 1.18832 1.12331
1.11144 1.16562 1.13155
1.0854 1.08515 1.0793
1.09522 1.09553 1.09554
1.08843 1.08876 1.08959
1.08781 1.10705 1.08154
1.13209 1.21209 1.09947
1.08397 1.0886 1.09945
1.07865 1.07747 1.08004
1.08753 1.09803 1.09206
1.07832 1.09992 1.07517
1.10984 1.116 1.0798
1.09245 1.1336 1.09922
1.07893 1.12194 1.11203
1.08035 1.07354 1.12933
1.1563 1.15605 1.08967
1.17104 1.15479 1.14544
1.07907 1.08062 1.07852
1.12655 1.10695 1.11733
1.08227 1.09319 1.10709
1.07373 1.07562 1.06733
1.12503 1.12497 1.06079
1.06349 1.0806 1.07966
1.10834 1.10675 1.10819
1.14578 1.24519 1.09231
1.09575 1.12002 1.13479
1.07121 1.05787 1.0699
1.07271 1.05714 1.06557
1.08554 1.08191 1.0963
1.12246 1.13682 1.12172
1.09078 1.0869 1.09502
1.1142 1.07799 1.07308
1.08467 1.09775 1.08743
1.08879 1.09612 1.07171
1.08036 1.12959 1.07184
1.04971 1.05333 1.07152
1.11963 1.13963 1.10623
1.12874 1.12796 1.09104
1.09839 1.10784 1.08878
1.07797 1.11744 1.09544
1.12047 1.06516 1.10973
1.06552 1.11584 1.08821
1.0767 1.06135 1.10875
1.11733 1.1307 1.09049
1.07093 1.13671 1.06393
1.13508 1.13501 1.08973
1.15509 1.05873 1.05418
1.11345 1.11379 1.08999
1.18658 1.20089 1.12268
1.15168 1.15177 1.10161
1.12054 1.1117 1.07625
1.21317 1.2128 1.1308
1.10849 1.14602 1.13879
1.06101 1.06798 1.07306
1.19469 1.16451 1.19503
1.1411 1.14062 1.09253
1.07272 1.10766 1.08096
1.0751 1.05552 1.15263
1.14178 1.09595 1.17647
1.12508 1.13386 1.09826
1.08943 1.11607 1.15297
1.19485 1.19388 1.17627
1.13733 1.16366 1.1269
1.14896 1.14754 1.12171
1.16624 1.16419 1.18673
1.13589 1.1361 1.11579
1.09494 1.06385 1.10963
1.1243 1.09231 1.15973
1.09419 1.17714 1.11721
1.08896 1.09587 1.05827
1.18708 1.09974 1.09767
1.13058 1.12191 1.10168
1.09175 1.10268 1.10537
1.05683 1.05806 1.06522
1.05588 1.06794 1.07191
1.11188 1.12317 1.05378
1.09853 1.14626 1.07183
1.09377 1.09509 1.21844
1.1147 1.13521 1.14578
1.10101 1.10217 1.15851
1.08294 1.06027 1.06675
1.09104 1.12768 1.27862
1.13375 1.13421 1.07124
1.23897 1.07917 1.07365
1.09123 1.06625 1.09675
1.10211 1.07097 1.10151
1.08647 1.08601 1.08905
1.10992 1.14537 1.10452
1.07746 1.07961 1.15338
1.10336 1.17617 1.20439
1.06043 1.06029 1.11177
1.09472 1.18494 1.109
1.16057 1.11366 1.26862
1.11982 1.23474 1.15627
1.13614 1.12627 1.22974
1.12593 1.12421 1.08401
1.12808 1.12581 1.12909
1.09395 1.12738 1.09751
1.09273 1.09285 1.11918
1.12968 1.13215 1.15915
1.10699 1.103 1.23419
1.30449 1.17962 1.32377
1.16646 1.14919 1.12353
1.0968 1.1164 1.09834
1.17585 1.09807 1.18548
1.32022 1.30935 1.13409
1.12343 1.1139 1.12996
1.11464 1.11529 1.12224
1.16482 1.16335 1.21314
1.13761 1.13759 1.23351
1.10236 1.09576 1.08383
1.18162 1.20058 1.17947
1.09048 1.11161 1.09219
1.17893 1.15912 1.20776
1.1568 1.09069 1.12406
1.145 1.22222 1.16431
1.09379 1.09289 1.17524
1.13205 1.20712 1.16409
1.11018 1.09749 1.09678
1.15535 1.15557 1.20117
1.12346 1.12438 1.11252
1.14912 1.14887 1.10889
1.29667 1.21317 1.18226
1.15784 1.102 1.16494
1.11999 1.15902 1.13903
1.08474 1.08639 1.11973
1.08806 1.14849 1.1881
1.10633 1.15074 1.11699
1.09339 1.18237 1.09281
1.10803 1.0921 1.14376
1.09622 1.15309 1.09416
1.09373 1.09662 1.12741
1.16298 1.13803 1.11351
1.09459 1.28078 1.19323
1.09454 1.09366 1.09731
1.14204 1.18423 1.10499
1.14128 1.08805 1.08791
1.08338 1.14201 1.07845
1.12769 1.09139 1.08911
1.13575 1.13623 1.09476
1.1795 1.17432 1.12937
1.09472 1.11556 1.10732
1.11422 1.10116 1.11843
1.22822 1.22664 1.24323
1.17 1.18987 1.17895
1.12087 1.11651 1.10485
1.21018 1.23237 1.14141
1.13659 1.13749 1.23873
1.09684 1.08916 1.12979
1.12791 1.12991 1.12568
1.11387 1.11475 1.11529
1.13347 1.13502 1.09986
1.09965 1.11862 1.10608
1.15174 1.14319 1.09309
1.21732 1.18346 1.11273
1.26069 1.26018 1.30267
1.32339 1.09529 1.25706
1.09464 1.09509 1.09717
1.09843 1.09841 1.10075
1.25957 1.26036 1.19847
1.15434 1.09215 1.21382
1.27259 1.29836 1.1289
1.09643 1.09929 1.09474
1.2137 1.20901 1.29146
1.09482 1.10218 1.08995
1.25071 1.24364 1.13442
1.20841 1.21294 1.1873
1.11135 1.11094 1.23137
1.09621 1.14943 1.20465
1.12292 1.11966 1.10197
1.14001 1.15264 1.14924
1.25159 1.25077 1.15115
1.09851 1.10065 1.1559
1.08717 1.09328 1.09788
1.09539 1.13919 1.10238
1.11649 1.08054 1.11496
1.10169 1.10462 1.12682
1.11072 1.11487 1.10393
1.20431 1.10575 1.10685
1.18644 1.15976 1.08548
1.09932 1.09955 1.09766
1.1466 1.14672 1.10361
1.1121 1.11019 1.09741
1.08647 1.09254 1.09117
1.1343 1.17359 1.18348
1.07969 1.07918 1.07945
1.11685 1.10821 1.08683
1.08858 1.0883 1.08354
1.0814 1.08189 1.08674
1.15486 1.15503 1.11915
1.08129 1.08163 1.09711
1.08457 1.09139 1.09051
1.09202 1.06894 1.06433
1.10179 1.111 1.0939
1.10681 1.10355 1.07184
1.09917 1.10004 1.10174
1.09229 1.1605 1.09217
1.09905 1.07721 1.11501
1.074 1.09276 1.14989
1.13871 1.11373 1.11937
1.09743 1.09257 1.10875
1.07351 1.0648 1.115
1.11228 1.11469 1.12446
1.13823 1.13792 1.13464
1.1412 1.14312 1.11799
1.11906 1.1207 1.11275
1.11406 1.13413 1.08761
1.10316 1.10494 1.08153
1.11407 1.09401 1.0737
1.09147 1.09066 1.0824
1.09923 1.0817 1.09376
1.12723 1.08819 1.14777
1.08759 1.0873 1.0742
1.08373 1.09495 1.0929
1.06675 1.06745 1.13743
1.09348 1.1811 1.12827
1.10598 1.10539 1.14293
1.13778 1.14611 1.11636
1.14149 1.12108 1.13842
1.12048 1.09057 1.09354
1.1053 1.10665 1.10179
1.14965 1.06361 1.06724
1.15006 1.12335 1.12498
1.11396 1.12263 1.11404
1.09647 1.09735 1.12331
1.14402 1.10962 1.10929
1.1447 1.142 1.11611
1.0847 1.10921 1.11302
1.11628 1.12931 1.09666
1.10744 1.09081 1.09455
1.09703 1.09318 1.1007
1.13718 1.11318 1.12432
1.1339 1.13372 1.11245
1.11193 1.09505 1.11979
1.09007 1.08722 1.0891
1.09983 1.06378 1.09695
1.08287 1.09293 1.10235
1.18849 1.10988 1.10536
1.1113 1.1117 1.15779
1.17709 1.11172 1.11489
1.13482 1.12103 1.09248
1.11851 1.12177 1.11894
1.1937 1.14491 1.1185
1.09913 1.08931 1.11479
1.11605 1.14402 1.12091
1.13734 1.10422 1.08666
1.1336 1.13435 1.12433
1.13077 1.14091 1.19539
1.14933 1.15585 1.16366
1.11947 1.08302 1.1274
1.10205 1.10198 1.10678
