0.00509741 0.004896 0.00486895
0.00524413 0.00488454 0.00476192
0.00492964 0.00486001 0.00489877
0.00555839 0.00554477 0.00554389
0.00636223 0.00622233 0.00621907
0.00619158 0.00618753 0.00620402
0.00578479 0.00570542 0.00574285
0.00523457 0.00540874 0.00535939
0.0045055 0.0045884 0.00482459
0.00405181 0.0041201 0.00419451
0.00319999 0.00328902 0.00325942
0.00342097 0.00327031 0.00326479
0.00329965 0.00292326 0.00296229
0.00335134 0.00353093 0.00365751
0.00330656 0.00345467 0.00352046
0.00360351 0.00358565 0.00346633
0.00405352 0.00398209 0.00398162
0.00373751 0.00385517 0.00383918
0.00443418 0.00423805 0.00428536
0.00444336 0.00441372 0.00443742
0.00460762 0.00481159 0.00466854
0.00478931 0.0047694 0.00479309
0.00474532 0.00499794 0.0049232
0.00550827 0.00576894 0.00580492
0.00540227 0.00556086 0.00546588
0.00566604 0.0058736 0.00586816
0.0055051 0.00578655 0.00577675
0.00555886 0.00582414 0.00581164
0.00564993 0.00594216 0.00593757
0.00579637 0.00597281 0.0059371
0.00559069 0.00553813 0.00558864
0.00578448 0.00582526 0.00583997
0.00550288 0.00554143 0.00552846
0.00579739 0.0059818 0.00580514
0.00597638 0.00604552 0.0060702
0.00632274 0.00627633 0.00626667
0.00626435 0.00612883 0.00627717
0.00659636 0.0063283 0.00633572
0.00617137 0.00628759 0.00633495
0.00625523 0.00610643 0.00610342
0.00642565 0.00642447 0.00631864
0.00636116 0.00641079 0.00638214
0.00611904 0.00602682 0.00602926
0.00616955 0.00616324 0.00610627
0.00657781 0.00650151 0.00649318
0.00646168 0.00656102 0.00653863
0.00665725 0.00652637 0.00643337
0.00639026 0.00641485 0.00632936
0.00625412 0.00633078 0.00620305
0.00629509 0.0062974 0.0063456
0.00596645 0.00591936 0.00598123
0.00650183 0.00621728 0.00627991
0.00601621 0.00618855 0.00603869
0.00624913 0.0062876 0.00622771
0.00608686 0.00607657 0.00619849
0.0061421 0.00618677 0.005994
0.00596683 0.00621027 0.00597458
0.0061778 0.00616453 0.0062286
0.00602811 0.00611458 0.00617952
0.00643273 0.00617205 0.00587113
0.00622801 0.00622858 0.00612435
0.00635952 0.00618125 0.00617156
0.00605892 0.00596088 0.00572119
0.00579484 0.00577452 0.00561865
0.0055263 0.00571529 0.0055881
0.0058505 0.00580345 0.00579623
0.00574978 0.00572675 0.00573173
0.00552997 0.00570322 0.00560474
0.00579211 0.00590208 0.00597941
0.00559251 0.00558561 0.00571356
0.00545703 0.00568524 0.00565214
0.00571293 0.00547523 0.00565763
0.00548165 0.00541368 0.00537154
0.00536412 0.00571199 0.00551179
0.00563802 0.00558113 0.00553439
0.00544986 0.00531602 0.00538026
0.00541971 0.00539976 0.0054503
0.00531694 0.00524787 0.00527662
0.00531554 0.00534857 0.00513667
0.00562506 0.00560183 0.00542883
0.00557331 0.00579434 0.0057013
0.00556525 0.00537062 0.00523696
0.005113 0.00516781 0.00512015
0.00532215 0.00520937 0.00508097
0.005069 0.0050754 0.00527603
0.00530275 0.0051054 0.00508596
0.00504705 0.00511182 0.00509203
0.00510746 0.0051274 0.00509608
0.00525841 0.00512197 0.00520616
0.0052583 0.00515708 0.00517104
0.0051896 0.0052658 0.00530107
0.00517396 0.00512564 0.00511866
0.0053272 0.00524479 0.0054137
0.00498417 0.00484606 0.00502911
0.00479889 0.00468685 0.00486363
0.00474073 0.0046365 0.00499556
0.00473147 0.0046686 0.00456366
0.0046291 0.00445426 0.00446949
0.00440497 0.00436145 0.00443884
0.00446491 0.00468428 0.00467914
0.0042956 0.0043631 0.00422601
0.00430366 0.00428607 0.00438391
0.00419004 0.00434688 0.00434745
0.004108 0.00417042 0.00397527
0.00413041 0.00407004 0.00401905
0.00428262 0.00426263 0.00424439
0.00402732 0.00387347 0.0039468
0.00406281 0.0040941 0.00394151
0.0043867 0.00452248 0.00401136
0.004996 0.0049982 0.00409353
0.00434355 0.00436382 0.00411695
0.00432811 0.00401591 0.00389907
0.00445286 0.00449108 0.00403902
0.00461236 0.00454842 0.00482439
0.00432377 0.00418407 0.00429545
0.00443696 0.00419177 0.00436914
0.00449299 0.00526436 0.00417239
0.00364011 0.00364304 0.00418791
0.00434814 0.00425136 0.00439725
0.00410403 0.00410189 0.00398848
0.00426066 0.00426037 0.00388358
0.00388202 0.00383006 0.00438772
0.00470559 0.00474762 0.00428579
0.00424375 0.00429896 0.00368213
0.0031258 0.00324633 0.00351467
0.00392671 0.00393731 0.0036856
0.00364422 0.00380775 0.00361269
0.00396737 0.00418305 0.00322145
0.00326716 0.00315118 0.00330935
0.0034075 0.00340485 0.00278014
0.00408 0.00390762 0.00318309
0.00309995 0.00337875 0.00304881
0.00343472 0.00348808 0.00308505
0.00368929 0.00431037 0.00309605
0.00377885 0.0037839 0.00338573
0.00400261 0.00430312 0.00302517
0.00330007 0.00373715 0.00297672
0.00328537 0.00327336 0.00325469
0.00384379 0.00413621 0.00435257
0.00369741 0.00400742 0.00365841
0.00378284 0.00397279 0.00293512
0.00360017 0.00341023 0.00303539
0.00358224 0.00384775 0.0029352
0.00315096 0.00313851 0.00265741
0.00311561 0.00362511 0.00284672
0.00304149 0.00359091 0.00293745
0.0030758 0.00338494 0.00277132
0.00329991 0.0031669 0.00336851
0.00332974 0.00312225 0.00310741
0.00287225 0.00286395 0.00275033
0.00334981 0.00321935 0.00349415
0.00354079 0.00347427 0.0027725
0.00348244 0.00348376 0.00356962
0.00348871 0.00336486 0.00277126
0.00384971 0.00374602 0.003521
0.0031068 0.00352963 0.00287306
0.00331453 0.00328472 0.00288388
0.00307601 0.0032204 0.00293392
0.00314302 0.00314258 0.00328854
0.00301311 0.00286602 0.0029828
0.00309975 0.00337541 0.00290065
0.00280254 0.00322273 0.00291288
0.00353672 0.00344694 0.00270076
0.00322656 0.00314907 0.00299227
0.00303476 0.00307273 0.00321837
0.00278551 0.00278551 0.00352653
0.00338305 0.00283242 0.00226373
0.00295801 0.00292248 0.00308644
0.00279164 0.00290458 0.00300022
0.00301869 0.00287319 0.00245824
0.00275725 0.0028208 0.00222485
0.00266876 0.00246485 0.00274055
0.00279948 0.00304963 0.00302629
0.00289736 0.00275654 0.00277758
0.00300267 0.00306693 0.00263006
0.0023421 0.00221757 0.00295412
0.0027576 0.00272767 0.00290493
0.0020359 0.0020359 0.00224378
0.00275072 0.00273277 0.00242283
0.00306198 0.00318786 0.00265004
0.00231951 0.00270185 0.00315614
0.00285486 0.00271598 0.00298319
0.00315979 0.00260869 0.0025567
0.00357386 0.00325403 0.00241516
0.00362015 0.00361077 0.0027754
0.00307674 0.00307674 0.00270397
0.0028839 0.0028839 0.00218388
0.00356492 0.00356492 0.0032217
0.00248346 0.00264514 0.00235307
0.00264697 0.00226489 0.00224745
0.00300034 0.00219355 0.00252756
0.00170877 0.00170877 0.00187457
0.00232527 0.00208565 0.00226062
0.00275393 0.00249908 0.00208741
0.00248246 0.00233197 0.00273717
0.00252093 0.00286384 0.00264352
0.00232975 0.00232975 0.00221575
0.00225187 0.00220101 0.00204237
0.00246513 0.00213155 0.00177821
0.00193702 0.00207466 0.00196166
0.00220038 0.00206623 0.00200708
0.00189732 0.00182354 0.00170204
0.00194895 0.00180914 0.00185889
0.00162584 0.00162584 0.00142951
0.00166237 0.00166237 0.00192146
0.00194258 0.00191223 0.00180608
0.00188937 0.00201874 0.0019601
0.00234019 0.00203953 0.00230356
0.00208702 0.00252653 0.00194426
0.00151351 0.00151351 0.00177251
0.00191692 0.00191692 0.00226244
0.00217095 0.00217095 0.00215383
0.00239516 0.00239516 0.00207051
0.00203546 0.00203546 0.00229622
0.00204645 0.00245929 0.00188075
0.00192065 0.00192065 0.00181326
0.00216101 0.00216101 0.00191273
0.00175848 0.00175848 0.00241066
0.00214736 0.00214482 0.00192425
0.00253856 0.00253856 0.00200932
0.00229002 0.00229002 0.00230248
0.00215334 0.00232342 0.00203095
0.00179561 0.00179561 0.00185675
0.00161711 0.00161711 0.0015012
0.00164099 0.00164099 0.00191817
0.00188532 0.00188532 0.00185836
0.00249838 0.00249838 0.00206983
0.00183728 0.00183728 0.00183581
0.00186073 0.00186073 0.00211049
0.00216361 0.00224937 0.00187802
0.00171691 0.00171691 0.00193383
0.00187966 0.00187966 0.00207272
0.00202115 0.00202115 0.00192344
0.00161133 0.00161133 0.00201062
0.00140651 0.00140651 0.00206489
0.0016618 0.00188468 0.00194131
0.00163243 0.00163243 0.00186915
0.00160174 0.00160174 0.00238837
0.00202746 0.00202746 0.00220009
0.00185051 0.00213558 0.00177716
0.00164601 0.00164601 0.00253887
0.00169638 0.00169638 0.00194964
0.00180015 0.00180015 0.00172125
0.00188947 0.00188947 0.00200209
0.00187688 0.00187688 0.00193933
0.00156278 0.00156278 0.00195448
0.00182361 0.00202986 0.0016843
0.00165355 0.00197854 0.00174329
0.00229681 0.0019754 0.00167266
0.00187927 0.00187927 0.00178296
0.00136347 0.00136347 0.00166512
0.0021576 0.00235593 0.00185142
0.0016165 0.00197588 0.00182629
0.00160972 0.00164733 0.00167981
0.00154615 0.00154615 0.0014398
0.00201202 0.00201202 0.00163402
0.00145123 0.00145123 0.00174683
0.00152056 0.00195814 0.00169602
0.00209347 0.00209347 0.00183825
0.00146451 0.00146451 0.0014891
0.00194069 0.00194069 0.00158978
0.00153266 0.00153266 0.00214167
0.00164392 0.00164392 0.00179555
0.0016462 0.00158809 0.00187612
0.00178447 0.00179614 0.00180695
0.0018187 0.00225309 0.00172282
0.00155277 0.00155277 0.00157081
0.00159578 0.00145777 0.00184294
0.00145294 0.00145294 0.00157122
0.00138559 0.00138559 0.00151907
0.00190704 0.00190704 0.00147206
0.00185062 0.00203538 0.00147403
0.00134929 0.00134929 0.00157276
0.00158121 0.00158121 0.00160481
0.00152224 0.00152224 0.00179008
0.00170697 0.00170697 0.00182075
0.00207451 0.00207451 0.00189875
0.00157776 0.0015551 0.00157995
0.0013214 0.0013214 0.00136792
0.00162686 0.0018079 0.00195307
0.00170189 0.00183763 0.00206331
0.00189436 0.00145888 0.00150085
0.00150024 0.001489 0.00164613
0.00135638 0.00144379 0.0014941
0.00135421 0.00135421 0.00178562
0.00185045 0.00185045 0.00161559
0.00164998 0.00164998 0.00153416
0.00153616 0.00153616 0.00159024
0.00158155 0.00158155 0.00150572
0.00133392 0.00144455 0.00174532
0.00154046 0.00154046 0.00154643
0.00121677 0.00135173 0.0013132
0.00133256 0.00137511 0.00110486
0.00177662 0.00176472 0.00139041
0.00153062 0.00153062 0.00125901
0.00137189 0.00137189 0.00138205
0.00169025 0.00169025 0.00157593
0.00200314 0.00200314 0.00185055
0.00172013 0.001692 0.00122161
0.00160919 0.00160919 0.00155219
0.00164581 0.00164581 0.00164794
0.00140773 0.00140773 0.00121886
0.00135642 0.00135642 0.00111851
0.00139868 0.00139868 0.00168426
0.00156815 0.00116131 0.00147956
0.0019653 0.00200216 0.00167085
0.00145454 0.00145454 0.00149163
0.00149438 0.00165082 0.00124159
0.00149239 0.00175462 0.00158896
0.00157802 0.00157802 0.00156561
0.00141094 0.0013933 0.0012974
0.00176963 0.00176963 0.00148592
0.00164078 0.00164078 0.00144198
0.00184171 0.00184171 0.00170463
0.00148122 0.00148122 0.00130208
0.00146264 0.00153251 0.00145328
0.00132202 0.00119612 0.00183744
0.00173451 0.00159706 0.00140704
0.00167355 0.00167355 0.00141119
0.00152165 0.00157952 0.00149452
0.00143867 0.00143867 0.00151261
0.00160358 0.00160358 0.00135172
0.00163803 0.00133567 0.00143744
0.00143341 0.00143341 0.00207063
0.00213739 0.00151793 0.00177511
0.00141697 0.0016575 0.00143456
0.00124955 0.00124955 0.00144728
0.00139648 0.00139648 0.00169251
0.00122724 0.00104404 0.00135674
0.00134033 0.00196191 0.00141424
0.00178226 0.00172273 0.00150725
0.00168482 0.00136372 0.00193636
0.00164143 0.00139998 0.00152325
0.00120768 0.00120768 0.00129123
0.00124109 0.00124109 0.00153207
0.0015246 0.00149842 0.00149088
0.00161415 0.00161415 0.00130975
0.00131639 0.00173482 0.00135839
0.00170079 0.00154759 0.001252
0.00139836 0.00139836 0.00111166
0.00124239 0.00124239 0.00128026
0.00136421 0.00188983 0.00155444
0.00169764 0.0021085 0.00141912
0.00127798 0.00127798 0.00134814
0.00125982 0.00125982 0.00125899
0.00123296 0.00156238 0.00124605
0.00144616 0.00144616 0.00156501
0.00144115 0.00144115 0.00183739
0.00186033 0.00191222 0.00159936
0.00122022 0.00122022 0.00141288
0.00161345 0.00124174 0.00150682
0.00179475 0.00160897 0.00108883
0.00172554 0.00153521 0.00141706
0.00189677 0.00185834 0.00160919
0.00166107 0.00144893 0.00164418
0.00197397 0.00197397 0.00204185
0.00160884 0.00160884 0.00178135
0.00182684 0.00206686 0.00183802
0.0013567 0.0013567 0.00179589
0.00145155 0.00145155 0.00133568
0.00181186 0.00181186 0.00174068
0.00193761 0.00181648 0.00147442
0.00159583 0.00152381 0.00139838
0.00174111 0.00183283 0.00199332
0.00159549 0.00159549 0.00172741
0.00204362 0.00204362 0.00173073
0.001441 0.00176423 0.00171325
0.00190699 0.00190699 0.00185716
0.00157441 0.00157441 0.00133882
0.0015443 0.00168995 0.00149747
0.00125985 0.00125985 0.00116723
0.00169084 0.00169084 0.00162896
0.00126009 0.00126009 0.00150401
0.00146377 0.00148092 0.00134199
0.00129894 0.00148727 0.00142148
0.00185427 0.00171114 0.00174853
0.00126699 0.00126699 0.00132157
0.00143924 0.00143924 0.00135846
0.00128068 0.00128068 0.00132902
0.00143501 0.00143501 0.0013863
0.00119863 0.00114596 0.00114512
0.00142119 0.00137243 0.00119861
0.00183476 0.00188891 0.0015561
0.00181384 0.00188217 0.00144532
0.00199914 0.00126978 0.00105229
0.00160904 0.00147124 0.00107264
0.00195447 0.00158594 0.00133267
0.00159296 0.00174666 0.00158097
0.00192868 0.00172435 0.00172653
0.00158169 0.00148165 0.00132098
0.00152761 0.00152761 0.00131192
0.00158917 0.00169828 0.00135993
0.00144851 0.00146955 0.00167353
0.00145283 0.00145283 0.00138943
0.00156837 0.00156837 0.00145094
0.00168916 0.00168916 0.00130973
0.00170607 0.00170607 0.0014833
0.00159308 0.00171422 0.00167222
0.0016939 0.0016939 0.00166533
0.001688 0.0017754 0.00160114
0.00160961 0.00147019 0.00150962
0.0012014 0.0012721 0.00141198
0.00134614 0.00186695 0.00124219
0.00160238 0.00150548 0.0014726
0.00154087 0.00165708 0.00136217
0.000959154 0.00127808 0.00117959
0.0019767 0.00108533 0.00100029
0.00177185 0.00136915 0.00159472
0.00122935 0.00122935 0.00140034
0.00150256 0.00150256 0.00149358
0.0016143 0.0016143 0.00160935
0.00148038 0.00148038 0.00153708
0.00148261 0.00154144 0.00154957
0.00135943 0.00135943 0.00153291
0.00110385 0.00139258 0.00130396
0.00212171 0.00161063 0.00143041
0.00221145 0.00162299 0.00194187
0.00119441 0.00119441 0.0011028
0.00146287 0.00146287 0.00145824
0.00176454 0.00176454 0.0015798
0.00159844 0.00159844 0.00183223
0.00171484 0.00171484 0.00155533
0.0013082 0.0013082 0.00141137
0.00171377 0.00171377 0.00156248
0.00134393 0.00134393 0.00158966
0.00131383 0.00148264 0.00155484
0.00157343 0.00152008 0.00153504
0.00143656 0.00140628 0.00133668
0.0013795 0.00145999 0.00130418
0.00180009 0.00173653 0.00132191
0.00172613 0.00167557 0.00125716
0.00166215 0.00166215 0.00152291
0.00196616 0.00196616 0.00180116
0.00148383 0.00148383 0.001376
0.00143406 0.00143406 0.00146169
0.00148402 0.00183845 0.00147422
0.00146413 0.00146413 0.00131382
0.00171523 0.00179788 0.00144582
0.00214819 0.00149696 0.00135938
0.00184652 0.00129141 0.00119526
0.00173703 0.00197452 0.00125205
0.00166017 0.00136433 0.00150955
0.00132589 0.00140974 0.00112227
0.00146699 0.00169805 0.00156155
0.00119733 0.0014813 0.00115215
0.00136 0.00136 0.0013569
0.00159579 0.00159579 0.00148236
0.00146022 0.00146022 0.00140089
0.00141456 0.00126086 0.0015188
0.00195004 0.00138511 0.00181636
0.00122049 0.00122049 0.00134887
0.00147388 0.00147388 0.00145526
0.00166329 0.00166329 0.00185122
0.00144265 0.00144265 0.00141066
0.00172753 0.00172753 0.00145445
0.00148422 0.00149201 0.00138424
0.00200028 0.00148445 0.00119265
0.00174761 0.00137222 0.00116871
0.00183126 0.00152811 0.00141026
0.00174365 0.0015452 0.00140313
0.00189892 0.00158038 0.0016156
0.00139021 0.00139021 0.00133821
0.00178132 0.00178132 0.00155356
0.00127818 0.00127818 0.00139949
0.0012024 0.0012024 0.00144235
