0.00470302 0.00345727 0.00326095
0.00475764 0.00499878 0.00480102
0.00290903 0.00238293 0.00201141
0.00170854 0.00210456 0.00148787
0.00180911 0.00217165 0.00154004
0.00224012 0.002928 0.00220272
0.00225939 0.0024989 0.00170438
0.00204145 0.00279742 0.00206805
0.00236025 0.0022714 0.00189875
0.00180503 0.00205402 0.00180267
0.0020631 0.00248744 0.00215959
0.00314332 0.00229435 0.00208183
0.0023295 0.00207647 0.00177229
0.00208643 0.00219541 0.00212125
0.00177231 0.00178584 0.0015056
0.00180785 0.00182335 0.00143331
0.00154009 0.00169124 0.00141415
0.00172779 0.00157744 0.00123648
0.00143543 0.00188863 0.00131593
0.00141521 0.00171462 0.00117292
0.00161647 0.00176093 0.0011838
0.00192396 0.00155259 0.00117824
0.00157851 0.00188994 0.00157575
0.00137791 0.00166306 0.00125123
0.00188579 0.00174714 0.00121446
0.00144255 0.0015349 0.00160723
0.00184947 0.00163792 0.00146173
0.00188317 0.00157964 0.0013655
0.00205616 0.00214435 0.0016582
0.00215984 0.00204255 0.00183883
0.00173712 0.00226326 0.00215576
0.00231359 0.00160896 0.00144038
0.00275408 0.00178265 0.00149734
0.00266854 0.00187301 0.00183934
0.00317746 0.00156909 0.00129405
0.0022931 0.00207416 0.00156355
0.00256128 0.00271585 0.00184359
0.00226684 0.00204986 0.00192309
0.00213262 0.00145221 0.00127657
0.00161002 0.00215147 0.00151232
0.00180471 0.00156476 0.00106843
0.00224683 0.00218565 0.00181198
0.00194337 0.00257863 0.00204131
0.00168474 0.00159652 0.0012384
0.00212537 0.00200343 0.00185025
0.0022885 0.00214337 0.00212268
0.00268604 0.00186511 0.00184435
0.00290847 0.00224693 0.00218462
0.00268326 0.00234051 0.00222286
0.00124545 0.00144456 0.00115919
0.0017446 0.00191827 0.00180548
0.00222692 0.0020733 0.00191111
0.00162094 0.00225864 0.0020241
0.00142333 0.00238687 0.00205423
0.00176306 0.00249386 0.00228636
0.0019154 0.00184572 0.00165518
0.00127505 0.00201231 0.00136366
0.00173558 0.00222069 0.00190909
0.00239525 0.00187025 0.00169867
0.00144603 0.00168069 0.00103371
0.00156825 0.00218713 0.00146103
0.00201936 0.00219687 0.00174844
0.001818 0.00209495 0.00174746
0.00145709 0.00223291 0.00193301
0.00169413 0.00199298 0.00198331
0.00196538 0.00166443 0.00169084
0.00172839 0.002062 0.00192676
0.0017914 0.00249103 0.00225101
0.00166497 0.00224169 0.00205779
0.0016654 0.0024593 0.00203259
0.00181171 0.00225284 0.00198528
0.00147831 0.00206387 0.00159474
0.0015387 0.00267711 0.00189468
0.00188393 0.00262861 0.00216535
0.00214074 0.00230113 0.00164396
0.00137628 0.0019872 0.00131982
0.00185723 0.00223105 0.00160159
0.0018487 0.0025343 0.00179919
0.00170972 0.00236292 0.00174168
0.0018582 0.00221318 0.00175334
0.00151143 0.00166405 0.00151516
0.00178159 0.00222652 0.00198884
0.0018756 0.00222947 0.00217255
0.00171859 0.0023188 0.00224429
0.00231816 0.0020292 0.00194778
0.0018307 0.00164752 0.00167518
0.00188924 0.00171114 0.00167151
0.0022562 0.00221801 0.00208898
0.00175954 0.00277797 0.00257802
0.00228238 0.00352455 0.00325491
0.00143955 0.00293316 0.00278285
0.00160952 0.00256597 0.00227088
0.00172504 0.0024617 0.00220487
0.00142611 0.00271632 0.00220388
0.00173225 0.0022554 0.00193692
0.00191186 0.00265907 0.00214928
0.00148456 0.00261407 0.00219599
0.00185981 0.002608 0.00208618
0.00180013 0.00222045 0.00221086
0.00186417 0.00295434 0.00246572
0.00184428 0.00222922 0.00203948
0.00181455 0.00281078 0.00270954
0.00178244 0.0033984 0.00329549
0.00177425 0.00266772 0.00280354
0.00181291 0.00299201 0.00264136
0.0017952 0.00280531 0.00292542
0.00170372 0.00251101 0.00255649
0.00162843 0.00278376 0.00231027
0.00145033 0.0031151 0.00263317
0.00201285 0.00274925 0.00240542
0.0017305 0.00281166 0.00222997
0.00201259 0.00281688 0.00237188
0.0014912 0.00336791 0.00259725
0.00164292 0.00331353 0.00274691
0.00158992 0.00362753 0.00274047
0.00168932 0.00272088 0.00251713
0.00170811 0.0031568 0.00246107
0.00168865 0.00286922 0.00232843
0.00182631 0.00283203 0.00273249
0.00198925 0.00326399 0.00277454
0.00213329 0.00354986 0.00290545
0.00198532 0.00354148 0.0033234
0.00188351 0.00274863 0.00271721
0.00198296 0.00287744 0.00287378
0.00203751 0.00401442 0.00380113
0.00250104 0.00438823 0.00430234
0.00245672 0.00450176 0.00429007
0.00278671 0.00467838 0.00437871
0.00305913 0.00472414 0.0047086
0.0031822 0.00478825 0.00497567
0.00348344 0.00533228 0.00532033
0.00336362 0.00538105 0.00512897
0.00376091 0.0056113 0.00537512
0.00374295 0.00502889 0.00570948
0.0036481 0.00487093 0.00556207
0.00379516 0.0050179 0.00603581
0.00343945 0.00524225 0.00599304
0.0041167 0.0057067 0.00639165
0.00394006 0.00537711 0.00610433
0.00387963 0.00532263 0.00618349
0.00387104 0.00564622 0.00628553
0.00401074 0.0062525 0.00604093
0.00385203 0.00478758 0.00575599
0.00383567 0.00574675 0.00581447
0.00378327 0.00424051 0.00586249
0.00371205 0.00512386 0.00573021
0.0042187 0.00465816 0.00584363
0.00356746 0.00536887 0.00553431
0.00421007 0.00586071 0.00574597
0.00332699 0.00522002 0.00529604
0.00398082 0.00568065 0.00533104
0.00369445 0.00445993 0.00555466
0.00325005 0.00548171 0.00521655
0.00351369 0.00538229 0.00481365
0.00306437 0.00329201 0.00389204
0.0030357 0.00351999 0.00438328
0.00310193 0.00466278 0.00486132
0.0038209 0.00459361 0.00506659
0.00338286 0.00452833 0.00472686
0.00381676 0.00441427 0.00490843
0.00341636 0.00532659 0.00478139
0.00383077 0.00412906 0.00522344
0.00389584 0.00388846 0.00530154
0.00352346 0.0039992 0.00501882
0.00430387 0.0047971 0.00555303
0.00363844 0.00506631 0.00494307
0.00384695 0.00412135 0.00511595
0.00360081 0.00429427 0.00463943
0.00362577 0.00446318 0.00496607
0.0034281 0.00427098 0.00436916
0.00330438 0.00463472 0.0047094
0.00353545 0.0036955 0.00476556
0.00304742 0.00405987 0.00424141
0.00457072 0.00434003 0.00466534
0.00377287 0.00540805 0.00465331
0.00363142 0.00417088 0.00486772
0.00334247 0.00360039 0.00456995
0.00432315 0.00467043 0.00436186
0.0045668 0.00496953 0.0045656
0.00376101 0.00450067 0.00454962
0.00352384 0.00411109 0.00428779
0.00375743 0.00420346 0.00406771
0.00457567 0.00486216 0.00392937
0.00438928 0.00478959 0.00386789
0.00409298 0.00453114 0.00409957
0.0038288 0.00409449 0.00417529
0.00387783 0.00387783 0.00381735
0.00386775 0.00386775 0.00379941
0.00398385 0.0037118 0.00402848
0.00417054 0.00463071 0.00357452
0.00463403 0.00488574 0.00404355
0.00325028 0.00336621 0.00387708
0.0035068 0.0035068 0.00373222
0.00305663 0.00363965 0.00402172
0.00415773 0.00448339 0.00355217
0.00436389 0.00478495 0.00389851
0.00313649 0.00448059 0.00416802
0.00368336 0.00368336 0.00375582
0.00396092 0.00396092 0.00404842
0.00385212 0.00385212 0.00393578
0.00391844 0.00391844 0.00401743
0.00389337 0.00389337 0.00401328
0.00397732 0.00397732 0.00408373
0.00391553 0.00391553 0.00403154
0.00393171 0.00393171 0.00405156
0.00404812 0.00404812 0.00415808
0.00394773 0.00394773 0.00406834
0.00412179 0.0040776 0.00422584
0.00376293 0.00376293 0.00393928
0.00416722 0.00402843 0.00425335
0.00416646 0.00429465 0.00375047
0.00386281 0.00386281 0.00403023
0.00368378 0.00368378 0.00385845
0.00379549 0.00379549 0.00395549
0.00371061 0.00371061 0.00389312
0.00384787 0.00384787 0.00398762
0.00374624 0.00342154 0.00391505
0.0044484 0.00409039 0.00372279
0.0038708 0.00394209 0.00415805
0.00368239 0.00366978 0.00405129
0.00409947 0.00428531 0.0037394
0.00427619 0.0042186 0.00395642
0.00348113 0.00401672 0.00411979
0.00324917 0.0036128 0.00415916
0.00373861 0.003573 0.00394025
0.00368017 0.00384689 0.00412663
0.00425947 0.00444569 0.00366364
0.00421711 0.00479804 0.00385117
0.00351148 0.00299837 0.00382707
0.00414856 0.00461864 0.00368116
0.00454662 0.00472565 0.00400132
0.00324912 0.00360426 0.0040987
0.00322381 0.00315306 0.0039628
0.00457631 0.00480586 0.00399102
0.0046055 0.00474651 0.00402362
0.00338832 0.0031496 0.00403168
0.00341382 0.00354744 0.00416454
0.00302769 0.00345 0.00399767
0.00443833 0.00468948 0.00395088
0.00446952 0.00467982 0.00402348
0.00339218 0.00312687 0.00405615
0.00290627 0.00336469 0.00399037
0.00440509 0.00465536 0.00380294
0.00462748 0.00482119 0.00411783
0.00397027 0.00439645 0.00427269
0.00371847 0.0031826 0.00384681
0.00330143 0.00411697 0.00417446
0.00360834 0.00360834 0.00387245
0.00388954 0.00388954 0.00411577
0.00382784 0.00382784 0.00403736
0.00380787 0.00380787 0.0040281
0.00397677 0.00397677 0.00415233
0.00391691 0.00391691 0.00409994
0.00400248 0.00400248 0.00417882
0.00391986 0.00391986 0.00411653
0.00399339 0.00399339 0.0041868
0.00392811 0.00392811 0.00415562
0.00400742 0.00400742 0.00417793
0.00396068 0.00396068 0.00415192
0.00402026 0.00402026 0.00419496
0.00402448 0.00402448 0.00421019
0.00392309 0.00392309 0.00412614
0.00397913 0.00397913 0.00418602
0.00301182 0.00387324 0.00408488
0.00308166 0.00395861 0.00416429
0.00387133 0.00387133 0.00407324
0.00394666 0.00394666 0.00416433
0.00386008 0.00386008 0.00406683
0.00392148 0.00392148 0.00414061
0.00388008 0.00388008 0.00407831
0.00390334 0.00390334 0.00408531
0.00386407 0.00386407 0.00408145
0.00388346 0.00388346 0.00413168
0.00389658 0.00389658 0.00408899
0.00383988 0.00383988 0.00406815
0.00392629 0.00392629 0.00414479
0.0038365 0.0038365 0.00408072
0.00392403 0.00392403 0.00415446
0.00388528 0.00388528 0.00413225
0.00397109 0.00397109 0.00421341
0.00424645 0.00440892 0.00408632
0.00396486 0.00398878 0.00422063
0.00324275 0.00424608 0.00412237
0.00396492 0.00456214 0.00419205
0.00369489 0.00404476 0.00429235
0.00313053 0.00369714 0.0039555
0.00323642 0.0039162 0.00400331
0.00374009 0.00374009 0.00400276
0.00341282 0.00341282 0.00364449
0.00350512 0.00350512 0.00383299
0.0035583 0.00318595 0.00386171
0.00429498 0.00404745 0.00377532
0.00371924 0.00393924 0.00386364
0.00320521 0.0032839 0.00404046
0.00331987 0.00328417 0.00424452
0.00365141 0.0036011 0.00392513
0.00375304 0.00338074 0.00401811
0.00284619 0.00360315 0.00390291
0.00285608 0.00363005 0.003936
0.00283963 0.00361914 0.00389018
0.00274975 0.00354968 0.00385908
0.00286295 0.00278777 0.00391818
0.00343721 0.00343721 0.00374735
0.00364621 0.00364621 0.00396329
0.00356159 0.00356159 0.00385943
0.00363457 0.00363457 0.00389764
0.00362146 0.00362146 0.00391326
0.00360033 0.00360033 0.00394391
0.00354842 0.00354842 0.00390147
0.00365582 0.00365582 0.00397217
0.00358427 0.00358427 0.00390973
0.00361415 0.00361415 0.00386598
0.0035604 0.0035604 0.00381468
0.00346372 0.00346372 0.00376753
0.00341541 0.00341541 0.00372521
0.0034551 0.0034551 0.0037541
0.00343196 0.00343196 0.00372225
0.00337029 0.00337029 0.00360051
0.00349444 0.00349444 0.00372738
0.00345313 0.00345313 0.00368673
0.00356271 0.00356271 0.00380122
0.00347019 0.00347019 0.00370096
0.0034836 0.0034836 0.00369144
0.00340777 0.00340777 0.00363317
0.00346491 0.00346491 0.00369291
0.00342074 0.00342074 0.00364498
0.00342966 0.00342966 0.00362475
0.00338563 0.00338563 0.00357257
0.00345121 0.00345121 0.00365465
0.00341373 0.00341373 0.00360297
0.00344171 0.00344171 0.00362493
0.00345503 0.00345503 0.00362486
0.00317769 0.00317769 0.00336926
0.0032829 0.0032829 0.00345899
0.00318512 0.00318512 0.0034083
0.00317957 0.00317957 0.00337781
0.00320272 0.00320272 0.00344767
0.00335371 0.00335371 0.00362977
0.0033769 0.0033769 0.00364303
0.00349953 0.00349953 0.00379174
0.00360576 0.00360576 0.00387238
0.00363313 0.00363313 0.0039012
0.00366898 0.00366898 0.00391947
0.00367779 0.00367779 0.00399812
0.00376889 0.00376889 0.00411614
0.00387267 0.00387267 0.00419618
0.00383814 0.00383814 0.00418481
0.00390422 0.00390422 0.00428149
0.00404747 0.00404747 0.00443074
0.00406215 0.00406215 0.00444751
0.00413311 0.00413311 0.00454438
