-3.4875950206e-05 -nan -nan
-3.4875950206e-05 -0.0283630705702 -nan
-3.4875950206e-05 -0.0283630705702 -0.0149887244551
-0.0150213584987 -0.0283630705702 -0.0149887244551
-0.0150213584987 -0.0059630846658 -0.0149887244551
-0.0150213584987 -0.0059630846658 0.00286097333963
-0.0116827308464 -0.0059630846658 0.00286097333963
-0.0116827308464 1.35882311373 0.00286097333963
-0.0116827308464 1.35882311373 0.512960105702
-0.161658873546 1.35882311373 0.512960105702
-0.161658873546 1.46893117614 0.512960105702
-0.161658873546 1.46893117614 0.4971973797
-0.127554657281 1.46893117614 0.4971973797
-0.127554657281 1.17316996437 0.4971973797
-0.127554657281 1.17316996437 0.394777734445
-0.109424214731 1.17316996437 0.394777734445
-0.109424214731 0.971241354596 0.394777734445
-0.109424214731 0.971241354596 0.333237389607
-0.0949745674963 0.971241354596 0.333237389607
-0.0949745674963 0.832232308734 0.333237389607
-0.0949745674963 0.832232308734 0.284654622821
-0.0779193731115 0.832232308734 0.284654622821
-0.0779193731115 0.730960268397 0.284654622821
-0.0779193731115 0.730960268397 0.251507273074
0.0216149348911 0.730960268397 0.251507273074
0.0216149348911 0.789080494777 0.251507273074
0.0216149348911 0.789080494777 0.283736270977
0.0834763290639 0.789080494777 0.283736270977
0.0834763290639 0.946370806672 0.283736270977
0.0834763290639 0.946370806672 0.394752114886
0.0733813532006 0.946370806672 0.394752114886
0.0733813532006 0.863602151005 0.394752114886
0.0733813532006 0.863602151005 0.358092533621
0.0688233250535 0.863602151005 0.358092533621
0.0688233250535 0.791285267623 0.358092533621
0.0688233250535 0.791285267623 0.32641212933
0.0658004746247 0.791285267623 0.32641212933
0.0658004746247 0.728374965696 0.32641212933
0.0658004746247 0.728374965696 0.300921508094
0.0631922129562 0.728374965696 0.300921508094
0.0631922129562 0.673703612273 0.300921508094
0.0631922129562 0.673703612273 0.283575056844
0.054340497805 0.673703612273 0.283575056844
0.054340497805 0.687475147257 0.283575056844
0.054340497805 0.687475147257 0.455116349157
0.192711989404 0.687475147257 0.455116349157
0.192711989404 0.686413969117 0.455116349157
0.192711989404 0.686413969117 0.427500441332
0.178406276724 0.686413969117 0.427500441332
0.178406276724 0.646154205515 0.427500441332
0.178406276724 0.646154205515 0.403956821034
0.168203675711 0.646154205515 0.403956821034
0.168203675711 0.610141352702 0.403956821034
0.168203675711 0.610141352702 0.380702856524
0.161294741629 0.610141352702 0.380702856524
0.161294741629 0.576234869571 0.380702856524
0.161294741629 0.576234869571 0.357484042972
0.15317110089 0.576234869571 0.357484042972
0.15317110089 0.547311629153 0.357484042972
0.15317110089 0.547311629153 0.338841679671
0.146208567535 0.547311629153 0.338841679671
0.146208567535 0.618048588708 0.338841679671
0.146208567535 0.618048588708 0.465548072933
0.14855286779 0.618048588708 0.465548072933
0.14855286779 0.655318298411 0.465548072933
0.14855286779 0.655318298411 0.44455358955
0.144714252946 0.655318298411 0.44455358955
0.144714252946 0.630060070173 0.44455358955
0.144714252946 0.630060070173 0.425248540957
0.137241904174 0.630060070173 0.425248540957
0.137241904174 0.604300804122 0.425248540957
0.137241904174 0.604300804122 0.40547719433
0.130165052288 0.604300804122 0.40547719433
0.130165052288 0.580191986659 0.40547719433
0.130165052288 0.580191986659 0.388630286006
0.124573603112 0.580191986659 0.388630286006
0.124573603112 0.557409271414 0.388630286006
0.124573603112 0.557409271414 0.373819970789
0.120007604125 0.557409271414 0.373819970789
0.120007604125 0.567974108924 0.373819970789
0.120007604125 0.567974108924 0.438413724012
0.140552845756 0.567974108924 0.438413724012
0.140552845756 0.599080590079 0.438413724012
0.140552845756 0.599080590079 0.474042130649
0.134839161084 0.599080590079 0.474042130649
0.134839161084 0.581036914796 0.474042130649
0.134839161084 0.581036914796 0.460164775079
0.129762514122 0.581036914796 0.460164775079
0.129762514122 0.562480824474 0.460164775079
0.129762514122 0.562480824474 0.446981730834
0.122059644699 0.562480824474 0.446981730834
0.122059644699 0.543370014978 0.446981730834
0.122059644699 0.543370014978 0.432142179443
0.117044797361 0.543370014978 0.432142179443
0.117044797361 0.526466595353 0.432142179443
0.117044797361 0.526466595353 0.417239549648
0.11286708188 0.526466595353 0.417239549648
0.11286708188 0.534335349392 0.417239549648
0.11286708188 0.534335349392 0.455439036343
0.103539411826 0.534335349392 0.455439036343
0.103539411826 0.551954472299 0.455439036343
0.103539411826 0.551954472299 0.461549602039
0.0999446532127 0.551954472299 0.461549602039
0.0999446532127 0.60161868468 0.461549602039
0.0999446532127 0.60161868468 0.450469689128
0.0963033471053 0.60161868468 0.450469689128
0.0963033471053 0.586993518574 0.450469689128
0.0963033471053 0.586993518574 0.438764673711
0.0923982629712 0.586993518574 0.438764673711
0.0923982629712 0.572480385627 0.438764673711
0.0923982629712 0.572480385627 0.427723205751
0.0883292565219 0.572480385627 0.427723205751
0.0883292565219 0.554749061387 0.427723205751
0.0883292565219 0.554749061387 0.41543736282
0.0883292565219 0.538891035326 0.41543736282
0.0854022885388 0.538891035326 0.41543736282
0.0854022885388 0.538891035326 0.405275109066
0.0854022885388 0.560068773428 0.405275109066
0.0854022885388 0.558619342618 0.405275109066
0.0854022885388 0.557716764535 0.405275109066
0.0854022885388 0.571165049311 0.405275109066
0.0854022885388 0.578827987664 0.405275109066
0.0854022885388 0.567278393796 0.405275109066
0.0854022885388 0.572571479966 0.405275109066
0.0854022885388 0.560469298191 0.405275109066
0.0854022885388 0.553483712471 0.405275109066
0.0854022885388 0.539146093834 0.405275109066
0.0854022885388 0.533501480844 0.405275109066
0.0854022885388 0.543034760017 0.405275109066
0.0854022885388 0.545346053072 0.405275109066
0.0721556453119 0.545346053072 0.405275109066
0.0721556453119 0.545346053072 0.407876176952
0.0721556453119 0.542675545514 0.407876176952
0.0721556453119 0.539743376932 0.407876176952
0.0721556453119 0.539743376932 0.413266271266
0.0721556453119 0.535969741634 0.413266271266
0.0721556453119 0.535969741634 0.419241660184
0.0721556453119 0.536585280549 0.419241660184
0.0721556453119 0.536585280549 0.410596239186
0.0721556453119 0.536915673772 0.410596239186
0.0721556453119 0.526171824247 0.410596239186
0.0721556453119 0.526171824247 0.39924553439
0.0721556453119 0.515568078661 0.39924553439
0.0721556453119 0.515568078661 0.406588771698
0.0721556453119 0.50216824571 0.406588771698
0.0721556453119 0.50216824571 0.414873948444
0.0721556453119 0.497343218434 0.414873948444
0.0721556453119 0.497343218434 0.421200788604
0.0603907286759 0.497343218434 0.421200788604
0.0603907286759 0.497343218434 0.416107297177
0.0603907286759 0.499297872465 0.416107297177
0.0603907286759 0.488269767644 0.416107297177
0.0603907286759 0.488269767644 0.430680912239
0.0603907286759 0.488269767644 0.435545539525
0.0603907286759 0.488269767644 0.433512937222
0.0603907286759 0.478439847719 0.433512937222
0.0603907286759 0.478439847719 0.433217174416
0.0603907286759 0.472325214048 0.433217174416
0.0603907286759 0.472325214048 0.43272162174
0.0603907286759 0.468345208889 0.43272162174
0.0603907286759 0.461561326385 0.43272162174
0.0603907286759 0.461561326385 0.43033451323
0.0603907286759 0.454990450006 0.43033451323
0.0603907286759 0.454990450006 0.431094743015
0.0603907286759 0.446407363341 0.431094743015
0.0603907286759 0.446407363341 0.425359560084
0.0603907286759 0.446602818996 0.425359560084
0.0603907286759 0.446602818996 0.417223130735
0.0588556276886 0.446602818996 0.417223130735
0.0588556276886 0.440548865473 0.417223130735
0.0588556276886 0.440548865473 0.409346094604
0.0588556276886 0.435135940716 0.409346094604
0.0588556276886 0.435135940716 0.40560510905
0.0588556276886 0.432593669698 0.40560510905
0.0588556276886 0.430843890159 0.40560510905
0.0588556276886 0.430843890159 0.402115071564
0.0588556276886 0.425788550099 0.402115071564
0.0588556276886 0.425788550099 0.397634879255
0.0588556276886 0.427806396089 0.397634879255
0.0588556276886 0.42971239359 0.397634879255
0.0588556276886 0.42971239359 0.399695609834
0.0588556276886 0.427526856053 0.399695609834
0.0588556276886 0.427526856053 0.396883781341
0.0588556276886 0.423898847549 0.396883781341
0.0588556276886 0.423898847549 0.391674271493
0.0588556276886 0.422664658037 0.391674271493
0.0588556276886 0.417603276228 0.391674271493
0.0588556276886 0.417603276228 0.381070099297
0.0588556276886 0.409525218293 0.381070099297
0.0588556276886 0.409525218293 0.375309600151
0.0558884599785 0.409525218293 0.375309600151
0.0558884599785 0.407573083734 0.375309600151
0.0558884599785 0.407573083734 0.369291916701
0.0558884599785 0.398673278825 0.369291916701
0.0558884599785 0.398673278825 0.366771850441
0.0558884599785 0.396351647127 0.366771850441
0.0558884599785 0.395542021168 0.366771850441
0.0558884599785 0.395542021168 0.360705153867
0.0558884599785 0.391418529996 0.360705153867
0.0558884599785 0.391418529996 0.355931895978
0.0558884599785 0.387164963197 0.355931895978
0.0558884599785 0.387164963197 0.351002390339
0.0558884599785 0.382839677313 0.351002390339
0.0558884599785 0.378573102295 0.351002390339
0.0558884599785 0.378573102295 0.346450447623
0.0558884599785 0.374444154927 0.346450447623
0.0558884599785 0.374444154927 0.34199749737
0.0558884599785 0.36959469115 0.34199749737
0.0558884599785 0.36959469115 0.341218347865
0.0558884599785 0.365269911172 0.341218347865
0.0558884599785 0.365269911172 0.336918138826
0.0558884599785 0.361477270177 0.336918138826
0.0558884599785 0.361477270177 0.333826696727
0.0558884599785 0.357492611598 0.333826696727
0.0558884599785 0.357492611598 0.329565552224
0.0547036710489 0.357492611598 0.329565552224
0.0547036710489 0.353671548444 0.329565552224
0.0547036710489 0.349517416118 0.329565552224
0.0547036710489 0.349517416118 0.326342031692
0.0547036710489 0.345848453455 0.326342031692
0.0547036710489 0.345848453455 0.322257062174
0.0547036710489 0.341886455387 0.322257062174
0.0547036710489 0.341886455387 0.31917032355
0.0547036710489 0.337791718885 0.31917032355
0.0547036710489 0.337791718885 0.315492659723
0.0547036710489 0.334616001991 0.315492659723
0.0547036710489 0.334616001991 0.311464168235
0.0547036710489 0.33179556024 0.311464168235
0.0547036710489 0.327536387722 0.311464168235
0.0547036710489 0.327536387722 0.30754846181
0.0547036710489 0.32488185622 0.30754846181
0.0547036710489 0.32488185622 0.303772335255
0.0547036710489 0.322251489629 0.303772335255
0.0547036710489 0.322251489629 0.300373492552
0.0547036710489 0.318446007543 0.300373492552
0.0547036710489 0.318446007543 0.297001650073
0.0547036710489 0.315098303576 0.297001650073
0.0547036710489 0.312030381036 0.297001650073
0.0547036710489 0.312030381036 0.294112981172
0.0547036710489 0.309930284564 0.294112981172
0.0547036710489 0.309930284564 0.290111936893
0.0547036710489 0.30748967628 0.290111936893
0.0547036710489 0.30748967628 0.286793750275
0.0547036710489 0.304861693233 0.286793750275
0.0519226631478 0.304861693233 0.286793750275
0.0519226631478 0.304861693233 0.283444077977
0.0519226631478 0.300859200857 0.283444077977
0.0519226631478 0.297656370372 0.283444077977
0.0519226631478 0.297656370372 0.280358231852
0.0519226631478 0.295046880723 0.280358231852
0.0519226631478 0.295046880723 0.277323164877
0.0519226631478 0.292494655263 0.277323164877
0.0519226631478 0.292494655263 0.273804834995
0.0519226631478 0.289995637324 0.273804834995
0.0519226631478 0.289995637324 0.271449059531
0.0519226631478 0.287537592868 0.271449059531
0.0519226631478 0.287537592868 0.268529359477
0.0519226631478 0.285017244249 0.268529359477
0.0519226631478 0.28257113935 0.268529359477
0.0519226631478 0.28257113935 0.265596847567
0.0519226631478 0.280215747368 0.265596847567
0.0519226631478 0.280215747368 0.262644167948
0.0519226631478 0.27776627389 0.262644167948
0.0519226631478 0.27776627389 0.259632263909
0.0519226631478 0.275551478027 0.259632263909
0.0519226631478 0.275551478027 0.26040296384
0.0519226631478 0.27338099739 0.26040296384
0.0519226631478 0.27338099739 0.25751974955
0.0519226631478 0.271082971044 0.25751974955
0.0519226631478 0.271082971044 0.254311897666
0.0519226631478 0.268988071781 0.254311897666
0.0519226631478 0.266748976548 0.254311897666
0.0519226631478 0.266748976548 0.251749026977
0.0519226631478 0.267576098759 0.251749026977
0.0519226631478 0.267576098759 0.248976667347
0.0519226631478 0.267305706488 0.248976667347
0.0519226631478 0.264323053032 0.248976667347
0.0508285368118 0.264323053032 0.248976667347
0.0508285368118 0.264323053032 0.247204633289
0.0508285368118 0.262448896624 0.247204633289
0.0508285368118 0.262448896624 0.244548539095
0.0508285368118 0.260506993228 0.244548539095
0.0508285368118 0.260506993228 0.241995660824
0.0508285368118 0.259684402979 0.241995660824
0.0508285368118 0.257680039208 0.241995660824
0.0508285368118 0.257680039208 0.241023379143
0.0508285368118 0.251138368111 0.241023379143
0.0508285368118 0.251138368111 0.24588818616
0.0508285368118 0.251138368111 0.244009101071
0.0508285368118 0.251138368111 0.241605040127
0.0508285368118 0.245721246227 0.241605040127
0.0508285368118 0.245721246227 0.241933908718
0.0508285368118 0.243825224557 0.241933908718
0.0508285368118 0.243825224557 0.243078880777
0.0508285368118 0.237819632801 0.243078880777
0.0508285368118 0.237819632801 0.242813949673
0.0508285368118 0.237819632801 0.244950753477
0.0508285368118 0.235044036401 0.244950753477
0.0508285368118 0.235044036401 0.244527584757
0.0508285368118 0.233771795301 0.244527584757
0.0508285368118 0.233771795301 0.242682515957
0.0508285368118 0.225458550498 0.242682515957
0.0508285368118 0.225458550498 0.24572635698
0.0508285368118 0.225458550498 0.244521728129
0.0508285368118 0.222305312795 0.244521728129
0.0508285368118 0.222305312795 0.244522160414
0.0508285368118 0.222305312795 0.246709560715
0.0508285368118 0.220452063276 0.246709560715
0.0508285368118 0.220452063276 0.244870119904
0.0508285368118 0.218926611554 0.244870119904
0.0508285368118 0.218926611554 0.243604469511
0.0508285368118 0.21742603372 0.243604469511
0.0508285368118 0.21742603372 0.243378251701
0.0508285368118 0.215943703815 0.243378251701
0.0484838573087 0.215943703815 0.243378251701
0.0484838573087 0.215943703815 0.242064967689
0.0484838573087 0.214562276668 0.242064967689
0.0484838573087 0.214562276668 0.240189321165
0.0484838573087 0.213055100223 0.240189321165
0.0484838573087 0.213055100223 0.239927140562
0.0484838573087 0.211817158298 0.239927140562
0.0484838573087 0.211817158298 0.239481286219
0.0484838573087 0.210418882949 0.239481286219
0.0484838573087 0.210418882949 0.236803909459
0.0484838573087 0.209657907987 0.236803909459
0.0484838573087 0.209657907987 0.234506903509
0.0484838573087 0.209423746707 0.234506903509
0.0484838573087 0.209423746707 0.232037280997
0.0484838573087 0.208436907585 0.232037280997
0.0484838573087 0.206752962091 0.232037280997
0.0484838573087 0.206752962091 0.232991742713
0.0484838573087 0.206752962091 0.231934681352
0.0484838573087 0.205401691402 0.231934681352
0.0484838573087 0.205401691402 0.232771437521
0.0484838573087 0.204041036044 0.232771437521
0.0484838573087 0.204041036044 0.233386334262
0.0484838573087 0.204041036044 0.231682100726
0.0484838573087 0.202739346758 0.231682100726
0.0484838573087 0.202739346758 0.230694081937
0.0484838573087 0.201575296741 0.230694081937
0.0484838573087 0.200010301187 0.230694081937
0.0484838573087 0.200010301187 0.232038499059
0.0484838573087 0.200010301187 0.230559180588
0.0484838573087 0.197412422321 0.230559180588
0.0484838573087 0.197412422321 0.230983907893
0.0484838573087 0.197412422321 0.22906707671
0.0484838573087 0.19552575788 0.22906707671
0.0484838573087 0.19552575788 0.225820973587
0.0484838573087 0.193978792728 0.225820973587
0.0484838573087 0.192686220878 0.225820973587
0.0484838573087 0.192686220878 0.223325780443
