-nan -nan -nan
-nan -nan nan
-nan -nan -nan
1.05414939762 -nan -nan
1.11324080349 0.35871641473 -nan
1.1585376445 0.38023443226 0.549853143164
0.809923459342 0.39758690534 0.573110828365
0.827539130116 1.13810925424 0.59252283037
0.84261315463 1.16609167846 0.346991878365
0.819235289574 1.19049363566 0.35538472881
0.83165432029 2.18845563569 0.36281302807
0.842778191185 2.22065195643 1.39449094185
0.702814990646 2.24977544732 1.41388646222
0.710052643824 2.8160398422 1.43157583924
0.716699932688 2.84422567599 2.96151861176
0.668963692653 2.87026849716 2.99043824831
0.674543830463 2.46215899364 3.01729901474
0.679750498904 2.48087861023 2.55781789102
0.683743672041 2.49841623459 2.57713365818
0.688049325061 2.23443848363 2.59529516153
0.692110783986 2.24839539308 2.2756514962
0.6336847426 2.26159912692 2.28980720086
0.637048560059 2.02612025971 2.30323436428
0.640246920087 2.03665392418 2.0537470675
0.595624044428 2.04669145097 2.06459734682
0.598387215869 1.8581104622 2.07495739392
0.601030432966 1.86636262267 1.86733483737
0.551540532195 1.87427005356 1.87583199446
0.553757529535 1.71829294848 1.88398709717
0.555888415095 1.72493729309 1.7392057618
0.66074983488 1.73133232043 1.74632280797
0.663478626576 1.60803416992 1.75318157149
0.66611153956 1.61359849698 1.60835779338
0.61527403207 1.6189733483 1.61414948592
0.61751932149 1.50527280845 1.61974986632
0.619692601567 1.50995301127 1.98679593405
1.98904639262 1.51448735872 1.99292361097
1.99533775071 1.8598205591 1.99886557725
2.00144354543 1.86488371977 1.90443350305
1.86680462333 1.8698014406 1.90961594536
1.87216576187 1.78258280309 1.91465330976
1.87738054593 1.78712064025 1.79518636018
1.77830388644 1.79153760043 1.79963913598
1.78290918793 1.68876750666 1.80397610807
1.78739748928 1.69273210525 1.75205169785
1.73939542359 1.69659825898 1.75622040216
1.74343903059 1.60304012879 1.76028788344
1.74738657795 1.60651787929 1.65921754455
1.65206861593 1.609914764 1.66286776163
1.655634714 1.52581729932 1.66643486518
1.65912126623 1.52889693059 1.57580926741
1.57318181582 1.53190923763 1.57903334451
1.57634547578 1.45552677284 1.5821883186
1.57944262926 1.45826801089 1.50071396658
1.50177953252 1.46095270823 1.50357939284
1.50460258616 1.39151417994 1.50638681
1.50736952663 1.39396825212 1.51844619804
1.45990859785 1.39637441576 1.52108206205
1.46244020586 1.42112702547 1.52366737094
1.46492409539 1.42341116478 1.55596406776
1.40895264259 1.42565297995 1.55842725124
1.41122929055 1.41717181655 1.56084555392
1.4134651369 1.41926459466 1.51383902235
1.35411469685 1.42132047186 1.51606214587
1.35618033575 1.36531366522 1.51824669299
1.35821069169 1.3672159256 1.4574201138
1.3034573792 1.36908619423 1.45944361202
1.30533981576 1.31696477355 1.46143359599
1.30719154056 1.31870518129 1.40500313889
1.25688568499 1.32041761283 1.40685451433
1.25860698148 1.27189232168 1.40867656204
1.26030140124 1.27349316083 1.35633227556
1.21328224079 1.27506935701 1.35803172334
1.21486294325 1.22975787006 1.35970537448
1.21641998116 1.23123321321 1.31077536325
1.17209081793 1.23268676846 1.3123424742
1.1735491569 1.19039891199 1.31388675154
1.1749865276 1.1917620593 1.26845689238
1.13412115922 1.1931058624 1.26990437344
1.13546899285 1.15355906632 1.27133157777
1.1367981855 1.15482191706 1.28047002735
1.10018560403 1.15606752127 1.28183538266
1.10143298054 1.17911416944 1.28318232264
1.10266373895 1.18032044789 1.30233409317
1.07844556411 1.18151085016 1.30363350093
1.07960379407 1.1672447369 1.30491601124
1.0807471404 1.1683702935 1.29146222208
1.04730335168 1.16948155524 1.29267659186
1.04838225833 1.13539400469 1.29387571689
1.04944777539 1.13644564931 1.27166602339
1.01815748255 1.13748439 1.27279842792
1.01916464073 1.1049887523 1.27391709269
1.02015971372 1.10597603541 1.2385812343
0.990674112942 1.10695160123 1.23964290099
0.991616363231 1.07613590734 1.24069210376
0.99254766981 1.07706348438 1.20714767941
0.964227946528 1.07798040212 1.20814528966
0.965111823068 1.04883115414 1.20913155586
0.965985753015 1.04970356556 1.17719379308
0.939180438673 1.05056626012 1.17813346354
0.940011138029 1.02280266446 1.17906277431
0.940832771173 1.02362489562 1.1485651554
0.915447783918 1.02443824234 1.14945280189
0.916229880156 0.998131675831 1.15033095167
0.917003690639 0.998907503519 1.13507494772
0.920501530877 0.999675191353 1.13591168348
0.921247917879 0.987751844272 1.13673972445
0.921986622532 0.988484672722 1.12758546894
0.911085292688 0.989210029292 1.12837771021
0.911791401101 0.969622685692 1.12916194909
0.912490442968 0.970314050912 1.14231813663
0.890169122475 0.970998560417 1.14308108513
0.890837333609 0.971292744198 1.14383653665
0.891499037686 0.971952758191 1.12990252815
0.892154355455 0.972606402189 1.1055484497
0.870517239617 0.973253793358 1.10624785019
0.871144842388 0.951304652282 1.10694061868
0.871766545619 0.951925309076 1.08343428042
0.872382455041 0.952540181814 1.06093746234
0.872992673608 0.953149373276 1.03928382647
0.873597301596 0.953752983568 1.01843599578
0.874196436692 0.954351110214 0.998185280832
0.87479017408 0.954943848237 0.978882824086
0.875378606529 0.955531290251 0.982412186147
0.875961824472 0.956113526535 0.99811346584
0.876539916081 0.956690645114 1.001374676
0.877112967344 0.957262731831 0.9933909521
0.877681062135 0.957829870418 0.98161345464
0.878244282281 0.958392142565 0.997492775983
0.878802707629 0.958949627985 0.990913018562
0.858531731408 0.959502404476 0.991413648142
0.859067542797 0.938354035112 0.991910081795
0.859598897915 0.938885324315 0.976692413263
0.86012586754 0.93941222857 0.962240502644
0.860648520803 0.939934816999 0.947792816541
0.861166925235 0.940453157123 0.933460138853
0.86168114682 0.91964856856 0.933908707361
0.862191250035 0.920148788909 0.920434415338
0.862697297902 0.920645032479 0.907163153367
0.863199352027 0.901145412416 0.907588273884
0.863697472642 0.901623333767 0.894789971929
0.864191718649 0.900843922115 0.895202423913
0.864682147651 0.900332405819 0.895611690578
0.865168815999 0.88420116101 0.896017818949
0.865651778821 0.884640440258 0.884298277449
0.866131090057 0.867683286582 0.884691982882
0.866606802498 0.868107713942 0.875413437553
0.867078967812 0.86852897658 0.868701158264
0.847384213948 0.868947119623 0.869073764027
0.847838525835 0.869362187254 0.858722288571
0.848289518887 0.85295653712 0.859083817096
0.848737239479 0.853357983877 0.8496556234
0.849181733038 0.837590229266 0.850006414415
0.849623044061 0.837978651304 0.840778831026
0.830868416082 0.83836431059 0.841119363388
0.831293471298 0.838747244726 0.838191144589
0.83171554251 0.82799977936 0.838522458022
0.832134669809 0.828380407052 0.835824064211
0.832550892494 0.828758396936 0.825713019942
0.814433791819 0.829133784004 0.826029367329
0.814835149232 0.814273109628 0.826343550174
0.815233777737 0.814636607865 0.820678779336
0.815629712854 0.814997650078 0.813557210207
0.798280283827 0.815356268037 0.813856296865
0.798662394616 0.800936828976 0.814153387695
0.799041971222 0.801284374078 0.805189549473
0.799419045829 0.801629628319 0.796325730998
0.799793650021 0.787671836449 0.796609676951
0.783088586743 0.788006639846 0.796891773853
0.783450454763 0.78833927609 0.787845889454
0.783809994414 0.77484554704 0.788121250239
0.784167234395 0.775168289104 0.779230902636
0.767952687754 0.775488979031 0.779499810042
0.768298126198 0.775807641819 0.770791256069
0.768641393787 0.762698635968 0.771053940611
0.768982516662 0.763008038953 0.762531245985
0.753474473737 0.763315519944 0.762787915938
0.753804529899 0.750662860558 0.763043000604
0.754132559125 0.750961530764 0.754756178793
0.754458585274 0.751258377169 0.746555907792
0.739593019235 0.751553421121 0.746801116056
0.739908667326 0.739303263805 0.747044843751
0.740222420151 0.73959000609 0.738946695113
0.725999966251 0.739875036206 0.739185130355
0.726303887258 0.728018980549 0.73942214972
0.726606013409 0.728296112882 0.731635839599
0.726906365028 0.728571617484 0.723915825328
0.7272049621 0.717063857865 0.72414397023
0.713428522115 0.717331858321 0.724370789577
0.71371799181 0.717598310007 0.716844754572
0.714005797589 0.706289436192 0.717066716116
0.714291957795 0.706548829406 0.709655182058
0.700965482447 0.70680674733 0.709872465202
0.701243082353 0.70706320606 0.702658110429
0.701519119918 0.696148001064 0.702870819185
0.701793612009 0.696397744167 0.695791164943
0.688938734965 0.696646096243 0.695999444241
0.689205172813 0.686148675484 0.696206569426
0.689470141841 0.686390572441 0.689219510344
0.676989183943 0.686631142657 0.689422404442
0.677246535378 0.686870400095 0.682612851348
0.677502489544 0.676617959798 0.682811610521
0.677757060997 0.676851128165 0.676147349063
0.665791681272 0.677083043201 0.676342086771
0.666039040683 0.667170905152 0.676535782922
0.666285083629 0.667396982674 0.669966700277
0.666529823558 0.667621862912 0.663422318513
0.666773273715 0.657987252482 0.663609461787
0.655266709393 0.658206554329 0.663795623628
0.655503383091 0.658424711668 0.65741744275
0.655738827581 0.649030142531 0.657599995947
0.65597305512 0.649242975629 0.651495016499
0.644789709697 0.649454713907 0.651673981843
0.64501754827 0.649665368178 0.645571362539
0.645244225932 0.640531392542 0.64574689601
0.645469754043 0.640736984292 0.639855638265
0.63464251213 0.640941538315 0.640027788702
0.634861997725 0.632094376045 0.640199074265
0.63508038576 0.632294067539 0.634220042583
0.624606251911 0.632492765076 0.634388159293
0.624818878683 0.632690478158 0.62861273711
0.625030456817 0.62403563161 0.628777718565
0.625240996246 0.624228730863 0.623096510302
0.615097076421 0.624420886437 0.623258445153
0.615302155198 0.616040072141 0.623419592206
0.615506240778 0.616227788502 0.621546911044
0.615709342401 0.616414599828 0.615975101862
0.615911469182 0.608233669592 0.616131110923
0.616112630111 0.608416227698 0.610729540833
0.606263591764 0.608597917318 0.610882747491
0.606459640883 0.608778746392 0.607176759629
0.606654765516 0.600778105487 0.607327011629
0.60684897404 0.600954886309 0.602069260456
0.597318297167 0.601130840754 0.602216877193
0.597507647 0.601305976247 0.600737613222
0.597696119332 0.593514330586 0.600882567377
0.59788372198 0.593685599506 0.595765717452
0.588644305521 0.593856081502 0.595908184829
0.588827288913 0.594025783525 0.592387214965
0.589009438683 0.58652801202 0.592527034188
0.589190762133 0.58669399515 0.588353253386
0.580224970833 0.586859228463 0.588490536394
0.58040189997 0.587023718472 0.584025625574
0.580578036506 0.579609697141 0.584160494868
0.580753387267 0.579770658299 0.579363319897
0.572095018384 0.579930904351 0.579495953821
0.572266177458 0.57271123995 0.579628000915
