0.00299156 0.00303563 0.00326095
0.00254361 0.0021677 0.00182833
0.00438794 0.00293006 0.00277412
0.00493284 0.00387632 0.00365142
0.00487591 0.00441777 0.00415039
0.00284712 0.00246787 0.00178677
0.00184028 0.00262535 0.00158911
0.00169909 0.00260402 0.00156982
0.00204982 0.00263438 0.00214012
0.00289783 0.00222642 0.00200035
0.00397217 0.00281312 0.00243242
0.00256546 0.00223308 0.00184837
0.00317322 0.00169588 0.00154807
0.00245292 0.00219311 0.00208072
0.0019702 0.00199382 0.00161939
0.00365068 0.00174812 0.00141201
0.00294971 0.00212993 0.0019453
0.00166511 0.00190417 0.00163051
0.00308396 0.00257282 0.00192115
0.00368913 0.00241319 0.00234944
0.00192234 0.00165384 0.00136852
0.00144137 0.00159283 0.00133309
0.00187727 0.00168479 0.0014536
0.0023353 0.0017247 0.00118773
0.00155186 0.00164476 0.00120842
0.00161892 0.00159506 0.00123361
0.00199247 0.0017543 0.00141392
0.00248772 0.00176156 0.00161369
0.00167534 0.00196719 0.00190004
0.00216242 0.00242691 0.00218673
0.00219926 0.00232732 0.00214506
0.00259441 0.00137313 0.00126794
0.00290209 0.0015945 0.00142824
0.00292698 0.00205769 0.00188994
0.00177046 0.00151142 0.00127292
0.00327898 0.00170775 0.00146164
0.00307922 0.00212913 0.00198383
0.00329322 0.00181866 0.00117726
0.00320445 0.00221477 0.00185713
0.00248233 0.00169628 0.00149476
0.00149882 0.0015019 0.00114373
0.0027608 0.00227349 0.00164154
0.00326051 0.0027661 0.00254492
0.00249633 0.00249801 0.00255046
0.00212359 0.00179891 0.00158993
0.00229859 0.00180525 0.00163903
0.00232886 0.00169885 0.00162822
0.00210211 0.00164061 0.00169257
0.00316946 0.00196349 0.00200464
0.00224222 0.0017745 0.00182245
0.00341526 0.00218244 0.00229629
0.00215006 0.0021278 0.00208124
0.00189133 0.00236236 0.00204386
0.0019493 0.00243883 0.00227142
0.00260989 0.00300183 0.00266594
0.00226081 0.00168928 0.00153907
0.00166332 0.00139763 0.00106857
0.00161707 0.00182932 0.0012524
0.00275506 0.00190349 0.00164696
0.00167375 0.0016591 0.00150574
0.00163497 0.0016483 0.0011191
0.00166292 0.0022543 0.00166099
0.0016793 0.00241378 0.00208191
0.00190661 0.00253304 0.00223204
0.00243564 0.00192583 0.00175842
0.00174625 0.00175251 0.00180445
0.00187764 0.00257544 0.00239357
0.00243191 0.00246534 0.00222792
0.00173313 0.00180376 0.00181525
0.00175048 0.0021151 0.00195211
0.00235898 0.00213094 0.0019876
0.00154367 0.00199643 0.00161218
0.00153568 0.00227729 0.00168961
0.0015183 0.00232683 0.00186174
0.00191593 0.0026277 0.00206795
0.00180037 0.00212039 0.00170102
0.00264385 0.0021372 0.00150195
0.00168767 0.00180204 0.00148808
0.00156233 0.00236704 0.00177826
0.00196608 0.00258262 0.00206173
0.00188535 0.00232313 0.00145234
0.00163693 0.00231104 0.00155084
0.00234896 0.00237487 0.0019557
0.0020586 0.00210569 0.00176876
0.00211205 0.00203639 0.00183609
0.00292888 0.00214215 0.00216709
0.00200576 0.00204482 0.00201095
0.00218148 0.00204727 0.00198407
0.00285006 0.00214253 0.00220979
0.00265267 0.00142071 0.00151068
0.00254573 0.0019862 0.00188038
0.00277417 0.00179181 0.00174604
0.00282583 0.00226312 0.0021819
0.00195101 0.00283695 0.00262063
0.00186302 0.00229803 0.00228858
0.00186492 0.00229172 0.00196405
0.00178798 0.0024464 0.00205013
0.00188859 0.00259173 0.00213389
0.00159441 0.00219166 0.00221233
0.00195844 0.00257034 0.00237525
0.00166573 0.00237236 0.00204385
0.00179087 0.00231994 0.00236801
0.00218463 0.0028374 0.00239391
0.0019816 0.00266849 0.00257415
0.00261062 0.002672 0.00283492
0.00224812 0.00316882 0.00310014
0.00235224 0.00299326 0.00287481
0.00275495 0.00278981 0.00302617
0.00189464 0.0033925 0.00337929
0.00211085 0.00288986 0.00301498
0.00172113 0.00287569 0.00298294
0.00286418 0.00308 0.00311511
0.00206351 0.00351444 0.0032816
0.00174181 0.00380491 0.00326651
0.00304512 0.00373216 0.00328261
0.00298294 0.0036177 0.00309821
0.00207575 0.00365607 0.00318218
0.00221801 0.00269274 0.0031928
0.00236133 0.00259718 0.003424
0.00233796 0.00391271 0.00375489
0.00222466 0.00387107 0.00366773
0.00210926 0.00361584 0.00350567
0.00197712 0.00311341 0.00340584
0.00174143 0.00283603 0.00239229
0.00173227 0.00241181 0.00225264
0.0019933 0.00268299 0.00230122
0.00192061 0.0037469 0.00349889
0.00229763 0.00412154 0.00383839
0.0028961 0.00398746 0.00382157
0.00263783 0.00332209 0.00381458
0.00250581 0.00367911 0.00387101
0.00231146 0.00306646 0.00345818
0.00264328 0.00334717 0.00364356
0.0023657 0.00337098 0.00371744
0.00278797 0.00404476 0.00388527
0.00292042 0.00407506 0.00408252
0.00285668 0.00410148 0.00428814
0.00281062 0.00491387 0.00447587
0.00282326 0.00504474 0.00484645
0.00299648 0.00525246 0.00525566
0.00337689 0.00569273 0.0055298
0.00341426 0.00611573 0.0059025
0.00402522 0.00607136 0.00602454
0.0039278 0.00550761 0.00608946
0.0038877 0.00476199 0.00610063
0.00389274 0.00503881 0.00616325
0.00429233 0.00495046 0.00606614
0.004127 0.00482434 0.00607685
0.00392077 0.00509302 0.00592387
0.00385105 0.00611028 0.00566412
0.00408212 0.00593622 0.00559143
0.00360519 0.00573803 0.00566435
0.00401986 0.00452032 0.005705
0.00360707 0.00526249 0.00563207
0.00347732 0.0039357 0.00477159
0.00319049 0.00402994 0.0044252
0.00321552 0.00415145 0.00456718
0.00426116 0.0047338 0.00557592
0.00351146 0.00437519 0.00541007
0.00361374 0.00447881 0.0050376
0.00396665 0.00457708 0.00551157
0.00396758 0.00473874 0.00516937
0.00411531 0.0045643 0.00539911
0.00385338 0.00442882 0.005395
0.00407706 0.0037737 0.00522562
0.00431378 0.00434059 0.00549226
0.00404048 0.00467483 0.00521377
0.00415241 0.00479687 0.00556004
0.00372279 0.00449784 0.00535877
0.00365075 0.00466694 0.00476222
0.00390217 0.00435366 0.00525699
0.00406084 0.00446497 0.00530434
0.00315734 0.00456677 0.0046271
0.00504928 0.00531559 0.00519857
0.00426743 0.00425259 0.00523999
0.00387364 0.00463758 0.00445246
0.00421537 0.0053748 0.00507471
0.00437169 0.00577373 0.0048625
0.00411705 0.00411705 0.0045175
0.00397575 0.00397575 0.00450516
0.00423007 0.0047985 0.00457078
0.00390651 0.00381559 0.00457044
0.00301203 0.00306964 0.00430317
0.00377129 0.0040936 0.00438795
0.00345159 0.00375748 0.00424827
0.00409599 0.00520238 0.00401294
0.00410435 0.00518894 0.00407458
0.00345796 0.00343187 0.0042084
0.00331093 0.00338719 0.00407634
0.00377594 0.00377594 0.00395973
0.00418306 0.00418306 0.00423757
0.00389269 0.00389269 0.00396602
0.00397 0.00397 0.00405157
0.00393882 0.00393882 0.00404365
0.00410096 0.00410096 0.00421793
0.00404723 0.00404723 0.00416442
0.00413397 0.00413397 0.00422979
0.00414306 0.00414306 0.00426757
0.00408586 0.00408586 0.00422385
0.00422981 0.00422981 0.00436542
0.00428153 0.00445501 0.00438551
0.00397449 0.00397449 0.00414995
0.00397492 0.00412621 0.00409347
0.00467809 0.0049792 0.0041598
0.0040163 0.00358962 0.00395484
0.0042382 0.00436423 0.00378807
0.00403565 0.00414928 0.00376859
0.00346347 0.0039026 0.00377548
0.00285435 0.00384723 0.00392232
0.00333956 0.00329589 0.00402085
0.00329244 0.00326252 0.00398406
0.00426523 0.00415108 0.00377082
0.00371791 0.00411655 0.00393762
0.00313872 0.00337811 0.00404894
0.00320773 0.00309437 0.0041048
0.00403041 0.00444776 0.00388919
0.00356781 0.00366633 0.00406355
0.00344657 0.00334052 0.00402885
0.00337863 0.00362472 0.0040675
0.00321518 0.00322483 0.00386168
0.00321038 0.00330728 0.00393016
0.00332673 0.0034859 0.00391495
0.00396818 0.00426997 0.00369367
0.00360109 0.00360109 0.00386235
0.00351848 0.00351848 0.00377602
0.00348008 0.00348008 0.0037441
0.00360825 0.00360825 0.0038589
0.00352345 0.00352345 0.00377714
0.00360581 0.00360581 0.00385248
0.00365661 0.00365661 0.0039154
0.00354008 0.00354008 0.00377137
0.00357978 0.00357978 0.00381526
0.00361913 0.00361913 0.00387189
0.00360849 0.00257733 0.00389298
0.00374501 0.00374501 0.00401477
0.00366362 0.00251567 0.00391257
0.00375937 0.00259697 0.00401833
0.0036888 0.0036888 0.003916
0.00373497 0.00373497 0.00395827
0.00383071 0.00383071 0.0040638
0.00374125 0.00374125 0.00397276
0.00384095 0.00384095 0.00406354
0.00380618 0.00380618 0.00403296
0.00383236 0.00383236 0.00403926
0.00391603 0.00391603 0.0040949
0.0037185 0.0037185 0.00391207
0.00389967 0.00389967 0.00409801
0.00378696 0.00378696 0.00401238
0.00382521 0.00382521 0.00403937
0.00380933 0.00380933 0.00402106
0.00374801 0.00374801 0.00396114
0.00372275 0.00372275 0.00393955
0.00383407 0.00383407 0.00406404
0.00400815 0.00400815 0.00423073
0.00394236 0.00394236 0.0042186
0.00401858 0.00401858 0.0042677
0.00391765 0.00391765 0.00427211
0.00387597 0.00387597 0.00418652
0.0039275 0.0039275 0.00425988
0.00382579 0.00382579 0.00411086
0.00388063 0.00388063 0.00418017
0.00381592 0.00381592 0.00408818
0.00373467 0.00373467 0.00403092
0.00376288 0.00376288 0.00402207
0.00361686 0.00361686 0.00386672
0.0035788 0.0035788 0.00383996
0.00370526 0.00370526 0.0039662
0.003522 0.003522 0.00379205
0.00363778 0.00363778 0.00387287
0.00344624 0.00344624 0.00371797
0.00347936 0.00347936 0.00375504
0.00361062 0.00361062 0.00389883
0.00362683 0.00362683 0.00390179
0.00360148 0.00360148 0.0038889
0.00368261 0.00368261 0.00395374
0.00366977 0.00366977 0.00393911
0.00369239 0.00369239 0.00396749
0.00379001 0.00379001 0.00406945
0.00383007 0.00383007 0.0041152
0.00387386 0.00387386 0.00415594
0.00393571 0.00393571 0.0042276
0.00399012 0.00399012 0.00427758
0.0040378 0.0040378 0.0043405
0.00407494 0.00407494 0.00438155
0.00412427 0.00412427 0.0044427
0.00414027 0.00414027 0.00443907
0.0041863 0.0041863 0.00449473
0.00413876 0.00413876 0.00445276
0.00420286 0.00420286 0.0045071
0.0042043 0.0042043 0.00454115
0.00425103 0.00425103 0.00459846
0.00440595 0.00440595 0.00483643
0.00444991 0.00444991 0.00490808
0.00443255 0.00443255 0.00490616
0.00457212 0.00457212 0.00499283
0.00452977 0.00452977 0.00509582
0.00454747 0.00454747 0.00513543
0.00470002 0.00470002 0.00524376
0.00465968 0.00465968 0.00516805
0.00461451 0.00461451 0.00510431
0.00470853 0.00470853 0.00518136
0.00466355 0.00466355 0.00520202
0.00470885 0.00470885 0.00522283
0.00469116 0.00469116 0.00519621
0.00471663 0.00471663 0.00520475
0.00474403 0.00474403 0.00518859
0.00464704 0.00464704 0.00511384
0.00468042 0.00468042 0.00516198
0.00452995 0.00452995 0.00506191
0.00449027 0.00449027 0.00502374
0.00454277 0.00454277 0.00504482
0.00450237 0.00450237 0.00502516
0.00453877 0.00453877 0.00503366
0.00449898 0.00449898 0.00498634
0.00454729 0.00454729 0.00503422
0.00447099 0.00447099 0.00493788
0.00457074 0.00457074 0.00501839
0.00442152 0.00442152 0.00486708
0.00453505 0.00453505 0.00499796
0.00446816 0.00446816 0.00498535
0.00458361 0.00458361 0.00508864
0.00461363 0.00461363 0.00520286
0.00457061 0.00457061 0.00515428
0.00478006 0.00478006 0.00530193
0.00490811 0.00490811 0.00539194
0.00490539 0.00490539 0.00537481
0.00498219 0.00498219 0.00546524
0.00491868 0.00491868 0.00536448
0.00493315 0.00493315 0.00540173
0.00501403 0.00501403 0.00550503
0.00508488 0.00508488 0.00551376
0.00505901 0.00505901 0.00550164
0.00518793 0.00518793 0.00561852
0.0052248 0.0052248 0.00557191
0.00517663 0.00517663 0.00557152
0.00518991 0.00518991 0.00561524
0.00528751 0.00528751 0.00567014
0.00519501 0.00519501 0.00558664
0.00532548 0.00532548 0.00572423
0.00533222 0.00533222 0.00572008
0.00526161 0.00526161 0.00561058
0.00538706 0.00538706 0.00575164
0.00535118 0.00535118 0.00572129
0.00543193 0.00543193 0.00580911
0.00539695 0.00539695 0.00577213
0.00550334 0.00550334 0.00590645
0.00553003 0.00553003 0.00589545
0.00548856 0.00548856 0.00585122
0.00558766 0.00558766 0.00591943
0.00551725 0.00551725 0.00585989
0.00559508 0.00559508 0.0059367
