1.07864 1.05095 1.05604
1.06989 1.05093 1.04721
1.05661 1.08568 1.04822
1.05357 1.05723 1.0684
1.04787 1.06996 1.07781
1.0698 1.0492 1.06141
1.05071 1.08895 1.1306
1.05664 1.05849 1.0538
1.06837 1.05357 1.04558
1.07176 1.0753 1.04314
1.04773 1.05954 1.04854
1.04804 1.05869 1.04829
1.05367 1.04973 1.05014
1.05024 1.04823 1.04726
1.0489 1.04658 1.09274
1.04687 1.05069 1.05799
1.04704 1.0513 1.04399
1.04787 1.05451 1.06842
1.04488 1.04085 1.04366
1.04754 1.04791 1.04728
1.04446 1.04224 1.04165
1.04254 1.0427 1.03982
1.04763 1.04312 1.0438
1.03749 1.04162 1.04135
1.06306 1.08576 1.04975
1.03784 1.05168 1.04363
1.0312 1.04762 1.05728
1.03311 1.03351 1.03371
1.03163 1.03183 1.08328
1.03163 1.0318 1.03159
1.03193 1.03212 1.03128
1.03033 1.031 1.03151
1.03226 1.03164 1.03151
1.05322 1.03103 1.03173
1.03725 1.04658 1.03244
1.03289 1.06008 1.11609
1.05153 1.03298 1.03262
1.03469 1.03534 1.03413
1.03169 1.02313 1.03076
1.02569 1.02328 1.02318
1.05273 1.02417 1.05575
1.02387 1.02553 1.02412
1.02675 1.02553 1.02572
1.03712 1.02594 1.02434
1.02825 1.02432 1.02392
1.024 1.02169 1.02203
1.03267 1.02579 1.01997
1.0197 1.01996 1.0195
1.02175 1.02237 1.02421
1.02602 1.02066 1.02061
1.02052 1.02078 1.02202
1.01992 1.02041 1.02
1.01944 1.01971 1.02572
1.02117 1.02922 1.01904
1.02154 1.01853 1.01995
1.01846 1.01863 1.01913
1.02093 1.0208 1.01871
1.03116 1.01986 1.02223
1.02128 1.0211 1.02258
1.01794 1.02459 1.02092
1.02119 1.02664 1.02585
1.01938 1.01989 1.02085
1.01923 1.0328 1.01925
1.01971 1.02101 1.02556
1.02153 1.02095 1.02128
1.02196 1.0193 1.01989
1.02087 1.02032 1.02034
1.02474 1.02517 1.02533
1.02275 1.02548 1.0236
1.02501 1.02468 1.02411
1.03027 1.02639 1.02471
1.02263 1.02424 1.02301
1.02383 1.02119 1.02133
1.02019 1.02024 1.01936
1.01948 1.02169 1.01969
1.0246 1.02588 1.02489
1.02918 1.02861 1.02649
1.02824 1.02694 1.0296
1.02861 1.02932 1.02404
1.0259 1.02515 1.02119
1.02644 1.02096 1.02246
1.02639 1.02779 1.02952
1.02609 1.02539 1.02755
1.02338 1.02292 1.02477
1.02809 1.03327 1.03328
1.03081 1.02685 1.02911
1.02354 1.02803 1.02546
1.02802 1.02903 1.02921
1.02871 1.02818 1.02852
1.03117 1.03196 1.03086
1.02959 1.02991 1.0299
1.0293 1.02973 1.02895
1.02808 1.02828 1.02891
1.02909 1.0239 1.02477
1.03032 1.02427 1.02594
1.02441 1.02867 1.02663
1.02847 1.03029 1.02671
1.02653 1.02592 1.02599
1.02828 1.03053 1.02824
1.04714 1.02989 1.03085
1.02905 1.02026 1.03077
1.03127 1.0291 1.03176
1.02887 1.02919 1.02972
1.0256 1.02753 1.02555
1.02767 1.03032 1.02571
1.02619 1.02983 1.02754
1.024 1.02992 1.02435
1.02569 1.02704 1.02754
1.02299 1.02316 1.02901
1.0275 1.02535 1.02688
1.02535 1.02593 1.02576
1.02162 1.0163 1.02247
1.01746 1.01756 1.01951
1.02772 1.02519 1.02733
1.02595 1.02645 1.02774
1.03022 1.03114 1.03113
1.0379 1.03809 1.03148
1.03912 1.03903 1.037
1.03652 1.03917 1.05323
1.03506 1.03773 1.03255
1.03462 1.03638 1.03421
1.0342 1.03009 1.03032
1.03258 1.03073 1.02961
1.02999 1.02943 1.06833
1.02643 1.02667 1.02788
1.02725 1.0285 1.02733
1.0332 1.03377 1.02717
1.02704 1.02743 1.0287
1.05163 1.03537 1.02829
1.04001 1.03691 1.0368
1.03627 1.04309 1.05842
1.04217 1.07847 1.03288
1.0476 1.07124 1.04778
1.02953 1.0266 1.03496
1.11257 1.0514 1.03656
1.03231 1.03176 1.03333
1.03006 1.02865 1.02658
1.05528 1.03691 1.02855
1.0275 1.03031 1.02139
1.02964 1.03363 1.03013
1.02733 1.05395 1.03403
1.02831 1.02789 1.07586
1.02743 1.04329 1.02982
1.06929 1.03136 1.03063
1.04937 1.041 1.02638
1.02284 1.02855 1.02975
1.1228 1.05435 1.02501
1.03894 1.04111 1.03823
1.05468 1.04321 1.04657
1.0329 1.03026 1.06875
1.05366 1.0311 1.03258
1.04576 1.02879 1.01904
1.04089 1.02658 1.02507
1.03903 1.03378 1.03172
1.03776 1.04327 1.02691
1.04578 1.02485 1.02168
1.03811 1.0446 1.05829
1.06612 1.10662 1.06954
1.05371 1.04223 1.044
1.05862 1.04497 1.03339
1.0328 1.04783 1.02939
1.03868 1.06404 1.04009
1.07492 1.06959 1.03466
1.08261 1.07966 1.05568
1.03781 1.03774 1.03941
1.04296 1.11208 1.03558
1.0304 1.03336 1.03032
1.02764 1.03696 1.03364
1.03406 1.03182 1.03662
1.07932 1.07082 1.07884
1.0317 1.03061 1.03451
1.02755 1.04987 1.02827
1.03665 1.0244 1.0254
1.03108 1.0363 1.03431
1.02838 1.05318 1.05666
1.02792 1.03636 1.03042
1.03621 1.02551 1.03468
1.04015 1.02893 1.02704
1.02731 1.02279 1.08015
1.04757 1.02503 1.02208
1.04562 1.01996 1.02259
1.03609 1.0364 1.03729
1.03237 1.08587 1.03765
1.02477 1.04221 1.04316
1.05684 1.02899 1.03091
1.07091 1.06109 1.03324
1.03754 1.04753 1.06967
1.08556 1.04506 1.0256
1.0315 1.03811 1.02738
1.03501 1.07433 1.04166
1.04408 1.03951 1.03213
1.02498 1.08681 1.02878
1.06267 1.04902 1.03829
1.02685 1.03575 1.04169
1.03574 1.02343 1.01824
1.03905 1.04602 1.03163
1.02176 1.02561 1.0309
1.05969 1.02722 1.03023
1.04401 1.04547 1.0391
1.02988 1.0322 1.03242
1.03788 1.09915 1.03743
1.06191 1.03358 1.03376
1.06063 1.04908 1.04575
1.12883 1.04632 1.03515
1.04515 1.10979 1.04102
1.04251 1.0424 1.03677
1.04007 1.03965 1.04526
1.04111 1.03537 1.03607
1.06823 1.05891 1.0347
1.03955 1.03495 1.0226
1.06375 1.02672 1.02485
1.04332 1.03061 1.04278
1.06405 1.04047 1.03204
1.04034 1.03216 1.02413
1.02531 1.04482 1.0425
1.02791 1.02889 1.04131
1.03296 1.0382 1.0339
1.03928 1.02927 1.04457
1.03661 1.04772 1.03824
1.05366 1.05111 1.04768
1.04729 1.04716 1.04324
1.04482 1.04957 1.04421
1.04009 1.05851 1.03653
1.0583 1.04227 1.04927
1.03223 1.04926 1.03734
1.10457 1.07467 1.09874
1.05134 1.03481 1.05102
1.03546 1.03823 1.05139
1.03895 1.05243 1.04198
1.04326 1.05027 1.04161
1.08307 1.03579 1.04667
1.04648 1.04848 1.0367
1.05331 1.0542 1.05033
1.06763 1.07142 1.06074
1.05592 1.06004 1.0512
1.04067 1.03685 1.03008
1.04428 1.04164 1.03876
1.03436 1.03211 1.03065
1.03504 1.03415 1.04094
1.03243 1.03099 1.03607
1.05444 1.04318 1.05476
1.04034 1.02775 1.04125
1.02692 1.07189 1.03566
1.02766 1.06593 1.04897
1.04206 1.04353 1.0552
1.03367 1.03621 1.04206
1.04179 1.04483 1.03769
1.03829 1.03388 1.03665
1.0207 1.04147 1.04621
1.083 1.06505 1.0287
1.03435 1.03011 1.0509
1.0354 1.05568 1.04131
1.02871 1.04183 1.02652
1.04415 1.04635 1.04266
1.03894 1.03392 1.04022
1.04392 1.04379 1.03283
1.03847 1.0391 1.03448
1.04407 1.02653 1.03759
1.04202 1.03785 1.0341
1.05533 1.0277 1.03667
1.04138 1.03765 1.03933
1.03811 1.03485 1.05424
1.03187 1.0408 1.03559
1.07108 1.02685 1.03149
1.0411 1.0465 1.02675
1.06342 1.03626 1.03575
1.10289 1.04466 1.0318
1.03213 1.04803 1.06651
1.03243 1.05512 1.04678
1.0312 1.02686 1.04083
1.03555 1.06512 1.03437
1.04176 1.03053 1.02758
1.03571 1.03338 1.04234
1.04607 1.03635 1.04387
1.04643 1.04287 1.03738
1.02982 1.03082 1.03659
1.0349 1.03561 1.03376
1.03354 1.11619 1.03992
1.03425 1.04711 1.03183
1.03573 1.04465 1.04179
1.04171 1.04297 1.04476
1.05726 1.03353 1.04087
1.03108 1.07317 1.03966
1.03484 1.0363 1.02833
1.04685 1.06642 1.04512
1.02508 1.03266 1.03152
1.04106 1.04084 1.04351
1.03417 1.05133 1.03394
1.04312 1.03745 1.03441
1.05063 1.06312 1.02189
1.04941 1.03574 1.02742
1.0406 1.03954 1.03671
1.03984 1.04601 1.04577
1.0256 1.03288 1.03013
1.11649 1.04308 1.03131
1.03151 1.03597 1.0356
1.03678 1.03175 1.03806
1.04634 1.02821 1.0268
1.02689 1.02186 1.041
1.02648 1.02547 1.03039
1.05286 1.04862 1.03618
1.04322 1.03871 1.03009
1.02885 1.02613 1.02565
1.03646 1.09523 1.03357
1.05157 1.03573 1.02167
1.04362 1.02328 1.03035
1.03361 1.04192 1.03191
1.02197 1.02353 1.04522
1.04033 1.02025 1.03259
1.04535 1.06721 1.02496
1.02703 1.0606 1.04822
1.02471 1.03639 1.03691
1.04579 1.02959 1.03503
1.02606 1.03094 1.02195
1.03084 1.02643 1.02716
1.03864 1.0509 1.02652
1.0226 1.02559 1.02568
1.03475 1.08009 1.03385
1.04163 1.05125 1.03587
1.04039 1.03959 1.04038
1.02421 1.02429 1.02628
1.05947 1.03328 1.03155
1.02835 1.02037 1.03101
1.02771 1.05154 1.03884
1.03489 1.03743 1.03502
1.03182 1.03759 1.0304
1.029 1.02158 1.03684
1.06673 1.03058 1.02282
1.0457 1.02063 1.02065
1.03428 1.04552 1.02766
1.06147 1.06267 1.03539
1.03414 1.04625 1.04015
1.03641 1.06438 1.03499
1.09037 1.03836 1.03927
1.10275 1.05466 1.03138
1.02465 1.02842 1.0331
1.05995 1.0322 1.03361
1.0421 1.07295 1.04907
1.03451 1.03907 1.04475
1.02945 1.04103 1.02845
1.04381 1.03618 1.04687
1.04534 1.03909 1.03398
1.02967 1.0274 1.02849
1.03331 1.03706 1.03373
1.03166 1.0403 1.02514
1.03289 1.04168 1.04038
1.05538 1.08272 1.03595
1.03726 1.04507 1.04646
1.06668 1.06635 1.06558
1.04966 1.04698 1.04541
1.04896 1.09448 1.05516
1.05096 1.05388 1.05017
1.06172 1.08979 1.04943
1.05204 1.04225 1.04889
1.04169 1.03822 1.03191
1.03905 1.03877 1.04068
1.06656 1.05204 1.07266
1.04389 1.08271 1.04398
1.07609 1.0525 1.04176
1.05039 1.04169 1.04095
1.05553 1.04132 1.02757
1.04738 1.04158 1.04622
1.05109 1.04826 1.03761
1.03231 1.08184 1.04347
1.03886 1.06007 1.04389
1.03817 1.04051 1.03888
1.0575 1.04285 1.03291
1.04181 1.04623 1.01858
1.05267 1.04826 1.04364
1.048 1.04347 1.04022
1.04413 1.05012 1.05987
1.03831 1.03631 1.03401
1.05118 1.05435 1.05823
1.03387 1.03562 1.03207
1.06742 1.04357 1.04092
1.06489 1.03872 1.04169
1.03811 1.03993 1.03953
1.04923 1.04134 1.04579
1.0695 1.03707 1.03755
1.03874 1.03871 1.07494
1.0592 1.04697 1.03297
1.02455 1.08798 1.02676
1.05277 1.05334 1.04643
1.04091 1.08457 1.04034
1.04508 1.08881 1.06065
1.05421 1.04253 1.03533
1.06463 1.08086 1.05365
1.05775 1.08604 1.04803
1.04796 1.04053 1.04152
1.0319 1.03172 1.03179
1.03265 1.03288 1.03252
1.06737 1.03474 1.04183
1.04856 1.03207 1.03209
1.05968 1.04898 1.04886
1.06444 1.09055 1.0884
1.03681 1.04373 1.06674
1.09288 1.06051 1.04179
1.05247 1.06967 1.02611
1.05183 1.04978 1.0468
1.06031 1.04651 1.04726
1.04561 1.03682 1.04113
1.02652 1.10919 1.10595
1.04648 1.05876 1.03832
1.05855 1.06657 1.06733
1.03582 1.03051 1.04369
1.0881 1.06172 1.05181
1.08341 1.07089 1.04586
1.08908 1.04435 1.0661
1.0483 1.06854 1.07747
1.12293 1.06478 1.02762
1.02661 1.05069 1.02322
1.03222 1.05829 1.04731
1.0503 1.03991 1.03636
1.05231 1.04647 1.02636
1.04257 1.05547 1.05201
1.03865 1.03826 1.03829
1.04061 1.03242 1.033
1.03657 1.04127 1.02581
1.02991 1.03391 1.17969
1.02339 1.0371 1.02262
1.03478 1.03588 1.05134
1.02611 1.03169 1.10741
1.06205 1.03204 1.05172
1.03139 1.03085 1.03699
1.06619 1.07062 1.04363
1.05656 1.02398 1.07611
1.06941 1.0735 1.0436
1.07837 1.09875 1.0834
1.05205 1.05132 1.14373
1.06871 1.08164 1.09917
1.05186 1.05353 1.05541
1.04564 1.02898 1.04149
1.02561 1.02888 1.04898
1.04789 1.0308 1.03491
1.02725 1.02903 1.09959
1.05024 1.03107 1.06238
1.05202 1.02694 1.05051
1.03607 1.05136 1.04274
1.0784 1.02303 1.06169
1.02751 1.02406 1.03566
1.0725 1.12143 1.03532
1.03865 1.05031 1.06762
1.03698 1.03366 1.04247
1.05344 1.0546 1.05193
1.05863 1.04702 1.03055
1.03915 1.03941 1.02397
1.06493 1.14733 1.0588
1.10618 1.05299 1.04192
1.03439 1.04161 1.03938
1.08953 1.02845 1.07347
1.12372 1.08887 1.07736
1.06958 1.06864 1.07332
1.06064 1.04752 1.04825
1.02813 1.0234 1.05146
1.05161 1.05661 1.06047
1.05614 1.06877 1.08098
1.06821 1.02968 1.0573
1.02709 1.04556 1.04893
1.02821 1.02562 1.02432
1.02488 1.05259 1.04923
1.02734 1.04407 1.03935
1.06662 1.03968 1.0266
1.03193 1.02755 1.03378
1.04477 1.03518 1.04373
1.06384 1.06016 1.06129
1.03554 1.05354 1.08164
1.03021 1.07744 1.05145
1.05217 1.03222 1.04637
1.0352 1.02637 1.03787
1.08768 1.05461 1.05949
1.06857 1.02971 1.03502
1.04885 1.03337 1.03499
1.03712 1.03927 1.04382
1.05509 1.09183 1.04783
1.03394 1.04072 1.04707
1.057 1.06598 1.05234
1.03044 1.04311 1.10792
1.03697 1.03766 1.0331
1.04799 1.02807 1.04761
1.03574 1.0511 1.02626
1.03589 1.04679 1.03066
1.03922 1.04478 1.02207
1.06838 1.06701 1.05684
1.06135 1.09576 1.08097
1.02674 1.02753 1.05203
1.08533 1.03465 1.03295
1.04355 1.12172 1.06783
1.03981 1.04249 1.02841
1.02826 1.04279 1.03928
1.04802 1.04496 1.04853
1.03617 1.03641 1.04313
1.03115 1.04031 1.05566
1.03865 1.06083 1.03852
1.04087 1.0285 1.04276
1.01847 1.01975 1.02141
1.04225 1.04642 1.04042
1.04201 1.0417 1.04059
1.0319 1.02805 1.03551
1.02732 1.03207 1.02661
1.02968 1.02616 1.02587
1.05925 1.10575 1.05877
1.09065 1.08387 1.04035
1.0877 1.02406 1.03933
1.04212 1.07768 1.05587
1.02738 1.02631 1.02774
1.04232 1.05864 1.03624
1.05755 1.06346 1.03996
1.0609 1.03261 1.03508
1.02908 1.04065 1.03526
1.05207 1.03429 1.03743
1.04488 1.03014 1.03066
1.03174 1.03309 1.05024
1.03323 1.07109 1.03232
1.03358 1.05109 1.04887
1.02717 1.02939 1.03088
1.03494 1.06596 1.10369
1.04172 1.042 1.03426
1.06041 1.03168 1.09287
1.0279 1.02846 1.02451
1.04449 1.02871 1.0321
1.03327 1.08307 1.04657
1.05606 1.08147 1.08474
1.06917 1.06793 1.03417
1.03126 1.03455 1.03114
1.02841 1.04223 1.02901
1.02386 1.02254 1.02493
1.03032 1.03146 1.02653
1.02506 1.02843 1.02057
1.03541 1.1132 1.03696
1.04784 1.07927 1.05107
1.03359 1.02328 1.03297
1.04954 1.02838 1.03442
1.07194 1.03166 1.03629
1.03832 1.03405 1.03642
1.03529 1.05607 1.07781
1.05219 1.02961 1.06739
1.03936 1.04073 1.0591
1.04709 1.04678 1.06221
1.03732 1.03402 1.03544
1.03405 1.07706 1.05511
1.031 1.04659 1.04371
1.05042 1.03593 1.03247
1.04671 1.03729 1.05941
1.03704 1.03147 1.07298
1.02717 1.02085 1.0404
1.0981 1.03582 1.09058
1.04555 1.03037 1.04531
1.06908 1.03741 1.06108
1.04534 1.05344 1.04285
1.08735 1.07732 1.04438
1.03248 1.07482 1.03461
1.05873 1.02677 1.04407
1.06435 1.0645 1.06845
1.0916 1.08984 1.03034
1.0536 1.04395 1.04867
1.02998 1.10545 1.03129
1.0414 1.1124 1.03019
1.03256 1.05758 1.03154
1.036 1.03304 1.02944
1.04326 1.06558 1.03219
1.03901 1.0365 1.04804
1.03795 1.08214 1.07909
1.04111 1.07897 1.06712
1.03857 1.02782 1.02732
1.04893 1.05195 1.04851
1.07555 1.03955 1.02868
1.07133 1.03924 1.02274
1.03118 1.02932 1.03671
1.12913 1.05681 1.05113
1.05168 1.026 1.05755
1.02271 1.02938 1.02383
1.03355 1.02942 1.0446
1.03989 1.04897 1.04208
1.06342 1.04184 1.03838
1.04493 1.04955 1.03674
1.14117 1.02583 1.02673
1.07452 1.027 1.0413
1.07786 1.0539 1.046
1.02329 1.02676 1.09258
1.05255 1.06958 1.06565
1.05457 1.04016 1.05896
1.04993 1.03698 1.0401
1.03512 1.05513 1.03176
1.0535 1.04641 1.02387
1.05166 1.02703 1.03157
1.02839 1.02672 1.0275
1.05174 1.03916 1.05561
1.03302 1.04079 1.06129
1.02576 1.03399 1.05917
1.03125 1.05032 1.03415
1.07584 1.0874 1.05387
1.02464 1.0242 1.02268
1.05563 1.04134 1.05463
1.0379 1.04667 1.03876
1.05245 1.03812 1.04294
1.05693 1.0798 1.07842
1.02569 1.02323 1.02856
1.04418 1.04827 1.02335
1.04444 1.06617 1.03766
1.05219 1.08795 1.08649
1.04157 1.04296 1.05366
