1.07318 1.07132 1.07262
1.0749 1.07532 1.0757
1.07372 1.0724 1.07382
1.07458 1.07255 1.07364
1.07502 1.07485 1.07562
1.07634 1.07579 1.07602
1.07545 1.07409 1.07477
1.07703 1.07565 1.07621
1.07554 1.0729 1.07407
1.07417 1.07355 1.07476
1.07621 1.0749 1.07597
1.0682 1.0691 1.06999
1.07149 1.06951 1.07035
1.07748 1.07681 1.07744
1.07471 1.07253 1.07353
1.07153 1.07194 1.07252
1.08462 1.07132 1.07255
1.07072 1.06828 1.06903
1.07021 1.07146 1.06987
1.07124 1.07184 1.07265
1.07472 1.07352 1.07435
1.07504 1.07524 1.07612
1.07732 1.09022 1.08301
1.0776 1.09402 1.09582
1.11406 1.10318 1.09735
1.11246 1.12586 1.12535
1.13847 1.1282 1.12652
1.12875 1.13007 1.12527
1.11244 1.12945 1.12788
1.14105 1.12683 1.12872
1.15098 1.13112 1.12772
1.17911 1.15877 1.16003
1.17362 1.15697 1.15875
1.17674 1.15975 1.16125
1.1699 1.18525 1.18484
1.19956 1.18354 1.18485
1.2002 1.18359 1.185
1.19466 1.20947 1.20633
1.19481 1.20203 1.21
1.19847 1.20373 1.21007
1.178 1.19154 1.18889
1.2091 1.19665 1.19481
1.21138 1.19432 1.19571
1.21078 1.21704 1.22258
1.20285 1.20839 1.21294
1.20429 1.20893 1.21517
1.21004 1.19964 1.19743
1.19027 1.19807 1.20429
1.19549 1.20141 1.20692
1.17243 1.18553 1.18446
1.18502 1.19274 1.18962
1.18152 1.19126 1.19458
1.15803 1.17149 1.16802
1.18701 1.17501 1.17643
1.18307 1.18209 1.18258
1.18338 1.19012 1.18722
1.18686 1.19077 1.19515
1.1906 1.194 1.19798
1.18675 1.18569 1.18489
1.1865 1.18816 1.1885
1.19264 1.19404 1.19338
1.17392 1.17476 1.17355
1.18531 1.18653 1.18865
1.19119 1.19097 1.19244
1.17729 1.17879 1.17696
1.18894 1.18953 1.19031
1.19207 1.1933 1.19324
1.17871 1.1762 1.17528
1.18538 1.18583 1.18438
1.19584 1.19667 1.19467
1.18589 1.1845 1.1852
1.1829 1.18215 1.18184
1.19011 1.18933 1.18839
1.17453 1.1739 1.17387
1.18592 1.18622 1.18503
1.19478 1.19154 1.19413
1.17798 1.17745 1.1791
1.19874 1.19657 1.19713
1.19753 1.19621 1.19719
1.19188 1.18811 1.1883
1.19462 1.19502 1.19305
1.19633 1.19359 1.19118
1.18098 1.18145 1.1826
1.1965 1.19399 1.19566
1.19741 1.19374 1.19453
1.18589 1.18272 1.18204
1.19657 1.19639 1.19437
1.20396 1.20315 1.2026
1.19888 1.1993 1.20017
1.19505 1.19378 1.19568
1.20323 1.19997 1.20138
1.19436 1.1933 1.19261
1.19529 1.19573 1.1958
1.20531 1.20217 1.20278
1.20087 1.2012 1.20069
1.20179 1.20124 1.20105
1.21107 1.2091 1.20911
1.20346 1.20467 1.20234
1.20199 1.20311 1.20222
1.21069 1.20704 1.20791
1.20677 1.20772 1.20408
1.20508 1.2056 1.20264
1.21315 1.21221 1.20927
1.21663 1.21555 1.21392
1.21613 1.21969 1.21723
1.22935 1.22769 1.22779
1.22991 1.22947 1.23025
1.24047 1.23817 1.23854
1.24547 1.24431 1.24655
1.24385 1.24362 1.244
1.24678 1.24549 1.24438
1.25086 1.25212 1.25142
1.25831 1.26056 1.25809
1.26312 1.26383 1.26197
1.26703 1.26535 1.26577
1.26856 1.26722 1.26757
1.27106 1.26951 1.26882
1.27393 1.26937 1.27079
1.27197 1.26893 1.27064
1.26925 1.27283 1.27054
1.27297 1.27372 1.27183
1.28014 1.2799 1.27848
1.27895 1.28038 1.27885
1.28262 1.2813 1.27976
1.28475 1.28265 1.28192
1.28704 1.28465 1.28662
1.28985 1.28687 1.28604
1.28847 1.28563 1.28665
1.28939 1.29161 1.28914
1.29239 1.29263 1.2911
1.29671 1.2964 1.29556
1.30146 1.30175 1.30136
1.31273 1.31272 1.31304
1.31193 1.31096 1.31041
1.31755 1.31709 1.31517
1.32788 1.32863 1.32589
1.3325 1.33314 1.33205
1.34302 1.34219 1.34052
1.34758 1.348 1.3464
1.35283 1.35173 1.35056
1.35503 1.3538 1.35275
1.35777 1.35884 1.35666
1.36369 1.36323 1.3617
1.36819 1.36905 1.36647
1.37017 1.37055 1.36735
1.37356 1.37301 1.37196
1.37863 1.37845 1.37593
1.38457 1.38449 1.38188
1.38742 1.38816 1.38636
1.39266 1.39184 1.38862
1.39262 1.39281 1.39242
1.39445 1.39373 1.39293
1.39328 1.39399 1.39192
1.39705 1.39874 1.39568
1.40161 1.40169 1.40038
1.40198 1.4047 1.4016
1.41225 1.41077 1.41004
1.41485 1.4171 1.41378
1.4202 1.41923 1.41842
1.42108 1.41993 1.41928
1.4229 1.42412 1.42206
