1.07874 1.07954 1.08488
1.07504 1.06767 1.07552
1.0656 1.06943 1.07046
1.06681 1.06165 1.06709
1.06721 1.07382 1.07206
1.06661 1.07057 1.07226
1.06411 1.06693 1.06495
1.05965 1.06166 1.06363
1.06796 1.06327 1.05791
1.06624 1.06415 1.05954
1.09006 1.06888 1.07019
1.05697 1.07299 1.07193
1.08804 1.07584 1.07466
1.11244 1.09391 1.09563
1.11844 1.09865 1.09595
1.11693 1.105 1.09857
1.10431 1.11945 1.12437
1.10158 1.12427 1.11965
1.09967 1.1097 1.11556
1.11017 1.09409 1.08985
1.10102 1.10507 1.09434
1.11638 1.09884 1.09667
1.10511 1.13108 1.12396
1.11374 1.13489 1.13275
1.1137 1.12961 1.13034
1.09055 1.11558 1.10845
1.1203 1.10541 1.10619
1.09289 1.10399 1.10691
1.08291 1.09606 1.09824
1.09575 1.10003 1.09937
1.09555 1.09677 1.09283
1.11614 1.10525 1.1014
1.1313 1.11632 1.11019
1.09904 1.11161 1.11499
1.11461 1.09459 1.09399
1.07543 1.10028 1.09512
1.11318 1.10369 1.09936
1.10429 1.12554 1.12099
1.11318 1.13779 1.13176
1.1158 1.14475 1.13572
1.08582 1.10188 1.10497
1.1147 1.10972 1.09788
1.0851 1.10893 1.10199
1.09396 1.08143 1.08117
1.10368 1.09158 1.08538
1.1086 1.09485 1.09035
1.09649 1.12448 1.11845
1.10823 1.13773 1.12722
1.14508 1.14076 1.12796
1.12845 1.16216 1.14785
1.14264 1.16688 1.1626
1.14535 1.1698 1.15872
1.11626 1.15426 1.1381
1.13634 1.15351 1.15711
1.13401 1.16171 1.15432
1.10275 1.12596 1.12419
1.10426 1.12963 1.12505
1.10784 1.12565 1.12487
1.09329 1.10705 1.10441
1.15604 1.18627 1.13845
1.12279 1.12764 1.12229
1.10903 1.12991 1.13062
1.15123 1.14053 1.13922
1.13116 1.16188 1.1521
1.10368 1.13415 1.12822
1.11762 1.15114 1.14112
1.16499 1.15029 1.14714
1.15466 1.17824 1.17721
1.17156 1.19193 1.18332
1.16668 1.18861 1.18714
1.13591 1.16496 1.15814
1.14677 1.17679 1.17231
1.16003 1.17953 1.17937
1.13136 1.16034 1.15325
1.14174 1.1551 1.16469
1.15168 1.17393 1.17018
1.15885 1.15524 1.1453
1.17849 1.17339 1.16207
1.18489 1.16485 1.16894
1.1727 1.20663 1.19638
1.19581 1.21733 1.21451
1.19982 1.21416 1.21747
1.16884 1.19904 1.19156
1.18181 1.20194 1.20136
1.18124 1.20826 1.20156
1.14779 1.17288 1.17045
1.15129 1.17752 1.17345
1.15714 1.1831 1.17402
1.12988 1.16021 1.15267
1.1413 1.17645 1.1646
1.143 1.1739 1.16643
1.15123 1.14249 1.13611
1.12687 1.14668 1.14671
1.16001 1.1503 1.1497
1.18192 1.17793 1.16703
1.15929 1.18912 1.17778
1.16083 1.18179 1.18098
1.14123 1.16256 1.15325
1.15493 1.18234 1.17342
1.16159 1.19261 1.18386
1.13435 1.1648 1.15871
1.15228 1.17637 1.17265
1.15563 1.17984 1.17883
1.12692 1.15335 1.14826
1.16644 1.16555 1.15968
1.14457 1.17134 1.16712
1.14892 1.15161 1.13856
1.14048 1.17763 1.16212
1.18597 1.1818 1.16939
1.18162 1.21381 1.20074
1.201 1.22867 1.22431
1.20941 1.24171 1.22836
1.18111 1.20801 1.20139
1.18996 1.21994 1.21339
1.19493 1.22821 1.21822
1.21304 1.24881 1.23548
1.18521 1.21354 1.2035
1.19125 1.21509 1.20646
1.20814 1.23261 1.22585
1.2193 1.24701 1.2396
1.22915 1.24473 1.25021
1.22042 1.23659 1.2405
1.21178 1.24112 1.23443
1.22391 1.2255 1.24335
1.19173 1.22358 1.21558
1.2046 1.2251 1.22726
1.20415 1.23296 1.22165
1.21786 1.25034 1.23726
1.2319 1.23694 1.25248
1.21209 1.22833 1.22711
1.20737 1.22476 1.2247
1.17948 1.20417 1.19836
1.17662 1.20356 1.19832
1.18562 1.2142 1.20553
1.19964 1.20184 1.21614
1.17903 1.19518 1.19474
1.17132 1.18221 1.19317
1.15583 1.17191 1.17571
1.14618 1.16374 1.1686
1.13734 1.17273 1.16051
1.15738 1.16391 1.17816
1.13945 1.16773 1.15852
1.15224 1.16988 1.17308
1.14603 1.17307 1.16718
1.16162 1.18672 1.17654
1.18246 1.20625 1.19772
1.20066 1.22831 1.21659
1.21869 1.25031 1.24032
1.23845 1.2561 1.25806
1.20723 1.22744 1.22875
1.20521 1.21031 1.22661
1.21071 1.23244 1.2289
1.22861 1.21341 1.23116
1.21416 1.24541 1.23255
1.23394 1.26104 1.25492
1.27806 1.26819 1.25892
1.26387 1.27072 1.27539
1.25671 1.27236 1.26978
1.25636 1.26062 1.27193
1.269 1.24607 1.25764
1.24127 1.25574 1.25992
1.24154 1.2455 1.25712
1.23923 1.24117 1.24294
1.25153 1.23997 1.24603
1.24085 1.24154 1.23913
1.25538 1.24254 1.24216
1.22782 1.22921 1.24657
1.23015 1.23126 1.22702
1.23482 1.23437 1.23166
1.2307 1.24084 1.24193
1.22999 1.25754 1.24463
1.23733 1.26022 1.24976
1.25252 1.27475 1.26881
1.25722 1.28599 1.27115
1.27283 1.28581 1.29454
1.29192 1.28081 1.28648
1.2999 1.28012 1.2891
1.28832 1.28558 1.28063
1.28907 1.27786 1.2889
1.27757 1.29304 1.29154
1.28031 1.28688 1.29396
1.29104 1.28033 1.29776
1.29136 1.28995 1.27622
1.28249 1.28987 1.29737
1.28206 1.28631 1.30034
1.26705 1.26918 1.28386
1.26835 1.27334 1.28713
1.27157 1.27905 1.27183
1.2679 1.26816 1.27412
1.25684 1.2742 1.26952
1.26403 1.28872 1.27863
1.27942 1.26854 1.2592
1.2713 1.27844 1.26176
1.27114 1.27567 1.29067
1.27618 1.27876 1.2944
1.27924 1.27293 1.27343
1.2593 1.27174 1.27514
1.26163 1.26595 1.27876
1.27982 1.2802 1.26398
1.28453 1.27953 1.266
1.27292 1.29654 1.28885
1.28302 1.30313 1.30293
1.28583 1.31008 1.30501
1.29645 1.29868 1.31528
1.29981 1.30066 1.31807
1.30573 1.28823 1.29442
1.28044 1.29615 1.29786
1.28415 1.28217 1.29937
1.28778 1.28415 1.3023
1.29129 1.28859 1.27836
1.27976 1.28211 1.29581
1.28186 1.30269 1.2989
1.28285 1.28498 1.30132
1.29038 1.29029 1.27916
1.28156 1.30259 1.29852
1.28303 1.285 1.30095
1.29185 1.28782 1.27612
1.2843 1.29014 1.2957
1.27641 1.29697 1.29037
1.28044 1.27963 1.29492
1.28256 1.27856 1.2749
1.26865 1.28486 1.27748
1.27998 1.30111 1.29182
1.27781 1.28063 1.29361
1.28279 1.28192 1.27611
1.28844 1.28763 1.27991
1.27895 1.30038 1.29412
1.28077 1.2978 1.29617
1.28855 1.28904 1.30135
1.28628 1.29468 1.30383
1.27795 1.28268 1.29316
1.28161 1.29437 1.29619
1.28633 1.29084 1.29611
1.2823 1.27923 1.29152
1.28248 1.28629 1.29513
1.27319 1.28694 1.28517
1.27501 1.28891 1.2881
1.29469 1.29155 1.29183
1.29044 1.29287 1.2923
1.28849 1.28974 1.29389
1.27841 1.29021 1.2922
1.28423 1.28747 1.29252
1.28847 1.28809 1.28438
1.27677 1.2874 1.2858
1.28434 1.28304 1.29038
1.29109 1.28724 1.28368
1.29055 1.29085 1.28546
1.28312 1.29092 1.29418
1.28241 1.28737 1.29655
1.28543 1.28554 1.27989
1.28203 1.28488 1.2904
1.29063 1.29106 1.28632
1.2783 1.28378 1.288
1.27513 1.27893 1.28627
1.27463 1.282 1.28809
1.29165 1.28302 1.27154
1.27486 1.28902 1.29243
1.28015 1.28938 1.29661
1.27916 1.29234 1.29825
1.29106 1.29111 1.29126
1.2825 1.28921 1.29232
1.28369 1.28931 1.29495
1.28129 1.29259 1.28963
1.28444 1.28816 1.294
1.28398 1.29462 1.29661
1.28654 1.29049 1.29518
1.29186 1.29337 1.28394
1.28615 1.28738 1.30007
1.28983 1.29068 1.30342
1.27951 1.28661 1.28812
1.27755 1.28174 1.29021
1.28945 1.28122 1.28152
1.27835 1.29569 1.29411
1.28899 1.29038 1.29747
1.28578 1.28389 1.29959
1.29038 1.29042 1.28061
1.27709 1.29583 1.28311
1.28794 1.28927 1.3039
1.29489 1.29271 1.28437
1.27745 1.29615 1.28572
1.29165 1.28905 1.30344
1.29836 1.29706 1.28608
1.27737 1.29094 1.28806
1.29059 1.29358 1.29356
1.28645 1.28784 1.29612
1.27642 1.28401 1.28815
1.28529 1.28576 1.27507
1.27968 1.29499 1.29358
1.28416 1.28747 1.29673
1.29498 1.2943 1.28501
1.29731 1.29568 1.28643
1.28752 1.29441 1.30243
1.29484 1.28734 1.28531
1.27969 1.27741 1.28685
1.28846 1.28334 1.27779
1.2942 1.27896 1.28667
1.27846 1.27965 1.29021
1.26897 1.28764 1.27817
1.27522 1.27555 1.26869
1.26259 1.27443 1.27176
1.29212 1.27077 1.27695
1.2832 1.27873 1.27123
1.28511 1.28274 1.27328
1.27652 1.29172 1.28857
1.27637 1.29522 1.29113
1.28417 1.28068 1.298
1.27439 1.29431 1.28164
1.29242 1.29446 1.28394
1.289 1.28762 1.30241
1.29584 1.29736 1.28494
1.27724 1.29228 1.2867
1.28265 1.28861 1.29595
1.29102 1.29034 1.27972
1.27061 1.27106 1.28199
1.27974 1.28503 1.27169
1.27702 1.29852 1.29269
1.27762 1.29753 1.29578
1.28499 1.28516 1.29858
1.28718 1.28621 1.30092
1.27607 1.2914 1.28496
1.27992 1.2841 1.29466
1.29387 1.29074 1.28365
1.27508 1.29606 1.28604
1.28585 1.28568 1.30228
1.28763 1.29056 1.30505
1.27259 1.29518 1.28746
1.28103 1.28222 1.26909
1.27976 1.27973 1.27132
1.2736 1.29435 1.28781
1.28271 1.28717 1.29917
1.28285 1.2873 1.3014
1.27023 1.29323 1.28472
1.27298 1.29095 1.28734
1.28178 1.28106 1.27059
1.30006 1.29457 1.28802
1.28433 1.28627 1.29933
1.28265 1.30264 1.30095
1.28945 1.2911 1.30367
1.29111 1.29218 1.30552
1.27572 1.28103 1.29011
1.2882 1.26596 1.27352
1.27805 1.28066 1.2672
1.27719 1.27819 1.26973
1.29295 1.29299 1.28273
1.27445 1.2935 1.2854
1.28072 1.30434 1.29918
1.28581 1.28705 1.30149
1.26822 1.27375 1.2817
1.28489 1.28181 1.2744
1.2642 1.2882 1.27699
1.27674 1.29568 1.2944
1.27734 1.27679 1.29717
1.28134 1.28283 1.27057
1.27736 1.29322 1.2879
1.28194 1.29284 1.29771
1.28384 1.30341 1.2993
1.29295 1.28961 1.28023
1.28129 1.27972 1.29649
1.28112 1.28206 1.30028
1.28805 1.29239 1.27692
1.26918 1.29341 1.27849
1.28436 1.28546 1.30238
1.26868 1.29319 1.28118
1.26905 1.27285 1.28326
1.27549 1.27459 1.26703
1.27756 1.28711 1.27866
1.27341 1.29257 1.28124
1.28392 1.29937 1.29863
1.28132 1.28268 1.30174
1.29114 1.2919 1.27759
1.28237 1.29528 1.29814
1.28782 1.29373 1.29456
1.29364 1.28973 1.29695
1.27676 1.28153 1.29053
1.27773 1.27621 1.2927
1.28334 1.28589 1.27458
1.27749 1.28479 1.29317
1.28968 1.28808 1.28523
1.27075 1.28836 1.28671
1.27655 1.2815 1.29024
1.27637 1.28584 1.29302
1.27585 1.28368 1.28653
1.28337 1.27641 1.27482
1.27971 1.27716 1.27672
1.26835 1.28683 1.27922
1.27835 1.28532 1.29167
1.2781 1.28859 1.29384
1.27835 1.28509 1.29028
1.27506 1.28455 1.29255
1.2767 1.29227 1.28263
1.28529 1.2849 1.27712
1.28736 1.28652 1.28077
1.27921 1.2959 1.291
1.27683 1.28191 1.29277
1.28484 1.28685 1.27372
1.28059 1.27773 1.29455
1.28159 1.28399 1.29691
1.26865 1.28712 1.28058
1.28354 1.28775 1.2822
1.27709 1.27853 1.29142
1.2869 1.28662 1.27554
1.27975 1.29875 1.29341
1.27931 1.29567 1.29608
1.28546 1.2939 1.29495
1.28441 1.28588 1.2969
1.27273 1.29468 1.28505
1.2869 1.28385 1.30015
1.27306 1.28936 1.28516
1.27186 1.29152 1.28733
1.27918 1.28128 1.29434
1.28134 1.28697 1.29685
1.27265 1.29151 1.28616
1.28496 1.28408 1.29485
1.27284 1.28039 1.28433
1.27147 1.29042 1.28634
1.28055 1.28382 1.29381
1.27831 1.28677 1.29684
1.27582 1.27118 1.28613
1.27136 1.27191 1.26806
1.27621 1.27968 1.27022
1.26932 1.27342 1.28032
1.28265 1.27965 1.27422
1.26525 1.27588 1.27613
1.28175 1.28724 1.27723
1.28974 1.28637 1.27935
1.2817 1.28999 1.29014
1.28633 1.28806 1.28195
1.27174 1.29061 1.28487
1.29011 1.28969 1.29529
1.27699 1.28468 1.29143
1.27612 1.27478 1.29265
1.27955 1.28047 1.26984
1.26808 1.28552 1.27148
1.27734 1.29802 1.29406
1.28421 1.27904 1.27371
1.27961 1.29102 1.2817
1.28509 1.27873 1.28402
1.27716 1.28333 1.28032
1.28478 1.28757 1.28298
1.27379 1.2966 1.29112
1.28178 1.28203 1.26971
1.28228 1.28093 1.27173
1.27124 1.2899 1.28667
1.27788 1.28035 1.28938
1.28429 1.28558 1.27944
1.2725 1.28867 1.2822
1.27841 1.28313 1.29274
1.28457 1.26943 1.27585
1.28142 1.28736 1.27789
1.27823 1.27945 1.29335
1.27282 1.28776 1.27766
1.26831 1.28535 1.27974
1.27873 1.27965 1.28883
1.27702 1.28275 1.29103
1.2668 1.28534 1.27442
1.27574 1.27753 1.29204
1.28374 1.28182 1.27546
1.26591 1.2842 1.27748
1.27516 1.2822 1.28823
1.27381 1.27703 1.2906
1.26445 1.271 1.27496
1.27681 1.275 1.26389
1.26684 1.28167 1.28138
1.26897 1.27314 1.2837
1.27526 1.28223 1.27156
1.27975 1.28321 1.27334
1.27187 1.28645 1.28877
1.27973 1.27838 1.26859
1.28121 1.28102 1.27022
1.27063 1.27741 1.28796
1.26713 1.27463 1.27696
1.2856 1.27946 1.27866
1.28117 1.2898 1.28057
1.27565 1.29021 1.28277
1.2822 1.27658 1.27619
1.28721 1.28693 1.27777
1.27096 1.28806 1.28033
1.27922 1.28905 1.29206
1.27794 1.28296 1.29163
1.27952 1.29104 1.29508
1.28401 1.28755 1.27591
1.28036 1.28052 1.29253
1.27489 1.2834 1.29587
1.27092 1.28992 1.28137
1.27103 1.26835 1.28369
1.27639 1.27558 1.26548
1.26924 1.28249 1.28204
1.28795 1.28923 1.28366
1.27223 1.28269 1.2858
1.27486 1.28467 1.28841
1.27366 1.2856 1.28762
1.27461 1.2788 1.28545
1.27537 1.28996 1.28748
1.27987 1.28464 1.27419
1.27617 1.2756 1.29149
1.27953 1.27825 1.29506
1.28465 1.28131 1.27312
1.26818 1.28612 1.27439
1.27868 1.2859 1.29376
1.28552 1.28443 1.27649
1.2751 1.29365 1.28862
