89.7874218616
89.7774641913
89.7842271633
89.7781958545
89.7637336671
89.7473238874
89.7601635875
87.5790289498
85.0591754991
87.498693835
83.3150348382
82.4894038001
82.4827656941
82.4949080578
82.4622475296
82.4737207055
82.5134063627
82.5208647861
82.5293511509
82.5259762184
82.5054013061
82.5702335768
82.5478914789
82.5471851275
82.59074362
80.3389421773
79.4788986826
78.2827668435
75.5722100924
75.5329769299
75.5010767353
75.5361987614
75.5413452869
75.5012391951
75.5367669367
75.5397496145
75.5015484344
75.4229968646
75.4360361002
75.5370166198
75.5455906628
75.5276343979
75.4565305564
73.3668344117
70.6893774855
69.756141345
68.879789812
68.8525917918
68.8511304574
68.8410826416
68.8653858146
68.9148685646
68.8939981185
68.9126944673
68.8569241661
68.9167304131
68.9779280122
68.969784047
68.9472100407
68.9632559558
68.9715571177
66.3413564854
64.5393387635
64.5448735877
62.3201918787
62.3003582708
62.3024747563
62.2788333538
62.2589120526
62.2544271465
62.2426675509
62.1848392154
62.2064351756
62.2216916679
62.2694950111
62.2872413343
62.2785130495
62.307188318
62.3223655739
60.2939474125
58.3030474743
58.5481770187
57.6386130695
56.2645491867
57.2097715168
55.76550115
55.7150646532
55.7378562382
55.7014635695
55.6463681014
55.6729043397
55.6780872865
55.7259285008
55.7547725277
55.7775440653
55.8369280688
55.8409994403
55.8567084894
54.1088037427
54.4970638163
52.8545089621
51.5542995822
51.1819921792
50.9539258017
49.4744298845
50.0032216523
49.4354448211
49.4286884954
49.4382149057
49.400877857
49.3959120417
49.4378475432
49.461961137
49.5385454312
49.5558773698
49.5530296692
49.5549771764
48.6241993501
49.0413673826
47.7214495996
47.1961538544
46.0151602517
45.2360451767
44.7895527347
44.2052394245
44.1969252854
44.1908483451
44.2538548438
44.4323003713
43.6666533249
44.5134544263
43.7392225777
43.3915829541
42.2329966541
41.7724026528
41.2436258421
40.8965602847
40.4164616058
39.8353408903
39.0989172202
38.4647125989
38.5791192491
38.6769392157
38.9706858821
38.5413026938
38.5999861203
38.2055570799
38.4268716497
38.5284870635
38.432820732
37.3855324594
37.3219816361
36.8844073297
36.2464071557
35.9233872026
35.5956838195
34.9003245965
34.5497441848
33.5928454671
33.4942404794
33.5564918005
33.3526976624
33.3646309296
33.224414902
33.2758036528
33.3173434505
32.8563279788
32.7662181618
32.4876346299
32.2697854313
32.1640727286
32.187318794
32.3745125801
32.2038437944
31.7358775718
31.7742902298
31.6982778154
31.6913676619
31.4728116794
31.4478494925
30.8255072547
30.6853990462
30.1624075246
30.0478209151
29.6373115386
29.8110507394
29.3588995641
29.6592969424
29.3685834471
28.8209306262
29.0920218344
28.8160725748
28.8127693997
28.7492084379
28.9482211346
28.8574852771
29.1516695507
29.1157415364
28.7406673089
28.7376772064
28.6861972337
28.7064642246
28.7141769825
28.7124977707
28.6939628402
28.6731785624
28.669822462
28.6714246285
28.6474845875
28.6441908099
28.6492647524
28.6597170054
28.6617171916
28.6490419297
28.6329733292
28.6487115877
28.6479111907
28.6498895493
28.6477728646
28.6338035791
28.7332709534
28.6771725587
28.799501697
28.702368386
28.6862369182
28.8465172745
28.8168067461
28.8619268073
28.885721337
28.8654575873
28.8691884067
28.8344287374
28.8895991737
28.8744455187
28.8666402769
28.859555317
28.8478893682
28.8812620349
28.8473545078
28.8352534728
28.7941805071
28.7808636558
28.4772771872
28.3717535192
27.9178091977
27.9285031153
28.0290821082
28.1473520286
28.1708538159
28.0537958006
28.0702239822
28.0938106056
28.0921057798
28.142445548
28.1500200772
28.1581678921
28.1749555542
28.2001679833
28.2149965864
27.8389605323
27.9038136853
27.9327252238
27.8034431151
27.8441545648
27.8442277114
27.8491708424
27.6447185328
27.614290279
27.6221565001
27.6308335827
27.6536777379
27.3755327525
27.3929000932
27.4341079685
27.4465419148
27.1016321986
27.1222785919
27.1299207313
27.149683303
27.151764597
27.1579408179
27.2157037982
27.7512339145
27.5571741481
27.5063082045
27.5151107552
27.4123104482
27.4121344294
27.4521591779
27.4558638983
27.4551009744
27.1396291051
27.1379755337
27.1884789685
27.1917853054
27.1809187543
27.1772682239
27.1863198826
26.8861773215
26.8826783565
26.8783779562
26.9147575863
26.877318754
26.8892501052
26.8923506817
26.8898159981
26.8842880791
26.8584229171
26.8476023981
26.8280536493
26.8205667567
26.8245994907
26.7887157434
26.7690900056
26.7755188546
26.5958657806
26.5937898433
26.5885194054
26.5776309563
26.575032055
26.5010684963
26.4969462068
26.4830560367
26.4696490021
26.4667227716
26.3103204257
26.2531638329
26.2194045944
26.2216729482
26.2095414167
25.8064597406
25.5690037924
25.5479397506
25.4881378372
25.4276103688
25.4336952288
25.4149559383
25.4137166792
25.0519264756
25.0009120318
24.9637150525
24.9640012179
24.9072402007
24.8516134192
24.8742390497
24.8377022248
24.8015305511
24.7781335897
24.7607367994
24.8089915468
24.610301272
