70.1821877143
70.1552842378
70.094300034
70.0153823163
69.958650026
69.8554192687
69.8451625241
69.77470582
69.6742036115
69.5872706866
69.4825326144
69.365197841
69.2558395623
69.1184823007
68.9762588443
68.8561954753
68.711084156
68.5505208707
68.3972204675
68.2224703017
68.0535228223
67.8971896625
67.721205057
67.5311808668
67.3678220096
67.1770208202
66.9852301511
66.804578556
66.6032942052
66.400984937
66.2018014577
66.0028991687
65.8003152845
65.5939939407
65.3842802277
65.1664693658
64.9730000301
64.7508411656
64.5235442718
64.398477507
64.2116096044
63.9883426927
63.7899440211
63.5634295716
63.3119483345
63.1308804279
62.9029227771
62.6647408106
62.4817410674
62.2499326903
62.0085881483
61.7684172972
61.5048782253
61.246547561
60.9993808379
60.7442592462
60.4785081704
60.220923017
59.9410817485
59.6494885216
59.380004444
59.1192268642
58.8407286091
58.5919410741
58.3097560257
58.027612152
57.7339930431
57.4434051318
57.1407956748
56.8550407495
56.5626356792
56.2676594187
55.985077736
55.7197075528
55.436009912
55.132670648
54.8483134132
54.5584506863
54.2629721196
54.0088016301
53.7261745485
53.4533965187
53.1675396226
52.8770878325
52.607461827
52.3311573717
52.0624668143
51.7679388314
51.4950540892
51.2275579211
50.9600351034
50.6784718323
50.4155767024
50.1448102123
49.8881266371
49.6548569315
49.4060909603
49.1443262121
48.8997384078
48.658591249
48.4156507587
48.1958174998
47.9462424329
47.684081196
47.4538897472
47.213472677
46.9689805569
46.7668354503
46.5665902541
46.3288240877
46.1291367905
45.9642474288
45.7667719904
45.6072898765
45.4721636748
45.3357368736
45.2264302083
45.1063190358
44.930522893
44.7285635687
44.5885929297
44.4252021207
44.3273791256
44.1843520602
44.0483843784
43.9712697786
43.9004380907
43.8408400207
43.6969668905
43.6032700989
43.4519250848
43.3484667509
43.2656616369
43.1485360097
42.9629073144
42.8592835969
42.7571635846
42.6500055032
42.5657191536
42.431170587
42.3405075055
42.2013962679
42.1055740486
42.0266079572
41.9118093172
41.779163476
41.6974593162
41.5928488855
41.4794250933
41.4079092608
41.2979220048
41.1977226467
41.1283742899
41.0350740383
40.9258147412
40.8610154993
40.7639066613
40.692560952
40.6063108558
40.5132168506
40.4576590003
40.3659809243
40.2492437332
40.1754646906
40.07831108
40.0035312292
39.9397286263
39.8665797053
39.7965259766
39.6982762398
39.6345171138
39.5706081936
39.5053417353
39.4649132332
39.3771396757
39.2588292545
39.1709661309
39.0481117285
38.9272788382
38.8336648264
38.7228611096
38.5949743484
38.5042093016
38.3829075017
38.2516252814
38.1630024887
38.1005859574
37.9920219721
37.8787398537
37.7852862325
37.6695300025
37.5588569794
37.4862126892
37.4058517408
37.2927285295
37.2277315993
37.131575036
37.0339616827
36.9632067259
36.8729472436
36.7589693409
36.6872757785
36.5972230704
36.5259163251
36.4768383591
36.3864616214
36.2726405225
36.1993691343
36.1158401039
35.9982419894
35.9041082948
35.8235462768
35.7328906443
35.6324562692
35.5463821354
35.4562224412
35.3612182768
35.2841655478
35.1975742466
35.1321921004
35.0522113017
34.981601237
34.8852925905
34.8244623775
34.7588486483
34.6882521529
34.6262455017
34.5669138621
34.4862177782
34.3817802266
34.3088881282
34.2240439642
34.153374932
34.0456343624
33.9581417344
33.8814754018
33.808009985
33.7346246308
33.6562402236
33.5404117617
33.4502130731
33.3935798451
33.3178090915
33.2602971987
33.1924090064
33.1013432561
33.0527877112
32.988219881
32.9226016313
32.845625664
32.7699902805
32.6878553535
32.5839024555
32.4955577942
32.4039824089
32.3299842013
32.2655074941
32.1593629168
32.0903283207
32.0195224641
31.9403247913
31.906410481
31.8650066303
31.791626319
31.7262840853
31.6720311768
31.6138583743
31.5739968167
31.5360898705
31.4543696009
31.3870152737
31.3426868067
31.2797296709
31.21622958
31.1771351189
31.1370569173
31.0746921693
31.0282295976
30.9382904659
30.8797019569
30.8330775607
30.7813884647
30.7251847881
30.6819049816
30.6041760087
30.5312420395
30.4737503349
30.3803310769
30.3252076562
30.2774600429
30.2257571209
30.1556861006
30.0989429068
30.0297989892
29.9852091357
29.935636281
29.8639106773
29.8134720435
29.7606955401
29.7203683882
29.6494156501
29.5876302266
29.523799393
29.4985761636
29.4572058918
29.4118396083
29.3587985631
29.310789926
29.2435920972
29.2108457015
29.1478984895
29.0921582725
29.043939072
28.975672032
28.9289636637
28.8870180728
28.8649552059
28.8112727965
28.7651150782
28.7378824498
28.6855885504
28.6439419703
28.589496693
28.5482837059
28.5154382353
28.492239398
28.4659128442
28.4343126972
28.4235988479
28.4079339304
28.3785592714
28.3423594185
28.3194670864
28.3128876925
28.292730958
28.2564568618
28.2374020637
28.2035945342
28.1664186543
28.1203371223
28.0781415913
28.0298608922
27.9922256128
27.9537714639
27.9182249264
27.865169281
27.8214809107
27.7895079585
27.7468800255
27.7078686112
27.6749572753
27.6366190869
27.5994547457
27.5784574827
27.540770029
27.4981237082
27.4667318583
27.4472859631
27.4376644366
27.4104934645
27.3412392989
27.3148899769
27.2821870604
27.2317601236
27.210345126
27.2214442003
27.1926127652
27.1423210022
27.0487488184
27.0205985156
26.9851268608
26.9376990657
26.9139695298
26.924460696
26.891049666
26.8712427794
26.8398092742
26.8156736088
26.8005044346
26.7585392065
26.7161082133
26.6928549191
26.6836190055
26.6411242386
26.6231128569
26.5853824041
26.5282980676
26.480140747
26.452538134
26.4184570083
26.3882433583
26.3691560052
26.3536019856
26.32099129
26.3150905246
26.3147540998
26.3027086279
26.2951054823
26.2692692194
26.2596185896
26.2459023034
26.2264649071
26.1972577645
26.1790007092
26.1642688163
26.1448653846
26.1233306986
26.1005749641
26.067152826
25.9965076921
25.9736134529
25.9676992414
25.9674888272
25.9619466837
25.9486698488
25.9327182224
25.9325279251
25.9180617059
25.9008075573
25.8748434195
25.8580558671
25.831960041
25.8202371977
25.7987105943
25.7674878383
25.7400607677
25.6938410722
25.6668553783
25.6475066643
25.6258422556
25.5850570629
25.5587352034
25.5411040997
25.5235873385
25.5129895635
25.4944411157
25.4706942783
25.4592628217
25.4435906599
25.4242077506
25.4009779556
25.4015173143
25.3906860607
25.3618352627
25.3551620032
25.3467177167
25.3459116639
25.3283567855
25.2902714384
25.2649977406
25.2406097995
25.2173874084
25.198114078
25.1766875372
25.1668989072
25.1566537738
25.1436740293
25.1202778424
25.1058949884
25.0978719424
25.0653257076
25.0497462358
25.0256564647
25.0036304705
24.9878935924
24.9898756795
24.9755203211
24.9605155449
24.9332782531
24.9340333145
24.930158649
24.9197192607
24.9120066488
24.8989310405
24.8751914134
24.8888085168
24.8764185155
24.8657178817
24.8590649293
24.8301561579
24.8081001899
24.8024479206
24.7898597825
24.7820904474
24.7750384972
24.7581081185
24.7414865812
24.7285578154
24.7060470984
24.6914071862
24.6691996433
24.63578425
24.6134827281
24.5556770278
24.5268110589
24.4858698096
24.4580735343
24.4411229232
24.4279429715
24.4162464321
24.4176387641
24.4190284633
24.4135530851
24.407188818
24.3883669901
24.3875562201
24.3838006861
24.3793600931
24.3514060141
24.3410722285
24.3165495463
24.3033073587
24.2899554373
24.2833060703
24.2617407993
24.2445873303
24.2305623496
24.2093227625
24.1939329489
24.1662122115
24.1581459431
24.1358881894
24.0925597596
24.0996363571
24.0932641119
24.1136497692
24.1283074743
24.1281006944
24.1267679814
24.1300014539
24.1204155527
24.1321046602
24.0955337624
24.0841828761
24.0733518115
24.0751152229
24.0635068522
24.0560224897
24.019100938
23.999662649
23.9929187634
23.9882995143
23.9765671134
23.9639607891
23.9523445519
23.9563637478
23.9419590593
23.9318991817
23.9525961642
23.9485367266
23.9418880945
23.951556993
23.9485655654
23.9428985656
23.9294049203
23.8926149496
23.8798961333
23.8634603437
23.8558323804
23.8457319067
23.8310186122
23.7859929836
23.7710640746
23.7612147593
23.7535758292
23.7430950631
23.7309743691
23.7284405364
23.7194583194
23.7123122997
23.6942366281
23.6735388388
23.6601789745
23.6360748019
23.6296126301
23.6184744419
23.6278737079
23.6104618297
23.5999664724
23.5913909127
23.5928390288
23.5950388732
23.5858281877
23.5917761721
23.5860387529
23.5756508429
23.5728203572
23.5826238091
23.5807482363
23.5726678153
23.577304244
23.5689700843
23.545614035
23.527907569
23.5116226191
23.5046859027
23.5040333024
23.4964986959
23.4822966031
23.4759803936
23.4678405428
