1.08731 1.08452 1.08718
1.08309 1.08051 1.08226
1.0737 1.06856 1.07126
1.07103 1.07044 1.06796
1.07427 1.07224 1.07039
1.07752 1.06795 1.06968
1.06996 1.06751 1.06679
1.06742 1.06772 1.06702
1.06695 1.0698 1.06659
1.06627 1.06696 1.06369
1.07047 1.06768 1.06841
1.07074 1.07082 1.06862
1.07164 1.07083 1.07006
1.07285 1.07333 1.07206
1.07318 1.07414 1.07258
1.0793 1.08384 1.08349
1.09127 1.09238 1.09341
1.09562 1.10416 1.10221
1.10172 1.1068 1.10657
1.09822 1.10395 1.10345
1.1079 1.1075 1.11073
1.11745 1.11459 1.11784
1.12175 1.12386 1.12581
1.13134 1.12719 1.12943
1.14225 1.14315 1.14008
1.14902 1.1483 1.14883
1.1545 1.15744 1.15637
1.16324 1.1609 1.16103
1.17798 1.17581 1.17495
1.18396 1.18559 1.18464
1.1873 1.19228 1.19287
1.19045 1.19048 1.1903
1.19063 1.19516 1.19328
1.19296 1.19283 1.193
1.19518 1.2005 1.19886
1.19715 1.19631 1.19725
1.19718 1.20237 1.20123
1.19234 1.19487 1.19691
1.19123 1.18685 1.19193
1.19557 1.19623 1.19164
1.18703 1.18379 1.1874
1.17261 1.16993 1.17546
1.17174 1.16865 1.17196
1.17079 1.17336 1.17216
1.17254 1.17438 1.1741
1.1745 1.17319 1.1739
1.20353 1.20711 1.20001
1.20316 1.20226 1.20282
1.19483 1.20208 1.1957
1.19283 1.19406 1.19282
1.17839 1.17883 1.17817
1.17998 1.18237 1.18611
1.16109 1.15822 1.16086
1.14136 1.14 1.13993
1.14463 1.14674 1.14377
1.14587 1.14687 1.14574
1.14624 1.14633 1.14812
1.14037 1.14262 1.14274
1.12917 1.1293 1.12901
1.13099 1.13091 1.13388
1.16623 1.14149 1.14665
1.16157 1.1458 1.1487
1.1297 1.13233 1.13422
1.14014 1.13755 1.14243
1.13351 1.13441 1.13737
1.13531 1.12955 1.12709
1.13397 1.13756 1.13283
1.13921 1.13806 1.13249
1.13626 1.136 1.13537
1.13872 1.12854 1.13495
1.14862 1.1559 1.14175
1.16894 1.17144 1.16476
1.17283 1.16242 1.16713
1.17883 1.18003 1.17723
1.18718 1.18086 1.18612
1.1907 1.18523 1.18758
1.19384 1.18819 1.18994
1.17966 1.18098 1.18497
1.18671 1.18155 1.18532
1.17721 1.18603 1.18936
1.17245 1.17768 1.18715
1.18284 1.18257 1.19101
1.17918 1.19387 1.18673
1.17585 1.17751 1.1845
1.19622 1.18821 1.19822
1.19969 1.19838 1.20825
1.20562 1.20316 1.21237
1.22013 1.2275 1.23158
1.23097 1.22246 1.2324
1.21767 1.22497 1.23282
1.25056 1.2321 1.2464
1.27759 1.24388 1.26472
1.23412 1.22799 1.24556
1.24981 1.24509 1.26014
1.25447 1.24687 1.26066
1.25037 1.23789 1.25378
1.26274 1.24831 1.26397
1.26405 1.26892 1.2722
1.26813 1.27285 1.27702
1.2809 1.27328 1.28102
1.28553 1.27572 1.28351
1.26693 1.26098 1.27218
1.28582 1.25607 1.27397
1.29704 1.27964 1.29402
1.27895 1.2579 1.27546
1.28159 1.26963 1.2792
1.28832 1.29014 1.28925
1.29018 1.27834 1.29473
1.29691 1.29652 1.3071
1.30079 1.29325 1.30483
1.30013 1.29249 1.30102
1.31526 1.31076 1.31497
1.32495 1.31411 1.3288
1.32476 1.29818 1.31795
1.3402 1.30317 1.32706
1.34993 1.32641 1.34049
1.35279 1.35138 1.3678
1.34231 1.3403 1.35672
1.35274 1.35291 1.36893
1.36832 1.36652 1.38375
1.38214 1.38156 1.39761
1.39591 1.39639 1.40865
1.40328 1.4025 1.41661
1.40441 1.41023 1.42344
1.41338 1.41409 1.42785
1.41645 1.41717 1.43076
1.42023 1.42201 1.43471
1.42848 1.43183 1.44179
1.4381 1.43583 1.44886
1.43732 1.438 1.4506
1.44858 1.44622 1.46151
1.44441 1.44274 1.45653
1.43367 1.43543 1.44781
1.44458 1.44311 1.45794
1.45041 1.45599 1.46642
1.45246 1.45644 1.47462
1.46695 1.46573 1.48129
1.46777 1.46829 1.48703
1.47724 1.47733 1.49372
1.49559 1.49559 1.50132
1.50321 1.50321 1.50595
1.50654 1.50654 1.51103
1.5122 1.5122 1.51671
1.51781 1.51781 1.52182
1.52268 1.52268 1.52611
1.52871 1.52871 1.5306
1.53254 1.53254 1.53449
1.536 1.536 1.53766
1.5388 1.5388 1.54065
1.53813 1.53813 1.53975
1.53797 1.53797 1.5395
1.5409 1.5409 1.54247
1.54301 1.54301 1.54417
1.54514 1.54514 1.54585
1.54605 1.54605 1.54613
1.54708 1.54708 1.54673
1.54655 1.54655 1.54528
1.54592 1.54592 1.5449
1.54538 1.54538 1.54677
1.54807 1.54807 1.54939
1.54904 1.54904 1.55049
1.55265 1.55265 1.55413
1.5538 1.5538 1.5554
1.55962 1.55962 1.56153
1.56672 1.56672 1.56832
1.57191 1.57191 1.57394
1.57873 1.57873 1.58088
1.58353 1.58353 1.58583
1.58481 1.58481 1.58726
1.5873 1.5873 1.58955
1.59124 1.59124 1.59412
1.59816 1.59816 1.60053
1.60022 1.60022 1.60197
1.60541 1.60541 1.60781
1.60522 1.60522 1.60801
1.61041 1.61041 1.61187
1.61515 1.61515 1.61673
1.62227 1.62227 1.62397
1.6235 1.6235 1.62564
1.62841 1.62841 1.6301
1.63288 1.63288 1.63414
1.63331 1.63331 1.63444
1.63607 1.63607 1.63695
1.64005 1.64005 1.64116
1.64144 1.64144 1.64276
1.64437 1.64437 1.64564
1.64886 1.64886 1.64994
1.65053 1.65053 1.65166
1.65085 1.65085 1.6521
1.65318 1.65318 1.65481
1.65664 1.65664 1.65781
1.65675 1.65675 1.6579
1.65743 1.65743 1.65845
1.66005 1.66005 1.66137
1.66303 1.66303 1.66444
1.66292 1.66292 1.66435
1.66552 1.66552 1.66688
1.66523 1.66523 1.66661
1.66844 1.66844 1.67241
1.6691 1.6691 1.67199
1.67295 1.67295 1.675
1.67268 1.67268 1.67471
1.67278 1.67278 1.6748
1.67564 1.67564 1.67782
1.67853 1.67853 1.68054
1.67846 1.67846 1.68119
1.67841 1.67841 1.68137
1.68209 1.68209 1.68505
1.68563 1.68563 1.68833
1.68545 1.68545 1.68818
1.68557 1.68557 1.68829
1.68938 1.68938 1.69208
1.69331 1.69331 1.69582
1.6931 1.6931 1.69566
1.69689 1.69689 1.6994
1.69667 1.69667 1.69924
1.70027 1.70027 1.70297
1.7001 1.7001 1.70285
1.70388 1.70388 1.70663
1.70348 1.70348 1.70629
1.70743 1.70743 1.70986
1.70735 1.70735 1.70964
1.71057 1.71057 1.71283
1.71375 1.71375 1.71595
1.71351 1.71351 1.71581
1.71335 1.71335 1.71568
1.71624 1.71624 1.71826
1.71839 1.71839 1.72035
1.71827 1.71827 1.72009
1.71839 1.71839 1.72023
1.72075 1.72075 1.72259
1.72302 1.72302 1.7249
1.72308 1.72308 1.72502
1.72585 1.72585 1.72778
1.72584 1.72584 1.72779
1.72835 1.72835 1.73008
1.72804 1.72804 1.72979
1.73033 1.73033 1.73205
1.73002 1.73002 1.73176
1.73235 1.73235 1.73408
1.73202 1.73202 1.73377
1.73454 1.73454 1.7363
1.7345 1.7345 1.73627
1.73456 1.73456 1.73635
1.73698 1.73698 1.73915
1.74044 1.74044 1.74264
1.74173 1.74173 1.74388
1.7417 1.7417 1.74374
1.74465 1.74465 1.74682
1.74755 1.74755 1.74971
1.74759 1.74759 1.74972
1.75078 1.75078 1.75296
1.75056 1.75056 1.75277
1.75371 1.75371 1.75591
1.75352 1.75352 1.75573
1.75672 1.75672 1.75879
1.75649 1.75649 1.75867
1.75963 1.75963 1.76187
1.75947 1.75947 1.76168
1.76269 1.76269 1.76493
1.76251 1.76251 1.76482
1.7659 1.7659 1.76801
1.76572 1.76572 1.76782
1.76882 1.76882 1.77108
1.76877 1.76877 1.77095
1.76881 1.76881 1.77102
1.77196 1.77196 1.77425
1.77507 1.77507 1.77739
1.77832 1.77832 1.78066
1.77826 1.77826 1.78062
1.77832 1.77832 1.78066
1.78166 1.78166 1.78394
1.78155 1.78155 1.78384
1.78488 1.78488 1.78726
1.78468 1.78468 1.78706
1.7881 1.7881 1.7904
1.78798 1.78798 1.79033
1.79119 1.79119 1.79383
1.7947 1.7947 1.79742
1.79454 1.79454 1.79702
1.79448 1.79448 1.79695
1.79819 1.79819 1.80051
1.80178 1.80178 1.80415
1.80097 1.80097 1.80333
1.80087 1.80087 1.80322
1.80433 1.80433 1.80675
1.80765 1.80765 1.81001
1.80725 1.80725 1.8096
1.80711 1.80711 1.80951
1.81062 1.81062 1.81321
1.814 1.814 1.81754
1.81335 1.81335 1.81714
1.81856 1.81856 1.82249
1.81861 1.81861 1.82233
1.82391 1.82391 1.82762
1.82348 1.82348 1.82728
1.82888 1.82888 1.83256
1.82879 1.82879 1.83245
1.83404 1.83404 1.83804
1.83421 1.83421 1.8382
1.83988 1.83988 1.84355
1.84518 1.84518 1.84834
1.84505 1.84505 1.84805
1.84501 1.84501 1.84803
1.84946 1.84946 1.85279
1.85378 1.85378 1.85705
1.8535 1.8535 1.85659
1.8534 1.8534 1.8565
1.85832 1.85832 1.86141
1.86336 1.86336 1.86677
1.86312 1.86312 1.8665
1.86904 1.86904 1.87251
1.86889 1.86889 1.87234
1.87484 1.87484 1.87832
1.87466 1.87466 1.87831
1.88073 1.88073 1.88425
1.8805 1.8805 1.88412
1.88657 1.88657 1.88992
1.88635 1.88635 1.88969
1.89199 1.89199 1.89524
1.89187 1.89187 1.89507
1.89735 1.89735 1.90046
1.89715 1.89715 1.90028
1.90249 1.90249 1.90593
1.90256 1.90256 1.90579
1.90816 1.90816 1.91155
1.90812 1.90812 1.91142
1.91385 1.91385 1.91712
1.91375 1.91375 1.91706
1.91422 1.91422 1.91754
1.9202 1.9202 1.92342
1.9264 1.9264 1.92929
1.92558 1.92558 1.92876
1.9301 1.9301 1.93333
1.9304 1.9304 1.93355
1.93587 1.93587 1.93907
1.93568 1.93568 1.93882
1.94122 1.94122 1.9444
1.94126 1.94126 1.94422
1.94663 1.94663 1.9495
1.94646 1.94646 1.94949
1.9514 1.9514 1.95454
1.95154 1.95154 1.95459
1.95687 1.95687 1.96
1.9569 1.9569 1.95993
1.96213 1.96213 1.96522
1.9674 1.9674 1.97043
1.96741 1.96741 1.97045
1.96742 1.96742 1.97048
1.97263 1.97263 1.97605
1.97839 1.97839 1.9818
1.97835 1.97835 1.98175
1.97837 1.97837 1.98182
1.98405 1.98405 1.98735
1.98962 1.98962 1.99283
1.98965 1.98965 1.99276
1.98967 1.98967 1.99288
1.99508 1.99508 1.99819
2.00036 2.00036 2.00363
2.00033 2.00033 2.00342
2.00574 2.00574 2.00863
2.00563 2.00563 2.00856
2.01063 2.01063 2.01355
2.01055 2.01055 2.01339
2.01553 2.01553 2.01837
2.0156 2.0156 2.01831
2.02031 2.02031 2.02315
2.02042 2.02042 2.023
2.02498 2.02498 2.02756
2.02493 2.02493 2.02751
2.02928 2.02928 2.03181
2.02925 2.02925 2.03174
2.03347 2.03347 2.03594
2.03346 2.03346 2.03594
2.03766 2.03766 2.04007
2.03769 2.03769 2.04009
2.04167 2.04167 2.044
2.04152 2.04152 2.04384
2.04564 2.04564 2.04786
2.04571 2.04571 2.04789
2.0497 2.0497 2.05186
2.04979 2.04979 2.05181
2.05346 2.05346 2.05537
2.05356 2.05356 2.05546
2.05734 2.05734 2.05932
2.05741 2.05741 2.05939
2.06143 2.06143 2.06346
2.0652 2.0652 2.06715
2.06526 2.06526 2.06719
2.06523 2.06523 2.06715
2.06881 2.06881 2.07063
2.07234 2.07234 2.07419
2.07249 2.07249 2.0744
2.07246 2.07246 2.07426
2.07586 2.07586 2.07789
2.07952 2.07952 2.08177
2.07954 2.07954 2.08182
2.07956 2.07956 2.08184
2.0835 2.0835 2.08575
2.08721 2.08721 2.08943
2.08724 2.08724 2.08946
2.08555 2.08356 2.09323
2.07821 2.07819 2.08528
2.07851 2.08081 2.08864
2.07242 2.07227 2.08091
2.07693 2.077 2.08606
2.06964 2.06964 2.07265
2.06972 2.06639 2.07281
2.06945 2.06808 2.07788
2.0741 2.07461 2.08236
2.06338 2.06433 2.06854
2.06505 2.06573 2.07379
2.06127 2.06127 2.06685
2.06355 2.06529 2.07196
2.06889 2.06672 2.07843
2.05479 2.06325 2.06823
2.05634 2.05941 2.06865
2.06353 2.06574 2.07666
2.06886 2.0692 2.08217
2.07695 2.07446 2.08883
2.06062 2.05907 2.0693
2.054 2.05437 2.06448
2.05896 2.06101 2.07253
2.07478 2.07478 2.07829
2.08013 2.08013 2.08457
2.08614 2.08614 2.0899
2.08666 2.08666 2.09031
2.08636 2.08636 2.08964
2.09198 2.09198 2.09499
2.09805 2.09805 2.10213
2.09896 2.09896 2.10259
2.10509 2.10509 2.10877
2.10497 2.10497 2.1085
2.10343 2.10269 2.1144
