52.2659217119
52.2659217119
52.2659217119
52.2659217119
52.1962587953
52.1962587953
52.1962587953
52.1808385491
51.9426494122
51.9426494122
50.4808790222
49.9933242038
49.7899083316
49.7899083316
49.6219261825
49.583103615
49.5676833272
49.5402317047
49.5402317047
49.5402317047
49.3592468381
49.3592468381
49.3592468381
49.3592468381
49.3592468381
49.3592468381
48.6620427251
47.8122766495
47.4064165413
47.1291715711
46.5819259942
46.5819259942
46.5510856688
46.5510856688
46.5510856688
46.5510856688
46.5510856688
46.5510856688
46.4378903627
46.2236474991
46.1534404159
44.6623481184
43.9936766922
43.9304921925
43.4458990633
43.6096082062
43.0172971547
43.1297575206
43.1145280659
43.0172971547
43.0172971547
43.0172971547
43.0172971547
42.7316429704
42.727709958
42.2740742892
41.2292635143
35.1392608404
37.7460653067
36.8980563164
36.979750824
36.9134765625
36.8980563164
36.8980563164
36.8980563164
36.8980563164
36.8472024202
36.8472024202
36.757525897
36.6095572948
36.6095572948
36.5941370487
36.5278628826
36.5278628826
36.4615886688
35.9947078228
35.3346943647
34.0975664616
33.2124831676
32.7547976494
32.6530897141
32.6530897141
32.5205413342
32.4542670727
32.4034131765
32.3371390343
32.3217187881
32.2554445982
32.1074760199
31.8223657608
30.9057812929
30.5349272728
30.5349272728
30.207488966
29.8874887466
29.6760168076
29.2783290505
28.9932189733
28.9932189733
28.8412010968
28.7240729362
