-nan
0.110104239526
0.0880211153005
0.0725893610357
0.100510072419
0.0893359401937
0.0802756478492
0.0734602986563
0.196024435697
0.181067871318
0.979837544909
0.967633709219
0.917754931058
0.865781408758
0.825936473729
0.785358211829
0.748451949637
0.715286726564
0.684650489904
0.656616543748
0.637542765935
0.613749077579
0.591725942588
0.571282131689
0.552252816673
0.534495225998
0.571750139823
0.62292720957
0.621768078018
0.613019555875
0.621972807353
0.606441698809
0.591988477349
0.577943862891
0.564559473051
0.551790718616
0.539596770785
0.527940202322
0.518562576904
0.512280005528
0.502899198839
0.606631232778
0.618420460721
0.607593714895
0.609130759308
0.598029277463
0.604542513738
0.593831266305
0.584002805552
0.575456528857
0.566153187998
0.55715027227
0.548433675213
0.54472481157
0.53654113932
0.538040575022
0.568169300327
1.19428371202
1.21675446968
1.21586878932
1.19744011056
1.18122487923
1.16487105613
1.14881146391
1.13320499159
1.11803248848
1.10385314903
1.08948961206
1.07653464742
1.06465495523
1.05136735064
1.03858062503
1.02667060894
1.01435541819
1.00304129986
0.997614664443
0.995828704781
1.00767967167
1.01028145482
1.00474042727
0.994741988865
0.984005910552
0.97478331087
0.965104602898
0.955493617433
0.946232676471
0.936715330372
0.927848181431
0.91995530335
0.913732252815
0.917591776463
0.912541498077
0.903839415316
0.898504213474
0.893185580151
0.886799184076
0.882610690178
0.877208691028
0.869350486643
0.862871850794
0.856209057506
