0.0012701 0.00165068 0.00144002
0.00146101 0.00178946 0.00141882
0.00145611 0.00161225 0.00140353
0.00156576 0.00168506 0.0013285
0.00131407 0.00164562 0.00130059
0.00165077 0.00175515 0.00126215
0.0017839 0.00172411 0.00124087
0.00202226 0.00180462 0.00138908
0.00218161 0.00207041 0.00165694
0.00147369 0.00196687 0.00165655
0.00170868 0.00170254 0.00161457
0.00176472 0.00162607 0.00161766
0.00223744 0.00184756 0.00190304
0.0015343 0.00233767 0.0020818
0.00150816 0.00237336 0.00207944
0.00137479 0.00247572 0.00209438
0.00186707 0.00173647 0.00132047
0.00223101 0.00205658 0.00186606
0.00222602 0.00194413 0.00176874
0.00227115 0.00199303 0.00173344
0.0023735 0.0023495 0.00206679
0.00143311 0.00179431 0.00172057
0.00191314 0.00188432 0.00144496
0.00237862 0.00214139 0.00199558
0.00257046 0.00210935 0.00208821
0.00153129 0.00207705 0.00177246
0.00254219 0.00245817 0.00240157
0.00149041 0.00225359 0.00213464
0.001731 0.00202514 0.00190251
0.00152687 0.00180402 0.00187768
0.00169908 0.00229279 0.00220909
0.00197708 0.00198198 0.00176136
0.00116096 0.00205375 0.0016628
0.00157109 0.00243944 0.00202136
0.0019545 0.00205669 0.00162576
0.00168846 0.00195406 0.00148217
0.00216354 0.00243518 0.00185202
0.00240303 0.00273745 0.00207859
0.00155682 0.00241913 0.00243618
0.00174181 0.00232512 0.00247729
0.00165583 0.00178371 0.00178527
0.00165773 0.00198911 0.00165597
0.00201634 0.00222352 0.00209876
0.00161141 0.00272145 0.00236581
0.00172796 0.00281427 0.00235836
0.00149314 0.00278704 0.00254526
0.00199239 0.00270527 0.00229918
0.00220101 0.00255715 0.00212348
0.00162426 0.00292642 0.00231448
0.001972 0.00266372 0.00223583
0.00163227 0.0021352 0.00154675
0.00161958 0.00204387 0.00138815
0.00161175 0.00256077 0.00195771
0.00155377 0.00252959 0.00237286
0.00165686 0.00240677 0.00224362
0.00213547 0.00269522 0.00236216
0.00171658 0.00232488 0.00191531
0.0016369 0.00216846 0.00197712
0.00174065 0.00188642 0.00172181
0.00211916 0.00216681 0.00207089
0.0024504 0.00231454 0.00227727
0.00217908 0.00268025 0.00260649
0.00204406 0.00231412 0.00216786
0.00211161 0.00250765 0.00220898
0.00144702 0.00279871 0.00242695
0.00253268 0.00284657 0.0025177
0.00145327 0.00270636 0.00241044
0.00190691 0.00247719 0.00223483
0.00134989 0.0024777 0.00197871
0.00232266 0.00271573 0.00214493
0.00180067 0.00296741 0.00265639
0.00171939 0.00335412 0.00279468
0.00201437 0.00357742 0.0031195
0.00165695 0.00294978 0.00269246
0.00176646 0.00314885 0.00269591
0.00155284 0.00309141 0.00323775
0.00219349 0.00295064 0.00284001
0.00188114 0.00311631 0.00294654
0.00146452 0.00327103 0.0029044
0.00165889 0.00295476 0.00266689
0.00223908 0.00294581 0.00253583
0.00193786 0.00270192 0.00261412
0.00280677 0.0034857 0.00284429
0.00151551 0.0034184 0.00271385
0.00156989 0.00333257 0.00265947
0.00261068 0.00326615 0.00283174
0.00209764 0.00222063 0.00204665
0.00238897 0.00321971 0.00238741
0.00151527 0.0028757 0.00260953
0.00164206 0.00345962 0.00278846
0.00193287 0.00269513 0.00283613
0.00249532 0.00244295 0.00260644
0.00195378 0.00271706 0.00264848
0.00185476 0.00314613 0.00280905
0.00226544 0.00282424 0.00261006
0.00187095 0.0030716 0.00256629
0.00179206 0.00239272 0.00230451
0.00219629 0.00284023 0.00262062
0.00174527 0.00220959 0.00204409
0.00189317 0.00218352 0.00202558
0.00189543 0.00270192 0.00247768
0.00191973 0.00290676 0.00266695
0.00244138 0.00309693 0.00266545
0.0017206 0.00332168 0.00299036
0.00270606 0.00325029 0.00298814
0.00168316 0.00355072 0.00291312
0.00208617 0.00332263 0.00270979
0.0018614 0.00337182 0.00279733
0.00160777 0.00310503 0.00282078
0.00235728 0.00292459 0.00256025
0.00174403 0.00336541 0.00279641
0.00186835 0.00287489 0.00299099
0.00171952 0.00305395 0.00269956
0.0020483 0.00372137 0.00316936
0.0020895 0.00370341 0.00330417
0.00183998 0.00387702 0.00361485
0.00184486 0.00374583 0.00339109
0.002016 0.00384542 0.00337968
0.00176357 0.00402503 0.00370782
0.00193463 0.00420101 0.00352756
0.00187359 0.00418405 0.00368451
0.00215576 0.0044443 0.00371108
0.00227885 0.00368271 0.00383274
0.00223557 0.00341597 0.00378397
0.002273 0.00467933 0.00377569
0.00245312 0.00324449 0.00360465
0.00190325 0.00326221 0.0032389
0.00225595 0.00295738 0.00363836
0.00231028 0.00314862 0.00373014
0.00237078 0.00267538 0.00364951
0.00263161 0.00289246 0.00385341
0.00217087 0.00245031 0.00344597
0.00224727 0.00244601 0.00343074
0.00253878 0.00271016 0.00358886
0.00194101 0.00251473 0.00304815
0.00261262 0.00362103 0.00323963
0.00231903 0.00363991 0.00283003
0.00179039 0.00312843 0.0023745
0.00207717 0.00242654 0.00213423
0.00241256 0.0023231 0.00221343
0.00155866 0.00337277 0.00295028
0.00173108 0.00324048 0.0026541
0.00178554 0.00250403 0.00282811
0.00186464 0.00319774 0.00264381
0.00244848 0.00287437 0.00257731
0.00195751 0.00351182 0.00263916
0.00181145 0.00298219 0.00264146
0.00189551 0.00288 0.00284794
0.00183269 0.00239393 0.00283219
0.00197497 0.00255878 0.00255679
0.00209936 0.00239999 0.00266958
0.00160538 0.00182565 0.00267627
0.00195094 0.00226518 0.0027664
0.00203973 0.00223012 0.00269778
0.00190798 0.00226696 0.00260192
0.00170984 0.00284106 0.00226008
0.00173017 0.00276871 0.00224629
0.00174845 0.00320821 0.00248953
0.00202436 0.00300102 0.00258251
0.00210155 0.00345377 0.00305294
0.00263402 0.00369933 0.00340013
0.00221223 0.00310111 0.00304078
0.00230799 0.00405166 0.0033874
0.00202097 0.00418333 0.00328897
0.00309334 0.00466157 0.00366501
0.00317139 0.00407302 0.00371776
0.00302149 0.00288916 0.00358031
0.00278517 0.00287138 0.00355588
0.0034241 0.00371209 0.00319905
0.00260963 0.00324174 0.00348332
0.00237635 0.00245365 0.00341425
0.00358442 0.00349228 0.00293809
0.00339262 0.00354649 0.00310021
0.00239544 0.00311093 0.00354831
0.00239446 0.00328462 0.00352346
0.00234795 0.00267327 0.00342219
0.00245719 0.00363974 0.00358493
0.0026745 0.0036802 0.00370783
0.00267602 0.00317568 0.00372589
0.00304951 0.00348769 0.00334156
0.00301572 0.00393338 0.00344428
0.00346611 0.00359916 0.0034602
0.00288011 0.0033843 0.00306639
0.00277841 0.00290084 0.00317931
0.00269294 0.00304429 0.0030858
0.00253361 0.00331003 0.00315282
0.00367096 0.00388134 0.0032545
0.00354314 0.00381374 0.00315498
0.00368188 0.0028186 0.00331661
0.00276111 0.00277228 0.00327803
0.00316362 0.00328697 0.00298801
0.00276993 0.00334939 0.00328594
0.00260517 0.00265395 0.00324259
0.00337181 0.00363301 0.00305169
0.0023802 0.0035399 0.00315266
0.00277942 0.00278923 0.00339891
0.00260893 0.00259634 0.00334546
0.00335075 0.00330976 0.00302961
0.00235552 0.00325385 0.00317371
0.00379737 0.0025636 0.00319441
0.00376505 0.0030884 0.00319281
0.00348907 0.00358282 0.00332334
0.00300897 0.00256058 0.00347435
0.00249875 0.0034847 0.00347876
0.00265277 0.00274871 0.00334982
0.00239087 0.00288747 0.00342799
0.00254155 0.0025148 0.0032459
0.00219883 0.00356094 0.00337322
0.00253647 0.00274166 0.00359727
0.00265644 0.00270062 0.00357158
0.00214391 0.00263951 0.00320296
0.0028283 0.00285512 0.00343221
0.00336491 0.00357445 0.00304892
0.00349698 0.00300017 0.00313239
0.00223556 0.00267799 0.00327381
0.00253827 0.00273831 0.00333289
0.0035731 0.00368581 0.00301031
0.00270367 0.00273503 0.00361259
0.00256224 0.00248693 0.00345272
0.00227858 0.00268042 0.00296618
0.00363497 0.00275651 0.0032648
0.00240699 0.00301714 0.00319523
0.00293395 0.00329466 0.00325284
0.00348394 0.00337878 0.00323117
0.00340478 0.00330104 0.00321906
0.00223917 0.0035917 0.00319519
0.00406236 0.00404168 0.00343613
0.00229538 0.00386632 0.00340746
0.00258116 0.00302333 0.0036601
0.00268183 0.00292768 0.00368373
0.00231765 0.00393129 0.003414
0.00235173 0.00380015 0.0035415
0.00271436 0.00302697 0.00374499
0.00266239 0.00285797 0.00378781
0.00398138 0.0029902 0.00340588
0.00265839 0.00288487 0.00353393
0.00365639 0.00363531 0.00323005
0.00374556 0.00382525 0.00332832
0.00259664 0.00280668 0.00349272
0.00246856 0.00396821 0.00355303
0.00251402 0.00311123 0.00371028
0.00255437 0.00311876 0.00379047
0.00238962 0.00394275 0.00349805
0.00268906 0.00345336 0.00380128
0.00278823 0.00297104 0.00384064
0.0040486 0.00386515 0.00342197
0.00246791 0.00346153 0.00366842
0.00247211 0.00368581 0.00372528
0.00307371 0.00361067 0.00380776
0.00263373 0.0033092 0.00390529
0.00272626 0.00371144 0.0036331
0.00322405 0.00365416 0.00374193
0.00296972 0.00375445 0.00392239
0.00320883 0.00349149 0.00391617
0.00284081 0.00336959 0.00395111
0.00255684 0.00330114 0.00359963
0.00392245 0.00381518 0.00337699
0.00275415 0.0038647 0.00393749
0.00298849 0.00349203 0.00393193
0.00288091 0.00399526 0.00363794
0.0031228 0.00353663 0.00393046
0.00278926 0.0031094 0.00391446
0.00280548 0.00315779 0.0039276
0.00351092 0.00360423 0.00359411
0.00264499 0.00410516 0.00366131
0.00284301 0.00338334 0.00362675
0.00356635 0.00351147 0.00364141
0.00269046 0.0037972 0.00368703
0.00347275 0.00423181 0.00342611
0.00410186 0.00345714 0.0035871
0.00325172 0.00361578 0.00372819
0.00280728 0.00348425 0.00373337
0.00264259 0.00363639 0.00358903
0.00370071 0.00353268 0.0034179
0.00376811 0.00359264 0.00356576
0.00379272 0.00481052 0.00363909
0.00253897 0.00419709 0.00385897
0.00342824 0.00359281 0.0037989
0.00284912 0.00314016 0.00367221
0.00286981 0.0027344 0.00366247
0.00366011 0.00363791 0.00342906
0.00308895 0.00403592 0.00368129
0.00318899 0.00328488 0.00373947
0.00394248 0.00355841 0.00350508
0.00380244 0.0038502 0.00351862
0.0027943 0.00318243 0.0038639
0.00389196 0.0040672 0.00355816
0.00375552 0.00409974 0.00359792
0.0027188 0.00322826 0.00385414
0.0038846 0.00402288 0.00373757
0.00249754 0.00341208 0.00364265
0.00300098 0.00367927 0.0037067
0.00319357 0.00341392 0.00383656
0.00375671 0.00387824 0.00361803
0.00376935 0.00356643 0.0036299
0.00319932 0.00327105 0.00385497
0.00302444 0.00310546 0.00392987
0.00398051 0.00384893 0.0036142
0.0038718 0.00364425 0.00368393
0.00300871 0.0034898 0.00391565
0.00408839 0.00422455 0.0037113
0.00391789 0.00415522 0.00363522
0.00307541 0.00340063 0.00396615
0.00304821 0.00340968 0.00393697
0.00266079 0.00345275 0.00374754
0.00322962 0.00324253 0.003786
0.0028331 0.00310422 0.00361172
0.00389754 0.00419396 0.00357793
0.0039516 0.00401985 0.00366769
0.00303242 0.00398427 0.00389261
0.00289855 0.00386932 0.00388452
0.00332045 0.00337568 0.00385661
0.00303929 0.0033793 0.00380959
0.0030295 0.00321912 0.00367798
0.003743 0.00313265 0.00346129
0.00371371 0.00341731 0.0035566
0.00400994 0.00385807 0.00360093
0.00284669 0.00360421 0.00369101
0.00297155 0.00356968 0.00373582
0.00296249 0.00428763 0.00366434
0.00267032 0.00284423 0.00358574
0.00355694 0.00399687 0.00338709
0.00378318 0.00405482 0.00347901
0.00313691 0.00299964 0.00377873
0.00289691 0.0033669 0.00386929
0.00294957 0.00365599 0.00371169
0.00378275 0.00420046 0.00357555
0.00384516 0.00401029 0.0035736
0.00340805 0.00333491 0.00370654
0.00299249 0.00313402 0.00375979
0.00273565 0.00342485 0.00354921
0.00264726 0.00335618 0.00355354
0.00334443 0.00363732 0.00363913
0.00301991 0.0032154 0.00376448
0.0036961 0.00418521 0.00355548
0.00291266 0.00314192 0.00373621
0.0027776 0.00288237 0.00384257
0.00384602 0.00353514 0.00357216
0.00369943 0.00347053 0.00350386
0.00303049 0.00326551 0.00374945
0.0031629 0.00314339 0.00388522
0.00372795 0.00364162 0.00351719
0.00306982 0.002994 0.00375396
0.0028426 0.00352322 0.00379017
0.00274121 0.00351094 0.00375715
0.00410898 0.00391526 0.00364556
0.00260139 0.00397567 0.00366939
0.003511 0.00384183 0.00381188
0.00363779 0.00366194 0.00385132
0.00377196 0.00367297 0.00357301
0.0028965 0.00359896 0.00371777
0.00327566 0.00336676 0.00372904
0.00295612 0.00347601 0.00351428
0.00276025 0.00259516 0.00351924
0.00329758 0.00365438 0.00329191
0.00284166 0.00349376 0.00351695
0.00279353 0.00310689 0.00347113
0.00345411 0.00342416 0.00334041
0.00336834 0.00370047 0.00345574
0.002499 0.00292862 0.00361843
0.00244137 0.00300459 0.00367287
0.00380408 0.00386291 0.00337475
0.00307609 0.00340044 0.00379009
0.00273924 0.00335726 0.00376614
0.00281001 0.00352949 0.00367648
0.00317806 0.0034882 0.00371892
0.00323112 0.00342202 0.00357588
0.00254676 0.00276029 0.00363292
0.00285225 0.00349006 0.003364
0.00348535 0.0040457 0.0033854
0.003673 0.0038282 0.00339795
0.00359461 0.00368141 0.00346758
0.0029508 0.00309866 0.00352126
0.00262404 0.00327034 0.0035063
0.00279613 0.0026965 0.00353768
0.00347084 0.00375688 0.00325251
0.00371245 0.00347449 0.00346168
0.00303766 0.00304559 0.00361046
0.00276773 0.00345208 0.00339758
0.00321837 0.00370472 0.00359537
0.00270488 0.00304156 0.00363708
0.00279897 0.00336211 0.0034501
0.00291131 0.00353242 0.00355338
0.00345617 0.00323757 0.00333291
0.00370906 0.00340243 0.00357397
0.00362532 0.00371376 0.00354048
0.00348164 0.00357162 0.00350258
0.00274411 0.00323737 0.00350612
0.00289201 0.00289318 0.00348635
0.00335369 0.0034915 0.00335757
0.00332556 0.00357766 0.00352853
0.00286851 0.00317808 0.00358806
0.00283478 0.00364324 0.003553
0.00272881 0.00359332 0.00359605
0.00290752 0.00341666 0.00350376
0.00354185 0.00336268 0.00327861
0.00318881 0.00330863 0.00334591
0.00248179 0.00362575 0.00348711
0.0031851 0.00316235 0.0035892
0.00353843 0.00340901 0.0033252
0.00232977 0.00347478 0.00341917
0.00349995 0.0039525 0.00322334
0.00270704 0.0037559 0.00361884
0.00288728 0.00322494 0.00366144
0.00286853 0.00356964 0.00368449
0.00284508 0.00288547 0.00354934
0.00273875 0.00300279 0.0036201
0.00265942 0.00305518 0.00347026
0.00292182 0.00334271 0.00353409
0.0029839 0.00319303 0.00362498
0.00373627 0.00339214 0.00347015
0.0036193 0.00315372 0.00344564
0.0033695 0.00335761 0.00361871
0.00317252 0.00342087 0.00372541
0.00255145 0.00336808 0.00347771
0.00278958 0.0032822 0.00353533
0.0031711 0.00308304 0.00321972
0.00377714 0.00385062 0.00350606
0.00361669 0.00376325 0.0035156
0.00336037 0.00329379 0.00359374
0.00278987 0.00362681 0.00363934
0.00310762 0.00315795 0.00348246
0.00253232 0.00298796 0.0033113
0.00232998 0.00265099 0.00334148
0.00354832 0.00324193 0.0032443
0.00255852 0.00360879 0.00335874
0.00281296 0.00299505 0.00350473
0.00257955 0.00270001 0.00356111
0.00359486 0.0032395 0.00333842
0.00371493 0.0031249 0.00344555
0.00318238 0.00311331 0.00344995
0.00243563 0.00316977 0.0032052
0.00279526 0.00300373 0.00328838
0.00354704 0.00406253 0.00338046
0.00252364 0.0033264 0.00350749
0.00242993 0.00320734 0.0034695
0.00303495 0.00314027 0.00347738
0.00253725 0.002768 0.00341586
0.00346975 0.00325801 0.0032969
0.0025619 0.00298463 0.0033769
0.00374049 0.00403167 0.0032239
0.00286975 0.00381224 0.00363058
0.0024164 0.00307233 0.00335844
0.0025158 0.00323774 0.00346644
0.00280811 0.00352886 0.00352278
0.00232884 0.00292586 0.0034197
0.00246397 0.00302093 0.00358545
0.00269257 0.00300876 0.0034735
0.0035955 0.00373077 0.00331979
0.00392878 0.00368224 0.00336272
0.00296917 0.00298993 0.00347581
0.00260502 0.00278775 0.00352444
0.00247219 0.00343763 0.00325612
0.00240135 0.00333975 0.00327937
0.0029066 0.00283502 0.00337753
0.00269931 0.00275856 0.00346565
0.0034561 0.00351215 0.00320244
0.00269559 0.00287446 0.00341683
0.0025036 0.00262587 0.00343551
0.00298213 0.00336278 0.0032133
0.00260981 0.0033243 0.00326319
0.00348281 0.00269567 0.00335063
0.00273696 0.00290967 0.00350767
0.00265859 0.00302942 0.00357006
0.00279971 0.00302956 0.00348083
0.00273526 0.00351745 0.00324856
0.00237077 0.00330035 0.00327287
0.00257775 0.00307902 0.0034542
0.0025503 0.00294464 0.00352985
0.00342286 0.00386661 0.0031536
0.00269199 0.00267001 0.00356487
0.00258051 0.00254867 0.00352402
0.00263504 0.00287017 0.00339474
0.00262579 0.00285192 0.0033881
0.00355598 0.00366224 0.00337498
0.00303807 0.00390355 0.00348623
0.00338595 0.00337519 0.00314219
0.00266471 0.00321992 0.00339018
0.00258733 0.0027546 0.00339297
0.00343843 0.00350662 0.00318024
0.00345436 0.00355489 0.00328328
0.00279516 0.00288411 0.0033975
0.00270302 0.00318761 0.00328196
0.00256041 0.00267359 0.00329856
0.0030761 0.00313975 0.00305504
0.00336212 0.00349305 0.00321504
0.00353902 0.00332043 0.0032403
0.00220232 0.00329399 0.00330093
0.00282431 0.0029101 0.00337899
0.00341579 0.00273327 0.00327466
0.00277445 0.0031213 0.0032744
0.00244547 0.00329096 0.00335341
0.0027497 0.00355778 0.00348456
0.00238219 0.0028253 0.00343419
0.00242012 0.00302396 0.00356916
0.00229066 0.00299942 0.00354758
0.00272121 0.00385716 0.00362918
0.00268185 0.00418259 0.00359383
0.00251712 0.00380461 0.00376547
0.00267533 0.00373366 0.00372678
0.00271763 0.00328434 0.00366333
