33.3810843423
33.3787787469
33.3744045079
33.3695207051
33.3634534609
33.3502722981
33.3278214062
33.2999995905
33.2674211921
33.2285511431
33.1867905612
33.1432683739
33.0972557497
33.0500809378
33.0011028392
32.9500192875
32.8760058123
32.8282032959
32.777269379
32.7295888867
32.6833709701
32.6372096769
32.5956080241
32.5571929542
32.5198961242
32.4844475758
32.4487391314
32.4418678815
32.4157660096
32.3910816927
32.367000142
32.3402168282
32.3091925785
32.2730838215
32.2373078206
32.1990395003
32.1597516242
32.1239777932
32.0876786975
32.0505206397
32.0160461145
31.9803415092
31.9430465643
31.9089517887
31.8999425627
31.8689678484
31.8379848123
31.8034409074
31.7628709425
31.7251498678
31.6854077188
31.6405891965
31.5977974139
31.5555410948
31.5145901254
31.4749030463
31.4336763997
31.3908502459
31.3530763302
31.3153046229
31.2754831438
31.241733757
31.2117772205
31.1874331046
31.1574516404
31.1224084302
31.0804849041
31.0406559138
31.003798613
30.9755167289
30.9504241082
30.9250006126
30.8969595483
30.8705889384
30.8432099168
30.8142438429
30.7878432434
30.7603231246
30.7349278381
30.7088593902
30.6792898119
30.6333430651
30.5901522962
30.5507755354
30.5096479903
30.4679050601
30.3983881123
30.3615707795
30.3257358884
30.2840855263
30.2479192217
30.2121446722
30.1681569238
30.1274511022
30.0872856761
30.0372019617
29.9931420476
29.949756976
29.8953768576
29.8312588929
29.7723209529
29.7118054612
29.6624865221
29.6123012444
29.5521392117
29.4847467018
29.4216976069
29.3547672417
29.2554859475
29.1831208981
29.1132297336
29.0588414104
29.0088577482
28.9494481119
28.9027913621
28.857164247
28.7968983723
28.7478951101
28.6857138849
28.6305263578
28.5760188943
28.5266185364
28.476551814
28.4429918598
28.4220772414
28.3937405097
28.3535521674
28.3224084256
28.2850721636
28.2375428728
28.1812025755
28.1187232328
28.0592726396
27.9911124273
27.9284767819
27.8680135492
27.8024360245
27.7320141314
27.6651808217
27.6002117899
27.5298800713
27.4664215008
27.4000768597
27.3354197241
27.264121601
27.198992192
27.1343931085
27.0684633994
27.0014350648
26.9198981249
26.8652535092
26.8000809728
26.7437579971
26.6729018778
26.6048541225
26.5405057281
26.476400594
26.4051240827
26.3355055093
26.2735129843
26.2129720783
26.1499867914
26.0916895607
26.0365484034
25.9672266155
25.9044162262
25.8478424298
25.7910311616
25.7338058724
25.6721957445
25.5855095921
25.5265504487
25.4708336686
25.4091207291
25.3502872402
25.2910244091
25.2258524873
25.1636251642
25.0952884079
25.0329357698
24.9820285523
24.92695007
24.8659273499
24.8154485904
24.7681547989
24.7186307188
24.6633949344
24.6114248421
24.5549143079
24.5052274494
24.4639964633
24.4210945533
24.3734156442
24.3248543993
24.2537733549
24.1791724238
24.127556396
24.078936369
24.0242416264
23.9799357788
23.9251359307
23.8822167558
23.8480801567
23.8085119307
23.7665972393
23.7257294636
23.6817111202
23.6377425012
23.5847201979
23.5373648811
23.4903363971
23.4466536859
23.4066270916
23.3722622456
23.3397342268
23.3092082384
23.2780478612
23.2443236302
23.2066931591
23.1649794225
23.1202038211
23.0737907907
23.0266072191
22.9773600499
22.9296341077
22.8877824564
22.8451078764
22.804468264
22.7648910332
22.7262868019
22.689329995
22.6540299265
22.6351523061
22.5953298171
22.55304835
22.5031605036
22.4568100171
22.4146735975
22.378131488
22.3380534372
22.2545725547
22.230322399
22.2091739521
22.1393128359
22.1180861397
22.097777305
22.0796693338
22.0589938115
22.0437459077
22.0227330124
21.9979490785
21.975171805
21.9448466737
21.9164753236
21.8845838697
21.850958143
21.8259812632
21.7994138846
21.7783115874
21.74874933
21.7301496194
21.7323944056
21.7074992134
21.6851502752
21.6641525418
21.6382628613
21.6136024459
21.5828560133
21.5488962105
21.5148834539
21.4850892909
21.4383396701
21.4129969792
21.3303786137
21.3014720738
21.2697463217
21.2328394171
21.1804284129
21.1564746166
21.1308963609
21.1041601538
21.0763850853
21.0480181274
21.0282020062
21.0013399508
20.9728524985
20.9426607738
20.9189836083
20.9004638896
20.8839521437
20.8656743306
20.8303075316
20.8006245475
20.7688241681
20.7427544099
20.7151191444
20.6925979022
20.6678486486
20.6431898626
20.6142477205
20.5890148567
20.560866158
20.5322751099
20.4999726633
20.4682354264
20.4389355098
20.4106225265
20.3867368599
20.3822144126
20.3562652302
20.3265315167
20.2963154283
20.2727318505
20.2533997907
20.2297615406
20.2003690618
20.1732510799
20.1523496905
20.1271349038
20.0985814106
20.0678925811
20.0388003799
20.0132517343
19.9896678915
19.9429576706
19.9109013081
19.8838456141
19.8612077405
19.836696843
19.8122613311
19.7842490244
19.7268380473
19.7050747622
19.6901882234
19.6919833913
19.6190271539
19.6033208911
19.5881324442
19.5733284218
19.5543330317
19.5349108951
19.5143540412
19.5008708495
19.4800293475
19.4591282529
19.4498219903
19.429719713
19.4090985682
19.3640304987
19.3366477697
19.3129191658
19.2875475563
19.2606211307
19.2096569446
19.1867524662
19.1601613198
19.137107523
