1.08582 1.08534 1.08549
1.08729 1.07568 1.07946
1.07098 1.06498 1.06661
1.07334 1.06544 1.06441
1.08075 1.07 1.07091
1.07709 1.07482 1.07565
1.0751 1.07716 1.0666
1.07411 1.07247 1.07573
1.08126 1.07144 1.06966
1.07319 1.07814 1.07634
1.07994 1.07104 1.07922
1.08041 1.07389 1.07462
1.08185 1.06734 1.07467
1.07423 1.07903 1.08399
1.07617 1.08077 1.08385
1.0805 1.07895 1.07975
1.07882 1.08509 1.08711
1.07241 1.07694 1.07797
1.06978 1.07346 1.07751
1.06493 1.06819 1.07183
1.06267 1.06038 1.06547
1.05946 1.05895 1.06352
1.05917 1.06037 1.06116
1.05063 1.07272 1.06256
1.05157 1.05793 1.06366
1.05103 1.0492 1.04879
1.06395 1.06246 1.06305
1.06208 1.07175 1.07311
1.0627 1.06644 1.06556
1.08858 1.08784 1.09001
1.09664 1.10745 1.10481
1.10093 1.10048 1.10328
1.06637 1.07577 1.07269
1.08143 1.08339 1.07926
1.08383 1.09278 1.08896
1.08727 1.09227 1.0929
1.07877 1.08697 1.08624
1.06633 1.08109 1.07798
1.08679 1.09706 1.09432
1.10241 1.13138 1.12514
1.09025 1.09621 1.09276
1.10689 1.13723 1.13611
1.11146 1.13065 1.12528
1.09293 1.10166 1.09793
1.1017 1.10805 1.10789
1.10031 1.10472 1.09975
1.08006 1.09933 1.09435
1.06956 1.08612 1.07789
1.06409 1.08748 1.08614
1.0512 1.06361 1.05898
1.06027 1.07506 1.07218
1.06325 1.07715 1.07575
1.05112 1.07071 1.06666
1.06429 1.08728 1.0802
1.06368 1.08159 1.07802
1.06574 1.06901 1.06624
1.06678 1.08761 1.08451
1.07231 1.08813 1.08725
1.06656 1.07098 1.06974
1.08356 1.08929 1.08751
1.08867 1.09125 1.08781
1.08001 1.09349 1.08721
1.08351 1.07705 1.09199
1.07927 1.07366 1.07061
1.0833 1.0658 1.08436
1.07713 1.08401 1.0718
1.08709 1.09622 1.08363
1.08456 1.10806 1.10046
1.09213 1.10928 1.10834
1.09191 1.10063 1.10775
1.07386 1.09466 1.0899
1.10209 1.11779 1.11588
1.11051 1.12441 1.12408
1.08561 1.10414 1.10546
1.13191 1.13909 1.13856
1.12573 1.14372 1.14524
1.1238 1.13381 1.13243
1.1364 1.14281 1.14229
1.14146 1.1771 1.17159
1.10316 1.11467 1.10991
1.08522 1.11021 1.10536
1.08585 1.1192 1.10958
1.05733 1.09873 1.08495
1.08585 1.11827 1.11213
1.09524 1.13281 1.12132
1.06331 1.10213 1.0921
1.08732 1.12532 1.11413
1.101 1.13558 1.12574
1.07048 1.11365 1.1005
1.09868 1.13495 1.1256
1.10904 1.14345 1.1335
1.08247 1.11483 1.10349
1.10869 1.13709 1.12628
1.10937 1.13692 1.13315
1.07756 1.10965 1.10163
1.09463 1.11805 1.11616
1.09772 1.11689 1.11936
1.06945 1.09892 1.09024
1.08458 1.11102 1.10769
1.09134 1.12252 1.11205
1.06326 1.09026 1.08533
1.07801 1.1119 1.09761
1.0787 1.11856 1.10276
1.0617 1.08572 1.09213
1.07029 1.10831 1.09473
1.07636 1.10747 1.09648
1.08736 1.0784 1.07837
1.07734 1.10089 1.08783
1.07443 1.10413 1.08953
1.07683 1.07287 1.07223
1.07416 1.09864 1.08209
1.07435 1.09605 1.08387
1.07357 1.07244 1.07538
1.08332 1.08551 1.08071
1.0739 1.09899 1.09733
1.08987 1.11876 1.11576
1.06496 1.08927 1.08816
1.09603 1.1194 1.11832
1.11859 1.15146 1.15117
1.12233 1.15413 1.15156
1.12943 1.15934 1.15471
1.13538 1.16917 1.16355
1.14142 1.17356 1.16766
1.16573 1.20215 1.1897
1.19053 1.22611 1.21587
1.212 1.25295 1.23509
1.23926 1.28191 1.26755
1.27176 1.31335 1.30076
1.3062 1.34133 1.3334
1.32768 1.34261 1.36246
1.31537 1.34908 1.34609
1.28664 1.31306 1.3147
1.29696 1.33487 1.32772
1.32364 1.35142 1.35545
1.33206 1.34374 1.36354
1.31897 1.34647 1.34512
1.32562 1.34567 1.35369
1.32162 1.35656 1.34942
1.34165 1.35444 1.36809
1.32945 1.34053 1.35597
1.33384 1.34319 1.35963
1.3152 1.34448 1.34212
1.32167 1.35444 1.34728
1.33974 1.34929 1.36704
1.34863 1.35006 1.37326
1.31965 1.35255 1.34552
1.32662 1.33825 1.35274
1.31473 1.33971 1.34092
1.32398 1.35605 1.34909
1.30129 1.32866 1.32341
1.30758 1.33348 1.33501
1.31915 1.34972 1.34499
1.34636 1.35493 1.36815
1.36602 1.36834 1.38329
1.34965 1.35723 1.37071
1.3411 1.34355 1.35828
1.34463 1.34999 1.3649
1.32713 1.35703 1.35076
1.33393 1.33579 1.35838
1.30936 1.34599 1.33379
1.31367 1.34948 1.34129
1.33697 1.34733 1.36119
1.32553 1.36254 1.35122
1.3352 1.34309 1.35662
1.31874 1.35631 1.34216
1.32533 1.34999 1.34915
1.33779 1.34266 1.35647
1.34855 1.35261 1.34341
1.35808 1.3575 1.34851
1.34397 1.35259 1.36876
1.34896 1.34896 1.35307
1.34359 1.34352 1.3585
1.35368 1.3514 1.34195
1.36224 1.35986 1.34825
1.34976 1.35802 1.37132
1.36237 1.36315 1.37821
1.34279 1.34876 1.36332
1.34769 1.35166 1.36825
1.32791 1.35783 1.35004
1.33971 1.34127 1.35581
1.34997 1.34673 1.33864
1.33353 1.35505 1.34339
1.34305 1.35516 1.36694
1.35109 1.36223 1.3729
1.35704 1.35704 1.36142
1.34922 1.35714 1.36175
1.35278 1.35553 1.36647
1.3497 1.3497 1.35295
1.3535 1.3535 1.35575
1.34296 1.35341 1.3557
1.34413 1.34817 1.35898
1.34785 1.35125 1.33966
1.35885 1.35885 1.36137
1.35855 1.35855 1.36114
1.34958 1.35251 1.36465
1.35595 1.36332 1.34786
1.36224 1.36438 1.35077
1.36376 1.36576 1.3763
1.36557 1.36604 1.38036
1.35956 1.35956 1.36161
1.35906 1.35906 1.36114
1.36194 1.36194 1.36397
1.3617 1.3617 1.36378
1.36483 1.36483 1.36696
1.36503 1.36503 1.36696
1.36778 1.36778 1.36971
1.368 1.368 1.36981
1.37023 1.37023 1.37199
1.37045 1.37045 1.37215
1.37317 1.37317 1.37506
1.37336 1.37336 1.3751
1.37348 1.37348 1.3752
1.37637 1.37637 1.378
1.37665 1.37665 1.37824
1.37282 1.3794 1.38116
1.37945 1.37945 1.3812
1.37977 1.37977 1.38149
1.37643 1.37533 1.38413
1.35895 1.36018 1.37234
1.35528 1.35528 1.35647
1.35824 1.35824 1.35959
1.35919 1.35919 1.36058
1.35076 1.35266 1.36306
1.35171 1.34285 1.34948
1.35598 1.3604 1.35189
1.35612 1.35732 1.36828
1.35957 1.36095 1.37159
1.34655 1.34766 1.35788
1.35749 1.35749 1.35908
1.34745 1.35758 1.35883
1.35779 1.35779 1.35915
1.36011 1.36011 1.36143
1.36259 1.35406 1.36383
1.35404 1.35518 1.34915
1.35528 1.35765 1.34975
1.35258 1.3519 1.36393
1.35279 1.35488 1.36684
1.34981 1.34981 1.3515
1.35078 1.35078 1.35228
1.35054 1.35054 1.35192
1.35301 1.35301 1.35462
1.34425 1.35375 1.35525
1.34751 1.34826 1.35774
1.35157 1.35368 1.34261
1.35178 1.35142 1.34339
1.34662 1.34671 1.35793
1.3559 1.35464 1.34415
1.33933 1.35159 1.3453
1.34782 1.34801 1.35811
1.35208 1.3513 1.36253
1.35787 1.35251 1.3471
1.35609 1.35609 1.35705
1.35043 1.3598 1.36091
1.36162 1.36162 1.3628
1.36268 1.36268 1.36383
1.35272 1.35305 1.36381
1.35378 1.36435 1.36535
1.3649 1.35548 1.36591
1.36028 1.36726 1.36826
1.36743 1.35585 1.36854
1.35828 1.35862 1.37051
1.35295 1.35295 1.35399
1.35409 1.35409 1.35513
1.35472 1.35472 1.35577
1.35687 1.35687 1.3582
1.35741 1.35741 1.35842
1.35985 1.35985 1.3606
1.36018 1.36018 1.3612
1.36194 1.36194 1.3628
1.36252 1.36252 1.3633
1.36235 1.36235 1.36319
1.36413 1.36413 1.36469
1.36464 1.36464 1.3653
1.36618 1.36618 1.36683
1.36665 1.36665 1.36734
1.36819 1.36819 1.36872
1.36916 1.36916 1.3698
1.36903 1.36903 1.36967
1.37045 1.37045 1.37137
1.37099 1.37099 1.37171
1.37259 1.37259 1.37344
1.37302 1.37302 1.37372
1.37427 1.37427 1.37494
1.37417 1.37417 1.37502
1.37433 1.37433 1.37518
1.3761 1.3761 1.37653
1.37656 1.37656 1.37701
1.37618 1.37618 1.37699
1.37767 1.37767 1.37846
1.37832 1.37832 1.37897
1.37837 1.37837 1.37908
1.37991 1.37991 1.38037
1.38032 1.38032 1.38096
1.38185 1.38185 1.38246
1.38232 1.38232 1.38304
1.38202 1.38202 1.38282
1.38357 1.38357 1.3842
1.38433 1.38433 1.3851
1.38508 1.38508 1.38579
1.38466 1.38466 1.38556
1.38708 1.38708 1.38776
1.38813 1.38813 1.38898
1.38955 1.38955 1.39038
1.38959 1.38959 1.39072
1.39159 1.39159 1.39252
1.39208 1.39208 1.39307
1.39407 1.39407 1.3952
1.39442 1.39442 1.39542
1.39677 1.39677 1.39777
1.39701 1.39701 1.39803
1.39744 1.39744 1.39844
1.39975 1.39975 1.40035
1.39993 1.39993 1.40052
1.40162 1.40162 1.40255
1.40185 1.40185 1.40274
1.40209 1.40209 1.40272
1.40338 1.40338 1.40465
1.40351 1.40351 1.40482
1.40631 1.40631 1.40693
1.40811 1.40811 1.40882
1.40847 1.40847 1.40918
1.41071 1.41071 1.41145
1.41099 1.41099 1.41168
1.41093 1.41093 1.41211
1.41127 1.41127 1.41242
1.41351 1.41351 1.41375
1.41414 1.41414 1.4146
1.41472 1.41472 1.4152
1.41585 1.41585 1.41635
1.41639 1.41639 1.4169
1.41671 1.41671 1.41723
1.41951 1.41951 1.41992
1.42084 1.42084 1.4209
1.42363 1.42363 1.42417
1.42539 1.42539 1.42572
1.42739 1.42739 1.42783
1.42842 1.42842 1.42902
1.42821 1.42821 1.42904
1.43118 1.43118 1.43164
1.43157 1.43157 1.4322
1.43429 1.43429 1.43456
1.43495 1.43495 1.4354
1.43532 1.43532 1.43575
1.43713 1.43713 1.43747
1.4375 1.4375 1.43832
1.43842 1.43842 1.43878
1.44017 1.44017 1.44058
1.43995 1.43995 1.44026
1.44223 1.44223 1.44267
1.44327 1.44327 1.44362
1.44352 1.44352 1.44405
