1.08468 1.08854 1.08739
1.08573 1.08486 1.08227
1.08219 1.08206 1.08453
1.0815 1.08459 1.0838
1.08129 1.08188 1.08359
1.08217 1.08262 1.0829
1.08434 1.0905 1.08713
1.09086 1.08669 1.08799
1.08485 1.08404 1.08492
1.08669 1.08967 1.0881
1.09243 1.08519 1.08364
1.08636 1.08533 1.08836
1.08733 1.08869 1.08937
1.08718 1.08524 1.08379
1.08619 1.08546 1.08842
1.0868 1.08789 1.0886
1.08713 1.09158 1.09065
1.08549 1.08639 1.08645
1.08748 1.08901 1.08978
1.08925 1.09004 1.09134
1.08823 1.08723 1.08854
1.08834 1.08883 1.08902
1.08809 1.0933 1.09204
1.08833 1.08904 1.08922
1.08972 1.09089 1.09135
1.09191 1.09135 1.08897
1.09145 1.09065 1.09266
1.09256 1.09417 1.09411
1.09347 1.09432 1.09095
1.09282 1.09393 1.09406
1.09453 1.09597 1.09584
1.09548 1.09512 1.09818
1.09407 1.09467 1.09619
1.0955 1.09772 1.09669
1.09733 1.09692 1.09307
1.09451 1.0952 1.09781
1.09593 1.09888 1.0976
1.09818 1.09691 1.09538
1.09914 1.09885 1.10127
1.10731 1.10994 1.10946
1.10803 1.10907 1.10528
1.10257 1.10317 1.10539
1.09965 1.10383 1.1027
1.09822 1.09731 1.09528
1.09655 1.09713 1.09994
1.09852 1.10236 1.10142
1.10039 1.10042 1.09737
1.09825 1.09926 1.10199
1.09819 1.10403 1.10161
1.10091 1.1006 1.09687
1.09944 1.09955 1.1023
1.09852 1.10386 1.10179
1.1002 1.10055 1.09724
1.09856 1.10019 1.10173
1.09871 1.10326 1.10257
1.10198 1.10064 1.09814
1.10001 1.10081 1.10348
1.10111 1.104 1.10319
1.10335 1.10219 1.09975
1.10096 1.10224 1.10372
1.10094 1.10531 1.10403
1.10476 1.10228 1.10276
1.10332 1.10401 1.10507
1.10355 1.10559 1.10511
1.10687 1.104 1.10716
1.10791 1.10837 1.11123
1.11376 1.11186 1.11277
1.11493 1.11432 1.11962
1.11838 1.11687 1.11785
1.1259 1.12415 1.12656
1.12699 1.12802 1.13216
1.13071 1.12962 1.13057
1.13922 1.13604 1.13917
1.14035 1.14074 1.14581
1.1438 1.14292 1.14416
1.15257 1.14927 1.15298
1.15421 1.15533 1.15999
1.15844 1.15684 1.15845
1.17044 1.16387 1.17086
1.1727 1.17325 1.17934
1.178 1.17701 1.17904
1.18561 1.18156 1.18671
1.18744 1.18783 1.19433
1.19443 1.19328 1.19447
1.20425 1.19843 1.20537
1.20484 1.20639 1.21191
1.20792 1.2071 1.20849
1.21835 1.21394 1.22017
1.21893 1.2191 1.22667
1.22426 1.22443 1.22487
1.23026 1.22577 1.23203
1.22951 1.22939 1.23658
1.23474 1.23416 1.23568
1.24304 1.23826 1.24386
1.24202 1.2429 1.24926
1.24705 1.24671 1.24744
1.25486 1.24935 1.25551
1.25427 1.25443 1.26172
1.2574 1.25786 1.25834
1.26584 1.25937 1.26524
1.26354 1.26346 1.26893
1.26661 1.26742 1.2677
1.27396 1.26863 1.27385
1.273 1.27348 1.27961
1.27645 1.27754 1.27693
1.28282 1.27761 1.28304
1.28329 1.28429 1.28881
1.28407 1.28462 1.28435
1.29214 1.28744 1.29176
1.29253 1.29284 1.2966
1.29212 1.29278 1.2925
1.29832 1.29436 1.29839
1.29675 1.29676 1.30094
1.29897 1.29979 1.29904
1.30862 1.30489 1.30787
1.3083 1.30825 1.31009
1.30758 1.30926 1.30848
1.31204 1.30866 1.31207
1.31166 1.31147 1.31401
1.31216 1.31349 1.31224
1.31434 1.31067 1.31392
1.31537 1.31486 1.31747
1.31455 1.31536 1.31502
1.31995 1.31811 1.32085
1.32026 1.32028 1.32454
1.32258 1.32315 1.32182
1.32637 1.32351 1.32513
1.32613 1.32647 1.32787
1.32598 1.32628 1.32498
1.32696 1.32545 1.32697
1.32851 1.32816 1.33023
1.3282 1.32889 1.32714
1.3315 1.32895 1.33047
1.33127 1.3317 1.33272
1.33121 1.33094 1.32998
1.3341 1.33212 1.33318
1.33455 1.33441 1.33612
1.33351 1.33375 1.33237
1.33649 1.3352 1.33585
1.33722 1.33694 1.33785
1.33672 1.33708 1.33586
1.3406 1.33728 1.33984
1.34032 1.34029 1.34228
1.33858 1.33838 1.33807
1.34003 1.33753 1.33954
1.34102 1.34105 1.34149
1.33893 1.33913 1.33841
1.34276 1.33971 1.34134
1.34111 1.34072 1.34271
1.33996 1.3392 1.33834
1.34316 1.34069 1.34134
1.34295 1.34334 1.34436
1.34499 1.34398 1.34252
1.34444 1.34206 1.34507
1.34167 1.34164 1.34358
1.34149 1.33979 1.34
1.34078 1.33617 1.33908
1.33281 1.33281 1.33475
1.32697 1.32744 1.32623
1.32192 1.31873 1.3203
1.31732 1.31175 1.31338
1.30639 1.3061 1.30594
1.30623 1.30552 1.30611
1.30191 1.30208 1.3026
1.29873 1.29948 1.29884
1.29952 1.29712 1.29871
1.29509 1.29525 1.29659
1.2942 1.29133 1.2919
1.29479 1.29257 1.29359
1.29079 1.29066 1.2922
1.28774 1.28793 1.2875
1.28918 1.2869 1.2892
1.28692 1.28693 1.28879
1.28392 1.28399 1.28452
1.28615 1.28415 1.28608
1.28157 1.2822 1.28361
1.27719 1.27803 1.27782
1.27778 1.27706 1.27891
1.27289 1.2746 1.27523
1.26914 1.26925 1.27118
1.26982 1.2697 1.27157
1.26742 1.26786 1.2702
1.26403 1.26479 1.26577
1.2649 1.26513 1.26632
1.26217 1.26277 1.26427
1.25906 1.25979 1.25959
1.25999 1.25814 1.25961
1.2585 1.25938 1.25972
1.25935 1.25989 1.26119
1.25993 1.2602 1.2634
1.25904 1.25977 1.26218
1.25702 1.25843 1.25967
1.26003 1.26059 1.26254
1.26065 1.26075 1.26162
1.25884 1.25934 1.26075
1.25952 1.25956 1.26193
1.258 1.25831 1.26043
1.25557 1.25684 1.25741
1.25744 1.25729 1.2595
1.25786 1.25815 1.26032
1.25748 1.25797 1.25889
1.25942 1.25912 1.26116
1.25837 1.25852 1.26074
1.25669 1.2568 1.25773
1.25853 1.25782 1.25963
1.2569 1.25688 1.25863
1.25334 1.25389 1.25537
1.25743 1.25766 1.25942
1.25836 1.25837 1.25889
1.25374 1.2547 1.25544
1.25756 1.25716 1.2592
1.25794 1.25753 1.26012
1.25524 1.25491 1.2565
1.25812 1.2582 1.26025
1.26029 1.26016 1.26175
1.25692 1.25759 1.25878
1.26179 1.26053 1.26301
1.26256 1.2626 1.26394
1.25879 1.26016 1.26092
1.26225 1.26142 1.26377
1.26231 1.26232 1.26475
1.25935 1.26137 1.26128
1.26416 1.26431 1.26565
1.26517 1.26527 1.26621
1.25868 1.25884 1.25969
1.26074 1.26082 1.26275
1.26428 1.26451 1.26587
1.26191 1.26229 1.26251
1.26499 1.26379 1.26532
1.2665 1.26627 1.26766
1.26169 1.26194 1.26257
1.26413 1.26357 1.26497
1.26598 1.26601 1.26749
1.2613 1.26163 1.26174
1.26429 1.26376 1.26554
1.26546 1.26503 1.26654
1.25983 1.25948 1.2598
1.2644 1.26283 1.26518
1.26605 1.26566 1.26817
1.26113 1.26136 1.26117
1.26316 1.26207 1.26459
1.2663 1.2659 1.26666
1.26098 1.26146 1.26032
1.26185 1.26191 1.26287
1.26403 1.26434 1.26556
1.25908 1.25999 1.25949
1.26305 1.2615 1.2617
1.26339 1.26315 1.26444
1.2579 1.25813 1.25889
1.25971 1.25966 1.25942
1.26002 1.2599 1.2612
1.25683 1.2576 1.25722
1.26125 1.25978 1.26039
1.26129 1.26083 1.26393
1.25675 1.25859 1.25715
1.25892 1.25636 1.2596
1.25883 1.25849 1.26151
1.25434 1.25543 1.25475
1.25815 1.25429 1.2577
1.25687 1.25669 1.25972
1.25306 1.25383 1.25286
1.25459 1.25268 1.25458
1.2553 1.25461 1.25632
1.24943 1.25042 1.24974
1.25103 1.24961 1.25134
1.2522 1.25155 1.25282
1.24793 1.24881 1.24816
1.25098 1.24925 1.25216
1.25235 1.25289 1.25485
1.24886 1.25018 1.24959
1.25049 1.24919 1.25088
1.25361 1.25304 1.25502
1.25012 1.25113 1.25049
1.25703 1.25521 1.25707
1.25768 1.2572 1.25928
1.25356 1.25374 1.25294
1.25754 1.25444 1.25677
1.25647 1.25596 1.25802
1.24852 1.24971 1.24874
1.25076 1.248 1.25011
1.25036 1.24989 1.25209
1.24452 1.24469 1.2436
1.247 1.24419 1.24602
1.24613 1.2459 1.24761
1.23967 1.2391 1.23839
1.24188 1.23948 1.24111
1.24075 1.24068 1.24229
1.23484 1.23432 1.23372
1.23847 1.23616 1.23782
1.23874 1.23864 1.24023
1.2315 1.23184 1.23125
1.2349 1.23265 1.23403
1.23528 1.23526 1.2367
1.22829 1.22849 1.22763
1.23154 1.2299 1.2308
1.23317 1.23314 1.23394
1.22598 1.22621 1.22503
1.22871 1.22658 1.22785
1.23005 1.22991 1.23146
1.22411 1.22381 1.22315
1.22552 1.22478 1.22525
1.22689 1.22719 1.22781
1.22072 1.22055 1.21988
1.22419 1.2219 1.22304
1.2265 1.22654 1.22765
1.2206 1.22066 1.21969
1.22456 1.22214 1.22388
1.22609 1.22606 1.22784
1.22003 1.2196 1.21966
1.22389 1.22255 1.22389
1.22709 1.22729 1.22815
1.22326 1.2239 1.22237
1.22991 1.22858 1.2303
1.23301 1.2331 1.23457
1.22704 1.22693 1.22615
1.23189 1.2306 1.23144
1.23568 1.23576 1.23718
1.22905 1.22885 1.22807
1.23348 1.2322 1.23324
1.23697 1.2372 1.23806
1.23058 1.23086 1.23008
1.23487 1.23291 1.23359
1.23725 1.23718 1.23797
1.23056 1.23089 1.23
1.2341 1.23248 1.23319
1.23753 1.23785 1.23894
1.23148 1.23146 1.22972
1.23515 1.23363 1.23434
1.23916 1.23923 1.24026
1.23225 1.23164 1.231
1.23599 1.23488 1.2362
1.23942 1.23909 1.24104
1.2327 1.233 1.23183
1.23816 1.23589 1.23725
1.24051 1.24063 1.24165
1.23521 1.2346 1.23459
1.23922 1.23665 1.23863
1.24252 1.24259 1.24374
1.23822 1.23843 1.23716
1.24169 1.23994 1.24113
1.24422 1.24448 1.24539
1.24045 1.24044 1.23968
1.24425 1.24252 1.24374
1.24801 1.24818 1.24934
1.24226 1.24207 1.24118
1.24479 1.24292 1.24403
1.2486 1.24886 1.24891
1.24298 1.24275 1.24169
1.24661 1.2447 1.24558
1.24996 1.25008 1.25082
1.24445 1.24433 1.24363
1.24641 1.2443 1.24552
1.2484 1.2485 1.2491
1.24177 1.24221 1.24079
1.24148 1.24125 1.24056
1.24419 1.24409 1.2452
1.23914 1.23926 1.23823
1.24118 1.24006 1.2401
1.24444 1.24433 1.24462
1.23925 1.23936 1.23828
1.24293 1.24206 1.24207
1.24653 1.24642 1.24755
1.24277 1.24298 1.24218
1.24673 1.24581 1.24589
1.2495 1.24961 1.2501
1.24543 1.24565 1.2445
1.25047 1.24872 1.24896
1.25216 1.25262 1.25293
1.24821 1.24874 1.24745
1.25188 1.25041 1.25043
1.25469 1.25497 1.25545
1.25028 1.25052 1.24957
1.25348 1.25234 1.25232
1.25648 1.25682 1.25708
1.2537 1.25286 1.25231
1.25788 1.25624 1.25645
1.26036 1.26064 1.26141
1.25584 1.25588 1.25502
