6.21005 6.21015 6.20999
6.20768 6.20765 6.20776
6.19863 6.19845 6.19853
6.80045 6.80032 6.80023
7.53815 7.53813 7.53827
6.77406 6.77398 6.77401
5.19914 5.19882 5.19904
4.82327 4.8232 4.82317
3.95848 3.95843 3.95838
3.72614 3.72596 3.72606
3.18478 3.18478 3.18475
3.03142 3.03127 3.03119
3.03236 3.03223 3.03229
2.88241 2.8822 2.88223
3.00184 3.00177 3.00167
2.63035 2.63021 2.6302
2.72906 2.72902 2.72898
2.71599 2.71582 2.71589
2.70538 2.70541 2.70524
2.69381 2.6937 2.69374
2.68213 2.68211 2.68208
2.67111 2.67089 2.67089
2.55415 2.5542 2.55405
2.5449 2.54485 2.54481
2.43775 2.43762 2.43763
2.33679 2.33678 2.3368
2.41504 2.41485 2.41487
2.40236 2.40253 2.40245
2.38922 2.38909 2.38931
2.37748 2.37701 2.37734
2.36589 2.36587 2.36583
2.35435 2.35425 2.35433
2.34084 2.34075 2.34071
2.2453 2.24536 2.24525
2.31745 2.31722 2.31722
2.30731 2.30712 2.30716
2.29505 2.29488 2.29494
2.19844 2.19841 2.19841
2.36138 2.36126 2.36124
2.35063 2.35045 2.35054
2.24856 2.24826 2.24836
2.23783 2.23757 2.23748
2.22707 2.22697 2.22701
2.21345 2.21337 2.21343
2.20191 2.20193 2.20188
2.27828 2.27817 2.27814
2.18305 2.18293 2.18299
2.25941 2.25927 2.2593
2.24493 2.24493 2.2449
2.23287 2.23273 2.23271
2.22107 2.22102 2.22109
2.2136 2.21362 2.21353
2.49484 2.4948 2.49478
2.48103 2.4811 2.48098
2.26448 2.26438 2.26443
2.16445 2.16443 2.16439
2.1505 2.15049 2.15051
2.22743 2.22739 2.22741
2.21885 2.219 2.21892
2.40186 2.40188 2.40185
2.49853 2.49856 2.49843
2.37051 2.37039 2.37043
2.25567 2.25558 2.25553
2.34565 2.34577 2.34573
2.44217 2.44207 2.44205
2.31807 2.31808 2.31813
2.30288 2.3028 2.30291
2.51439 2.51419 2.51421
2.63203 2.63208 2.63211
2.48651 2.48651 2.4865
2.47115 2.47127 2.47114
2.45834 2.45827 2.4583
2.44304 2.44301 2.44303
2.42595 2.42601 2.42596
2.41192 2.41199 2.41194
2.39772 2.39775 2.3977
2.64503 2.64496 2.64495
2.78215 2.78213 2.78211
2.7668 2.76675 2.76675
2.74802 2.74808 2.7481
2.73366 2.7337 2.73365
2.71696 2.71681 2.71678
2.69905 2.69905 2.69898
2.68154 2.68141 2.68145
2.82326 2.82312 2.82319
2.80466 2.80457 2.80459
2.62334 2.62341 2.62342
2.95036 2.95041 2.95044
2.93252 2.93246 2.93245
2.7324 2.73233 2.73229
2.71255 2.71246 2.71252
2.69184 2.692 2.69198
3.05075 3.05072 3.05092
3.02676 3.02672 3.02676
2.80917 2.80901 2.80903
2.98251 2.98233 2.98239
3.19014 3.19001 3.19005
2.94342 2.94317 2.94329
2.91617 2.91621 2.91626
2.89559 2.89568 2.89577
2.87436 2.87445 2.87443
3.07562 3.07554 3.0756
3.04998 3.04973 3.04999
3.0332 3.03324 3.03324
3.00943 3.0096 3.00955
2.98526 2.98525 2.98527
2.9684 2.96834 2.96832
2.9459 2.94578 2.94589
2.92383 2.92364 2.92379
2.9024 2.90234 2.90241
2.88316 2.88302 2.88315
2.86864 2.86875 2.86857
3.0759 3.07572 3.076
3.32746 3.32734 3.32725
3.30836 3.3083 3.30805
3.03958 3.0395 3.03942
3.02797 3.02809 3.02776
3.00788 3.00794 3.00788
2.98804 2.98801 2.98811
2.9705 2.97064 2.97048
2.9545 2.95449 2.95436
2.93773 2.93749 2.93772
2.93492 2.93514 2.93477
3.49778 3.49768 3.49737
3.4931 3.49293 3.49276
3.1572 3.15719 3.15712
3.15037 3.15029 3.15041
3.45321 3.45304 3.4532
3.12978 3.12951 3.12933
3.41512 3.41528 3.41526
3.07613 3.0762 3.07615
3.05462 3.05445 3.05419
3.33505 3.33514 3.33501
3.30938 3.30907 3.30908
3.31242 3.31226 3.31229
3.29271 3.29256 3.29328
3.27565 3.27563 3.2755
3.25876 3.25861 3.2586
3.2362 3.23609 3.23627
3.22258 3.22265 3.22271
3.20146 3.20127 3.20115
3.18909 3.18892 3.18869
3.17566 3.17572 3.17555
3.15759 3.1576 3.15734
3.15778 3.15778 3.15737
3.14752 3.14787 3.14746
3.13113 3.13101 3.13094
3.11111 3.11119 3.11081
3.08959 3.08956 3.08932
3.07205 3.07209 3.07209
2.78096 2.7811 2.78126
2.77449 2.77462 2.77464
2.76406 2.76385 2.76396
2.74928 2.74928 2.74917
2.74097 2.74101 2.74106
2.71784 2.71749 2.71763
2.71149 2.71147 2.71143
2.7122 2.71215 2.71209
2.69236 2.69243 2.69192
2.94801 2.94808 2.94832
2.92695 2.92686 2.92712
2.91182 2.91179 2.91172
2.89077 2.89065 2.89065
2.88158 2.88144 2.88172
2.86047 2.86079 2.86088
2.84955 2.84955 2.84953
2.85164 2.85169 2.8517
2.82264 2.82254 2.82223
2.79869 2.79866 2.79874
2.78108 2.78099 2.78091
2.76472 2.7648 2.76496
2.75337 2.75362 2.7533
2.73695 2.73685 2.73687
2.72721 2.72689 2.72709
2.71119 2.71111 2.71115
2.70513 2.70531 2.70544
2.67968 2.68002 2.68016
2.67741 2.67742 2.67719
2.66808 2.66825 2.66827
2.65644 2.65628 2.65634
2.66189 2.66202 2.66206
2.63281 2.6328 2.63282
2.61908 2.61913 2.61984
2.36873 2.36889 2.36915
2.3597 2.35949 2.35986
2.34598 2.34533 2.34546
2.34086 2.34098 2.3413
2.32984 2.3297 2.33031
2.33993 2.34013 2.3401
2.33419 2.3342 2.33475
2.31627 2.31664 2.31647
2.30351 2.30366 2.30342
2.29884 2.29898 2.29912
2.28885 2.28863 2.28896
2.27424 2.27366 2.27455
2.47998 2.47966 2.48007
2.25013 2.25 2.2499
2.23769 2.23771 2.23791
2.24457 2.24439 2.2451
2.22334 2.22303 2.22328
2.20291 2.20289 2.20268
2.21028 2.21018 2.20983
2.2058 2.20572 2.20595
2.18174 2.18195 2.18219
2.16468 2.16475 2.16489
2.16257 2.16269 2.16304
2.14623 2.14627 2.14641
1.97957 1.97944 1.97939
1.96708 1.96715 1.96748
1.96479 1.96479 1.96473
1.79048 1.79024 1.79051
1.79892 1.79894 1.79889
1.77507 1.77496 1.77522
1.76808 1.7678 1.76783
1.79094 1.79081 1.79101
1.78367 1.78367 1.78388
1.77781 1.77781 1.77796
1.77024 1.77024 1.77017
1.77431 1.77431 1.77412
1.77081 1.77081 1.77054
1.76318 1.76318 1.763
1.75676 1.75676 1.75673
1.74895 1.74895 1.74881
1.74431 1.74431 1.74415
1.74047 1.74047 1.74058
1.73323 1.73323 1.73283
1.72908 1.72908 1.72885
1.72626 1.72626 1.72624
1.71917 1.71917 1.71924
1.69688 1.69688 1.69687
1.69449 1.69449 1.69435
1.68809 1.68809 1.68824
1.70275 1.70275 1.70263
1.71085 1.71085 1.71104
1.70548 1.70548 1.70558
1.69837 1.69837 1.6984
1.70158 1.70158 1.70173
1.69979 1.69979 1.69956
1.69374 1.69374 1.69368
1.69069 1.69069 1.69049
1.68635 1.68635 1.68638
1.68071 1.68071 1.68046
1.67748 1.67748 1.67741
1.67661 1.67661 1.67657
1.67088 1.67088 1.67112
1.66783 1.66783 1.6676
1.66937 1.66937 1.6691
1.66514 1.66514 1.66472
1.66523 1.66523 1.66513
1.54663 1.54663 1.54649
1.54014 1.54014 1.54017
1.5378 1.5378 1.53779
1.43432 1.43432 1.43434
1.42887 1.42887 1.42891
1.42799 1.42799 1.42802
1.52899 1.52899 1.52909
1.52532 1.52532 1.52526
1.52305 1.52305 1.52281
1.52096 1.52096 1.52126
1.51725 1.51725 1.51762
1.51547 1.51547 1.51529
1.40873 1.40873 1.40857
1.40677 1.40677 1.40664
1.40591 1.40591 1.40583
1.40219 1.40219 1.40226
1.4143 1.4143 1.41488
1.41171 1.41171 1.41162
1.41003 1.41003 1.40989
1.40839 1.40839 1.40831
1.40344 1.40344 1.40346
1.40171 1.40171 1.40185
1.4003 1.4003 1.40083
1.39749 1.39749 1.39757
1.39244 1.39244 1.3927
1.3889 1.3889 1.38915
1.3878 1.3878 1.38769
1.38662 1.38662 1.38689
1.38437 1.38437 1.38479
1.38248 1.38248 1.38256
1.38147 1.38147 1.38161
1.37712 1.37712 1.3773
1.37612 1.37612 1.37599
1.3775 1.3775 1.37712
1.37209 1.37209 1.37238
1.37464 1.37464 1.37472
1.37148 1.37148 1.37179
1.37023 1.37023 1.3705
1.36706 1.36706 1.36683
1.36496 1.36496 1.36506
1.36388 1.36388 1.36396
1.28315 1.28315 1.28322
1.28168 1.28168 1.28157
1.36569 1.36569 1.36581
1.27771 1.27771 1.27782
1.2768 1.2768 1.27689
1.27597 1.27597 1.27594
1.19861 1.19861 1.19877
1.2006 1.2006 1.20049
1.19992 1.19992 1.19975
1.1979 1.1979 1.19786
1.19633 1.19633 1.19638
1.19413 1.19413 1.19398
1.19266 1.19266 1.19282
1.1894 1.1894 1.18976
1.18824 1.18824 1.18831
1.18515 1.18515 1.18524
1.18301 1.18301 1.18297
1.18144 1.18144 1.1814
1.18016 1.18016 1.18027
1.17804 1.17804 1.17828
1.18013 1.18013 1.18026
1.1797 1.1797 1.17956
1.17698 1.17698 1.17717
1.17585 1.17585 1.17575
1.17332 1.17332 1.17331
1.1719 1.1719 1.17221
1.17136 1.17136 1.1713
1.16882 1.16882 1.16895
1.17552 1.17552 1.17597
1.17473 1.17473 1.17493
1.17265 1.17265 1.17258
1.17146 1.17146 1.17147
1.17085 1.17085 1.17083
1.169 1.169 1.16887
1.16751 1.16751 1.16761
1.16503 1.16503 1.16537
1.16365 1.16365 1.16385
1.16158 1.16158 1.16165
1.16002 1.16002 1.16007
1.09469 1.09469 1.09482
1.09216 1.09216 1.09225
1.09112 1.09112 1.09099
1.08997 1.08997 1.09
1.08776 1.08776 1.0879
1.08692 1.08692 1.0872
1.0902 1.0902 1.09026
1.08837 1.08837 1.08846
1.0873 1.0873 1.08741
1.0876 1.0876 1.08776
1.08596 1.08596 1.08565
1.08464 1.08464 1.08458
1.08222 1.08222 1.08252
1.02272 1.02272 1.02293
1.02069 1.02069 1.02047
1.02244 1.02244 1.02265
1.02159 1.02159 1.0219
1.01966 1.01966 1.01973
1.01862 1.01862 1.01879
1.01763 1.01763 1.01799
1.0161 1.0161 1.01649
1.01511 1.01511 1.01511
1.01433 1.01433 1.01433
1.01225 1.01225 1.01209
1.01097 1.01097 1.01151
1.01034 1.01034 1.01078
1.00815 1.00815 1.00828
1.00696 1.00696 1.00714
0.999932 0.999932 1.00005
0.998443 0.998443 0.99868
1.00258 1.00258 1.00274
0.995685 0.995685 0.995655
0.999139 0.999139 0.999317
0.997664 0.997664 0.997859
0.991438 0.991438 0.991331
0.990166 0.990166 0.990121
0.992663 0.992663 0.992698
0.991227 0.991227 0.991283
0.990328 0.990328 0.990362
0.988873 0.988873 0.988831
0.938082 0.938082 0.938408
0.936415 0.936415 0.936376
0.935237 0.935237 0.935275
0.934381 0.934381 0.934772
0.93241 0.93241 0.93216
0.931011 0.931011 0.931171
0.930443 0.930443 0.930402
0.928503 0.928503 0.928992
0.883171 0.883171 0.883099
0.882551 0.882551 0.882615
0.880828 0.880828 0.880818
0.879834 0.879834 0.879922
0.878975 0.878975 0.879323
0.877299 0.877299 0.877815
0.881561 0.881561 0.881649
0.880844 0.880844 0.880421
0.878301 0.878301 0.878355
0.876549 0.876549 0.876581
0.875211 0.875211 0.875044
0.874013 0.874013 0.874399
0.872308 0.872308 0.872298
0.876498 0.876498 0.876586
0.875925 0.875925 0.875837
0.874197 0.874197 0.873864
0.873241 0.873241 0.873125
0.873153 0.873153 0.873087
0.87172 0.87172 0.87157
0.871044 0.871044 0.870925
0.869827 0.869827 0.869643
0.867936 0.867936 0.868299
0.868831 0.868831 0.868829
0.865933 0.865933 0.866126
0.865617 0.865617 0.865631
0.863684 0.863684 0.863474
0.862221 0.862221 0.862278
0.822189 0.822189 0.822203
0.821163 0.821163 0.821126
0.819667 0.819667 0.819858
0.818647 0.818647 0.818838
0.816507 0.816507 0.816645
0.814396 0.814396 0.814629
0.813605 0.813605 0.813979
0.812603 0.812603 0.812524
0.811941 0.811941 0.812159
0.810247 0.810247 0.810255
0.809237 0.809237 0.80925
0.812836 0.812836 0.813018
0.805734 0.805734 0.806184
0.810303 0.810303 0.810492
0.809691 0.809691 0.81016
0.773787 0.773787 0.773823
0.772562 0.772562 0.77237
0.771926 0.771926 0.771884
0.769843 0.769843 0.769961
0.770476 0.770476 0.770619
0.769329 0.769329 0.769747
0.764057 0.764057 0.764237
0.76097 0.76097 0.760862
0.759798 0.759798 0.760234
0.759194 0.759194 0.759489
0.759564 0.759564 0.759691
0.75848 0.75848 0.758795
0.757813 0.757813 0.758024
0.756417 0.756417 0.756608
0.755573 0.755573 0.75539
0.752109 0.752109 0.752027
0.749497 0.749497 0.749694
0.748365 0.748365 0.748325
0.747771 0.747771 0.748084
0.746478 0.746478 0.746407
0.713949 0.713949 0.714104
0.71264 0.71264 0.712674
0.711748 0.711748 0.711528
0.709845 0.709845 0.710007
0.709304 0.709304 0.709335
0.680192 0.680192 0.680219
0.678891 0.678891 0.678807
0.677896 0.677896 0.677662
0.676886 0.676886 0.677021
0.675493 0.67527 0.675336
0.676216 0.676072 0.676272
0.677453 0.677631 0.677596
0.677018 0.67719 0.677636
0.678487 0.678331 0.678096
0.677734 0.677894 0.678079
0.679484 0.679277 0.679645
0.676549 0.67669 0.676309
0.675609 0.675901 0.675789
0.67578 0.675981 0.676012
0.675563 0.675406 0.675529
0.674449 0.674528 0.674492
0.67225 0.672509 0.672425
0.671209 0.671152 0.671544
0.670994 0.670882 0.67157
0.697978 0.698162 0.698214
0.693418 0.693469 0.69339
0.665265 0.665215 0.665397
0.665492 0.665074 0.665213
0.671426 0.67154 0.671623
0.674514 0.674382 0.674294
0.673353 0.673353 0.673109
0.673412 0.673412 0.674041
0.673902 0.673756 0.67409
0.673854 0.673782 0.674004
0.669994 0.669518 0.670027
0.64591 0.645326 0.645666
0.645046 0.645116 0.644866
0.64443 0.644261 0.644408
0.642935 0.642517 0.64275
0.643695 0.643764 0.643809
0.642922 0.64286 0.64334
0.635473 0.635682 0.635625
0.634925 0.634774 0.634867
0.631988 0.631939 0.63213
0.635796 0.635946 0.635971
0.635843 0.635884 0.635949
0.634535 0.634558 0.634856
0.639361 0.639602 0.639818
0.635364 0.635135 0.635182
0.635748 0.635981 0.635759
0.653965 0.654013 0.654665
0.653179 0.653404 0.653526
0.627063 0.626996 0.627052
0.624957 0.624566 0.62512
0.628992 0.629175 0.628978
0.630138 0.629638 0.629731
0.629386 0.62946 0.629558
0.606947 0.60691 0.607292
0.608301 0.608301 0.608192
0.607948 0.607948 0.607884
0.608649 0.608391 0.608447
0.602488 0.602391 0.602654
0.601367 0.601261 0.601586
0.603998 0.60384 0.604366
0.604136 0.604043 0.604387
0.604849 0.604964 0.604871
0.604777 0.604989 0.605096
0.60378 0.603943 0.603921
0.603514 0.603328 0.603432
0.606901 0.606739 0.606822
0.601123 0.60115 0.601384
0.604939 0.604877 0.605006
0.605119 0.605493 0.605289
0.610768 0.610768 0.611016
0.632054 0.632237 0.632281
0.633772 0.633733 0.633721
0.632318 0.632228 0.632431
0.631351 0.631331 0.631436
0.63296 0.633124 0.633102
0.632263 0.632451 0.632622
0.631189 0.631225 0.631575
0.630826 0.630826 0.630905
0.629211 0.629043 0.629264
0.607282 0.607342 0.607394
0.60845 0.608469 0.608347
0.631535 0.631826 0.631983
0.630407 0.630472 0.630714
0.628859 0.628852 0.629112
0.624744 0.624488 0.624834
0.612142 0.612023 0.612277
0.621584 0.621164 0.621601
0.634114 0.634188 0.634252
0.644276 0.644417 0.644294
0.619664 0.619658 0.619653
0.620793 0.620566 0.62092
0.622744 0.623001 0.623233
0.624502 0.624509 0.62451
0.619483 0.61977 0.620022
0.623194 0.6234 0.623249
0.609448 0.609106 0.609358
0.610472 0.610562 0.610659
0.610533 0.610566 0.611026
0.61133 0.61134 0.611757
0.610729 0.610699 0.610648
0.610493 0.610791 0.610732
0.612024 0.611979 0.612428
0.612118 0.612323 0.61235
0.610007 0.61006 0.610186
0.631734 0.631598 0.631825
0.630141 0.630127 0.630354
0.628991 0.628678 0.629351
0.629406 0.629316 0.629509
0.631336 0.631533 0.631525
0.633373 0.633043 0.633239
0.632876 0.632846 0.632866
0.634042 0.634219 0.63433
0.636905 0.636922 0.637006
0.634635 0.634465 0.634501
0.607565 0.607713 0.608128
0.60471 0.604518 0.605121
0.581102 0.581547 0.581317
0.584125 0.584042 0.584467
0.584511 0.584704 0.584789
0.588454 0.588293 0.58886
0.61603 0.616233 0.61606
0.586872 0.586837 0.587182
0.585534 0.585163 0.585777
0.586365 0.586345 0.586134
0.580126 0.58046 0.580371
0.580262 0.580036 0.580179
0.58114 0.581146 0.581172
0.603404 0.603209 0.603563
0.604208 0.604206 0.604762
0.601721 0.601743 0.601726
0.604207 0.604109 0.603886
0.605674 0.605534 0.605695
0.604649 0.60481 0.604623
0.603918 0.604184 0.604098
0.579141 0.579201 0.57943
0.601291 0.601679 0.601679
0.582679 0.582679 0.582824
0.581062 0.581118 0.581381
0.580173 0.580357 0.580415
0.582958 0.583172 0.583377
0.604629 0.604718 0.604932
0.597835 0.597903 0.597856
0.597923 0.598164 0.598348
0.598127 0.598514 0.598651
0.605645 0.605372 0.605897
0.602175 0.602108 0.602375
0.600549 0.60076 0.601151
0.59931 0.599712 0.599867
0.602252 0.602448 0.602919
0.601909 0.601821 0.602125
0.59586 0.595788 0.596146
0.597208 0.597495 0.597593
0.597406 0.597713 0.597692
0.601939 0.601875 0.602044
0.617778 0.618176 0.618069
0.617349 0.61784 0.618006
0.617134 0.6174 0.617314
0.623042 0.623178 0.623294
0.626954 0.627022 0.627018
0.622154 0.622323 0.622675
0.611447 0.61111 0.611728
0.61514 0.614939 0.615052
0.616925 0.616938 0.617321
0.589177 0.589382 0.58946
0.593022 0.593021 0.593242
0.616416 0.616763 0.616853
0.617586 0.617947 0.618005
0.620134 0.620223 0.620267
0.611527 0.61156 0.611791
0.607096 0.607056 0.607177
0.614873 0.614946 0.615085
0.614352 0.61426 0.614617
0.60488 0.605416 0.605456
0.604353 0.604176 0.60425
0.604869 0.605382 0.605217
0.602093 0.602286 0.602282
0.602323 0.602328 0.602483
0.627106 0.627484 0.627558
0.627463 0.627413 0.627672
0.628888 0.628893 0.629358
0.629742 0.629653 0.629762
0.629241 0.629644 0.629793
0.629264 0.629169 0.629179
0.628052 0.628183 0.62806
0.633034 0.632768 0.633062
0.632826 0.632656 0.632948
0.606668 0.606327 0.606765
0.607578 0.607362 0.607451
0.588738 0.588931 0.589065
0.592072 0.592042 0.592482
0.61292 0.61304 0.612953
0.614589 0.615167 0.615276
0.608517 0.608895 0.609018
0.611513 0.611944 0.611698
0.636296 0.636261 0.636753
0.61741 0.617094 0.617461
0.588386 0.588421 0.588446
0.589226 0.589216 0.589496
0.592101 0.592101 0.592346
0.598206 0.598406 0.598213
0.596614 0.596728 0.59659
0.592517 0.592759 0.593146
0.570155 0.570366 0.570765
0.56616 0.566345 0.566467
0.584432 0.584357 0.584734
0.58438 0.584461 0.584641
0.585579 0.585605 0.585811
0.586185 0.585875 0.58656
0.566642 0.566732 0.566929
0.567135 0.56714 0.567394
0.566114 0.566107 0.56654
0.589538 0.58937 0.58967
0.568034 0.568315 0.568454
0.567963 0.568172 0.568477
0.590614 0.590724 0.590677
0.590611 0.590906 0.590918
0.59012 0.59049 0.590602
0.567988 0.568227 0.568606
0.566873 0.567241 0.567142
0.586363 0.586675 0.586952
0.61448 0.615345 0.615185
0.609168 0.609444 0.609433
0.615069 0.615456 0.615621
0.614644 0.615245 0.615125
0.617037 0.616991 0.617098
0.621273 0.621644 0.621546
0.621364 0.621528 0.62157
0.620901 0.621028 0.620769
0.614492 0.614818 0.614746
0.612639 0.612799 0.613052
0.612121 0.612375 0.612219
0.606023 0.605892 0.605962
0.60598 0.606355 0.606472
0.607434 0.607451 0.608071
0.608448 0.608569 0.609144
0.6122 0.612141 0.61244
0.613068 0.613143 0.613717
0.615989 0.616431 0.616541
0.615644 0.615626 0.61636
0.615498 0.615837 0.615908
0.617607 0.617762 0.617989
0.617554 0.616899 0.617492
0.616587 0.616788 0.616919
0.588476 0.588607 0.588486
0.588933 0.589411 0.589593
0.585286 0.58535 0.585654
0.606349 0.60661 0.6068
0.605822 0.605777 0.606006
0.604859 0.60496 0.605006
0.605318 0.605725 0.605776
0.605012 0.604914 0.605135
0.603919 0.60402 0.604225
0.606403 0.606662 0.606562
0.605227 0.60515 0.605065
0.600856 0.600812 0.60077
0.599605 0.599454 0.599663
0.628177 0.628741 0.628682
0.578198 0.578369 0.578655
0.601575 0.601467 0.601391
0.5983 0.598762 0.598615
0.650423 0.650708 0.650876
0.620647 0.62042 0.621068
0.601897 0.60241 0.602548
0.626745 0.626752 0.627081
0.604271 0.603945 0.604195
0.621701 0.621674 0.621771
0.605806 0.60594 0.605983
0.598665 0.598682 0.598669
0.576241 0.576607 0.576678
0.596048 0.596051 0.596205
0.61861 0.619112 0.618924
0.61732 0.617368 0.617526
0.594214 0.594075 0.594045
0.619112 0.619359 0.619481
0.619829 0.619825 0.619699
0.61755 0.617449 0.61741
0.615462 0.615493 0.615547
0.61749 0.617304 0.617278
0.617226 0.617678 0.617565
0.61589 0.615911 0.615986
0.613905 0.61399 0.613848
0.61293 0.613066 0.613058
0.58157 0.581529 0.581479
0.580373 0.580305 0.580217
0.579103 0.579129 0.579133
0.582366 0.582207 0.582094
0.576513 0.576433 0.576513
0.575407 0.575079 0.575171
0.575946 0.575662 0.575845
0.573668 0.573478 0.573638
0.580856 0.580696 0.580961
0.577787 0.577793 0.577666
0.555129 0.555154 0.555157
0.53145 0.531212 0.531119
0.52881 0.528633 0.52859
0.530407 0.530462 0.530307
0.531921 0.531875 0.531908
0.531158 0.530965 0.53094
0.528029 0.527989 0.527934
0.528396 0.52871 0.528486
0.527074 0.527012 0.526997
0.525829 0.525897 0.525689
0.524134 0.524154 0.524206
0.524315 0.524154 0.524335
0.522194 0.522028 0.521908
0.54291 0.542866 0.542913
0.543999 0.543881 0.543998
0.540071 0.53973 0.539817
0.52194 0.521727 0.521798
0.517838 0.517634 0.517731
0.517399 0.517314 0.517288
0.512545 0.512319 0.512439
0.511981 0.511599 0.511866
0.493644 0.493435 0.493336
0.493476 0.493119 0.493201
0.491101 0.490921 0.491039
0.505531 0.505327 0.505508
0.510157 0.510129 0.510161
0.50689 0.506756 0.506735
0.507815 0.507691 0.507653
0.504777 0.504822 0.504929
0.503559 0.50344 0.503293
0.518692 0.518607 0.518868
0.49976 0.49933 0.499499
0.496302 0.49626 0.49626
0.492592 0.492826 0.492694
0.49057 0.490892 0.490639
0.494054 0.493914 0.493999
0.496708 0.49619 0.496246
0.496635 0.496567 0.496465
0.495671 0.495625 0.495676
0.497899 0.497763 0.498049
0.498915 0.498779 0.498835
0.497015 0.49707 0.49674
0.500064 0.499914 0.499941
0.493619 0.493539 0.493682
0.493767 0.493853 0.493708
0.496358 0.496107 0.496138
0.49538 0.495224 0.495398
0.492317 0.492291 0.492308
0.489436 0.489438 0.489342
0.487983 0.488072 0.488102
0.463689 0.463578 0.463798
0.467248 0.467191 0.467227
0.465612 0.465559 0.46541
0.464567 0.464437 0.46435
0.464233 0.464019 0.464287
0.465461 0.465156 0.465056
0.467744 0.467565 0.467604
0.468973 0.468982 0.468837
0.468525 0.468237 0.468146
0.471406 0.471721 0.471481
0.471934 0.471845 0.47176
0.468638 0.46814 0.468325
0.4675 0.467602 0.467321
0.466326 0.466035 0.466162
0.467758 0.467592 0.467582
0.466051 0.465887 0.465816
0.46514 0.4649 0.464928
0.45887 0.458682 0.45849
0.46333 0.463272 0.463253
0.464485 0.46423 0.464204
0.458839 0.458521 0.458788
0.458373 0.458146 0.458513
0.463725 0.463575 0.463868
0.458417 0.458412 0.458371
0.460709 0.46059 0.460507
0.459655 0.459589 0.459521
0.473359 0.473522 0.473462
0.457758 0.457458 0.457521
0.457045 0.456683 0.456724
0.454549 0.454395 0.454557
0.451637 0.451528 0.451228
0.46545 0.465411 0.46532
0.449105 0.449005 0.448971
0.449845 0.449773 0.44956
0.466475 0.46604 0.466472
0.466247 0.465962 0.4658
0.472623 0.472326 0.472344
0.490389 0.490074 0.490324
0.490395 0.490046 0.490131
0.489275 0.488795 0.489136
0.483927 0.483871 0.483837
0.486865 0.487098 0.486853
0.486302 0.486042 0.486095
0.481464 0.481343 0.48135
0.48107 0.480893 0.48081
0.483108 0.483242 0.483215
0.48139 0.481429 0.481503
0.478593 0.478282 0.478635
0.477924 0.478085 0.47804
0.479817 0.479988 0.479758
0.478303 0.478195 0.478287
0.478703 0.478876 0.478701
0.478777 0.478535 0.478582
0.475845 0.4757 0.475793
0.470853 0.470599 0.470621
0.490354 0.490288 0.490096
0.484006 0.484002 0.484115
0.485426 0.48544 0.485524
0.466102 0.466 0.466033
0.446602 0.44655 0.446329
0.433607 0.433669 0.433736
0.448103 0.447911 0.44807
0.448177 0.448086 0.447998
0.450612 0.45054 0.45053
0.448433 0.448653 0.448756
0.462727 0.462572 0.462668
0.467108 0.467225 0.467284
0.466769 0.466707 0.466651
0.461213 0.461153 0.461212
0.460071 0.45999 0.459782
0.463482 0.463633 0.463508
0.463895 0.463792 0.463913
0.463231 0.463086 0.463102
0.46067 0.460529 0.460684
0.45965 0.460123 0.460084
