70.0514742874
69.9416382854
69.8085713866
69.662270532
69.5044120409
69.3499108173
69.1980369912
69.024292041
68.8370117333
68.6811578433
68.516652637
68.33913966
68.2186420369
68.0611123178
67.8767494597
67.7082272723
67.5217050504
67.3128121638
67.1119759433
66.8954542191
66.6622868109
66.4636593362
66.2394045126
65.9992458393
65.7661487198
65.5050992289
65.2335584227
64.9486884583
64.6606557418
64.3789073868
64.0851943343
63.7908033649
63.4935846068
63.1967792264
62.8933852681
62.5939789481
62.2850742758
61.9868122115
61.678608651
61.3663268128
61.0476424572
60.7378348641
60.4212753976
60.1139507325
59.8150916709
59.4894878271
59.176453233
58.8675483219
58.5658644056
58.2425542061
57.9401246293
57.6292116935
57.3146013001
56.9965244436
56.6837918074
56.3637778223
56.057740401
55.7438807121
55.4428564869
55.1390262399
54.8190269229
54.5092973935
54.2007285104
53.8935649417
53.5798256754
53.2738311529
52.9708286436
52.6788397441
52.3709538891
52.0655110194
51.7565939626
51.4480902288
51.1349445946
50.8344829225
50.525415589
50.2196139873
49.923901638
49.6248451614
49.3147609289
49.0109811771
48.7056630951
48.4030529308
48.107880905
47.8126328901
47.5044999959
47.2006821203
46.9057834227
46.5952975519
46.292139536
46.0004140679
45.6956284887
45.3896846377
45.1003285078
44.80414934
44.5050877608
44.2161440499
43.9475183358
43.6570754688
43.378858516
43.0903518069
42.7995414447
42.5213285729
42.2439219433
41.9677205365
41.7258700159
41.4648514521
41.1902722592
40.9581039455
40.6951897736
40.4287105167
40.2195534186
39.9721265312
39.7191905648
39.5462326176
39.3164367335
39.071986797
38.9123983631
38.6909183798
38.4627561188
38.2476248476
38.0201556863
37.7862186694
37.5514689404
37.3032598813
37.0796837339
36.8430784777
36.6134962535
36.3787542583
36.2091700745
36.0036798149
35.7919513325
35.6359358003
35.4915885846
35.3114664731
35.0988235519
34.9581460566
34.8344638318
34.6367892233
34.4952384453
34.2920166586
34.0857506169
33.9261045753
33.6976845107
33.4814744536
33.3288518179
33.1274015239
32.9089550211
32.7572644884
32.539906072
32.3303860506
32.1817816572
31.9888828112
31.7878753572
31.6464162051
31.4473209663
31.2562407456
31.1124220699
30.9193735099
30.7004520164
30.552168087
30.390925086
30.2066799294
30.0128143922
29.862816159
29.6782555103
29.471077604
29.305114068
29.1781285137
29.0128865536
28.8336857059
28.697340958
28.5191893117
28.3299783832
28.1833047888
28.0035973939
27.8497082022
27.6584398871
27.5159813514
27.3472309822
27.1689570639
27.0646470467
26.9350669161
26.7730033727
26.5875464846
26.4536667483
26.2986183887
26.1408319111
25.9647778643
25.8770171999
25.8278548232
25.7193466841
25.5654873114
25.4480134078
25.3218317799
25.2272532777
25.1386548703
25.0932514691
24.9979280099
24.8476365086
24.818769153
24.7941971742
24.7051061736
24.637995694
24.5962296993
24.5848565291
24.5043336963
24.4681507261
24.4212393839
24.3407451451
24.2741725324
24.2336502072
24.2160742864
24.1984609222
24.1884161167
24.1296999654
24.0156228472
23.9772097015
23.9290705978
23.9652601731
23.9792041516
23.9493741509
23.8841994414
23.875353254
23.8708099543
23.8645112074
23.8349953284
23.7308742449
23.693093733
23.6487682311
23.6873946246
23.6275955312
23.6019020024
23.5621249476
23.6000017377
23.5482028196
23.5011560883
23.436433073
23.4012463907
23.3609950447
23.4026940808
23.3587673874
23.296694724
23.249382072
23.2419789153
23.2168544797
23.1961024084
23.241370939
23.241417737
23.1826930028
23.1429306998
23.1036834559
23.1380280709
23.1555205703
23.1342365709
23.0593883891
22.9845767443
22.926968185
22.9414614753
22.9078332605
22.8521203755
22.811191072
22.8144911231
22.8188406109
22.8197091698
22.8030683132
22.8418967463
22.7973017807
22.7642230642
22.692828282
22.7101300989
22.7089557907
22.6386470464
22.6145860109
22.5969455512
22.6302571962
22.5946562609
22.571434496
22.5183550237
22.4288548123
22.3836853389
22.3506175662
22.3102767977
22.2922318942
22.290634515
22.2956472136
22.2624583942
22.2682107074
22.2403845527
22.205518757
22.1681666804
22.1255164333
22.1022240987
22.0771409941
22.0834772578
22.0836028942
22.0768164505
22.099720109
22.1381602541
22.1270166211
22.152721638
22.1153317924
22.0895996178
22.0085198873
21.9794750258
21.9547544953
21.961031718
22.0128229848
21.9706696829
21.9535917385
21.9961776293
21.9284456348
21.878125239
21.8402666464
21.8274864801
21.8139370631
21.79956846
21.8271011897
21.8370782831
21.8593908819
21.8008604292
21.8237258451
21.8504573702
21.7451874275
21.7039601639
21.6375202898
21.6463001425
21.6219205637
21.6009297103
21.6072153443
21.6058377836
21.5996948226
21.6114376745
21.6192947788
21.6123291305
21.5726604269
21.5329070762
21.4846936251
21.5033484263
21.5024787356
21.4995306984
21.4902962733
21.4459860148
21.3989478074
21.3614170775
21.3538054185
21.3986593705
21.4033105348
21.3403578294
21.3118222902
21.279903879
21.2530332839
21.2111754627
21.159941897
21.1153976672
21.0875328056
21.001678332
20.9630001189
20.9541285817
20.9652018158
20.9653473161
20.9754859246
21.0133114983
21.0536191255
21.036883416
21.0260033205
21.010371281
21.0014252856
20.976551316
20.9488461829
20.9263888342
20.8915288102
20.8764410471
20.8812966486
20.8724183547
20.8924635638
20.8744206425
20.8545734729
20.8318105827
20.8120167569
20.7896560985
20.7965752849
20.8117306628
20.82151973
20.8322514525
20.8471477806
20.8292924254
20.8101535957
20.7825341594
20.7755000775
20.7480529827
20.700499767
20.6729988166
20.655896485
20.6827100456
20.6893547137
20.6904007248
20.6739381329
20.6579846724
20.6390837498
20.6120062833
20.5587930333
20.5308561366
20.5017790759
20.4537186859
20.4475742926
20.4358485318
20.4659806582
20.4936797872
20.506716942
20.5597100835
20.5652062103
20.562009155
20.5213629721
20.5382820447
20.5247078435
20.4762493397
20.4424710416
20.3713708625
20.3400254131
20.3343748874
20.3055161582
20.2760330738
20.2622962875
20.2740190056
20.282445604
20.2696676982
20.2730340904
20.2575020122
20.2400483602
20.2130056479
20.2067328176
20.1888288044
20.1686264242
20.1879195517
20.1645670556
20.0958215605
20.0792387746
20.0510966208
20.022249844
20.0131670973
20.022747417
20.0185847751
20.0192905958
20.0594119171
20.0680109315
20.0398652729
20.0380286307
20.0221358372
20.0118513339
19.9888647797
19.9620462912
19.9532042113
19.92909252
19.9004746042
19.900241139
19.8896132911
19.8737812715
19.8542476413
19.8452511026
19.8295578397
19.8173995278
19.8096058262
19.8038187102
19.7838355303
19.7589813731
19.7227350011
19.6850883545
19.6416148378
19.6095301828
19.6046485245
19.5914308711
19.5938164446
19.5853919085
19.5596246379
19.5469400818
19.5362596851
19.5133018504
19.497547917
19.4829404135
19.460249706
19.4410272182
19.4301574831
19.4046899156
19.3892052033
19.3771339505
19.3813234805
19.3379797241
19.3249425555
19.3175089766
19.2998862064
19.2798900266
19.2695299187
19.2404170194
19.224845971
19.2134179281
19.1915764667
19.1689532704
19.1550895194
19.1461391469
19.1241404993
19.1067461142
19.119456724
19.1045130123
19.0847141136
19.0678170472
19.0505399505
19.0349515394
19.0191921908
18.9927894381
18.978346363
18.9383293309
18.9396588041
18.9228001367
18.9076335513
18.8998377866
18.8827048562
18.8679119726
18.8577434491
18.8367643171
18.821218275
18.8070352442
18.7832668537
18.7684315694
18.7574083946
18.7366399862
18.722644413
18.7084554613
18.6981081235
18.6737687961
18.6561706577
18.643554729
18.6169060564
18.5954260262
18.5813662108
18.5614277505
18.5468067211
18.5308151199
18.477805272
18.4608324589
18.4462454696
18.4198376476
18.4040282138
18.3908937121
18.3645829004
18.3514986887
18.3370024464
18.3377322921
18.3204608305
18.303802959
18.2944272226
18.2471850172
18.2288553428
18.2193165627
18.2012532628
18.1859140854
18.1675914027
18.1426784177
18.1013537667
18.0878116204
18.0589837146
18.0395912322
18.0266856192
18.0049112556
17.9877914738
17.972113117
17.9500016154
17.9302209212
17.9139211905
17.9022876557
17.8790219815
17.8606224218
17.8438494045
17.8260933797
17.8084411916
17.7939623612
17.7677614624
17.7485348003
17.7311372541
17.7077976555
17.6854490734
17.6679251283
17.6522489903
17.634764502
17.612615801
17.5945149287
17.5746103772
17.579704737
17.5666734956
17.5186708228
17.4945442918
17.4822689787
17.4524652823
17.4340732008
17.4171990481
17.362587977
17.3433051471
17.3325855336
17.3056385636
17.2527824976
17.2362670736
17.2111885664
