1.07127 1.07287 1.07262
1.06803 1.06791 1.06808
1.06644 1.06765 1.06762
1.06581 1.06905 1.06836
1.06753 1.06727 1.06759
1.07188 1.0714 1.07139
1.07629 1.07179 1.07208
1.10155 1.0827 1.07944
1.10224 1.08466 1.08372
1.09579 1.08806 1.0822
1.09916 1.10049 1.09695
1.11659 1.09965 1.10147
1.09871 1.0984 1.09952
1.09023 1.09328 1.09694
1.08435 1.09172 1.09142
1.11414 1.09147 1.09138
1.14156 1.12053 1.12138
1.13066 1.11543 1.11901
1.12807 1.12479 1.1188
1.12567 1.12622 1.12989
1.14311 1.12417 1.12481
1.14616 1.12177 1.12239
1.17777 1.15872 1.15325
1.15318 1.15779 1.15868
1.14882 1.159 1.15779
1.15966 1.14456 1.14466
1.16881 1.14903 1.14575
1.13932 1.14321 1.14486
1.15074 1.13504 1.13787
1.13779 1.13598 1.13322
1.12779 1.13167 1.13399
1.13455 1.12747 1.12426
1.1415 1.1284 1.12975
1.13236 1.12916 1.1295
1.14991 1.13091 1.13321
1.15054 1.12901 1.1296
1.14079 1.12821 1.12886
1.13917 1.14293 1.14629
1.1538 1.14331 1.1395
1.14689 1.13922 1.13693
1.14895 1.15906 1.1529
1.17995 1.16408 1.16102
1.1819 1.16182 1.15921
1.2072 1.1911 1.19231
1.20199 1.18644 1.18852
1.19343 1.18635 1.18668
1.19487 1.19362 1.19482
1.18635 1.19503 1.19144
1.18811 1.19513 1.18985
1.19963 1.18401 1.18635
1.17782 1.17723 1.18175
1.19686 1.17957 1.18048
1.21971 1.20337 1.20247
1.2216 1.20338 1.20404
1.22091 1.20509 1.20313
1.22432 1.2239 1.22868
1.21765 1.21761 1.22117
1.21686 1.21602 1.22123
1.20932 1.21124 1.21393
1.209 1.20857 1.20788
1.20384 1.20179 1.20735
1.21671 1.19907 1.20118
1.19683 1.19595 1.19692
1.21076 1.1954 1.19609
1.21821 1.2181 1.22128
1.21114 1.211 1.21517
1.21287 1.21002 1.21488
1.20908 1.20991 1.21115
1.2069 1.20688 1.20904
1.20447 1.20757 1.21004
1.21546 1.19947 1.20046
1.20972 1.20328 1.19879
1.21553 1.2021 1.19948
1.22158 1.22453 1.22799
1.22105 1.22225 1.22266
1.2174 1.21963 1.22416
1.2087 1.20831 1.21106
1.20118 1.20316 1.20522
1.20356 1.20046 1.20486
1.20012 1.20013 1.20336
1.19423 1.19544 1.19746
1.19462 1.19457 1.19822
1.19925 1.19123 1.19184
1.18607 1.19167 1.18963
1.18822 1.18891 1.19168
1.19269 1.18459 1.18419
1.18338 1.18271 1.18538
1.18895 1.18851 1.19075
1.18464 1.18554 1.18686
1.18109 1.18212 1.18305
1.18685 1.18752 1.18686
1.18319 1.18391 1.18318
1.18157 1.18098 1.18132
1.18548 1.18647 1.18561
1.17766 1.17763 1.17846
1.18214 1.18123 1.18005
1.18602 1.18467 1.18585
1.18411 1.18297 1.18232
1.17832 1.17799 1.17705
1.18437 1.18526 1.18285
1.18685 1.18716 1.18619
1.18641 1.18516 1.18457
1.19065 1.18932 1.18903
1.1847 1.18378 1.18501
1.18509 1.18592 1.18407
1.18893 1.18807 1.18854
1.18569 1.18517 1.1834
1.18143 1.18064 1.18143
1.18493 1.18528 1.18417
1.17872 1.1773 1.17584
1.18072 1.18065 1.17813
1.18719 1.18672 1.18628
1.18617 1.18607 1.1859
1.18313 1.18262 1.1846
1.18902 1.18822 1.18922
1.19585 1.19578 1.19658
1.19446 1.19379 1.19225
1.19705 1.19679 1.19745
1.2065 1.20564 1.20597
1.21339 1.2107 1.21219
1.22192 1.22191 1.22493
1.2307 1.23139 1.23161
1.23775 1.23841 1.23913
1.24101 1.24051 1.23844
1.24405 1.24458 1.24308
1.25252 1.24969 1.2493
1.25294 1.25282 1.25327
1.25792 1.25771 1.25851
1.26157 1.26138 1.26162
1.25988 1.25961 1.2597
1.26483 1.26357 1.26411
1.26691 1.26745 1.26852
1.26765 1.26864 1.26902
1.27812 1.27765 1.27574
1.28474 1.28427 1.28605
1.29262 1.29309 1.29138
1.29234 1.29174 1.28927
1.29397 1.29546 1.29538
1.29193 1.29261 1.29176
1.29892 1.29828 1.2982
1.30098 1.30066 1.30136
1.30803 1.30812 1.30882
1.31273 1.31376 1.31555
1.31938 1.31951 1.32083
1.32724 1.32581 1.32792
1.33132 1.32916 1.31862
1.33522 1.33566 1.32503
1.33886 1.32958 1.3086
1.33571 1.33678 1.31474
1.32009 1.32373 1.3106
1.31993 1.32992 1.31884
1.32262 1.32331 1.32469
1.33401 1.33337 1.32933
1.33433 1.33217 1.34038
1.33728 1.34026 1.34275
1.34525 1.34629 1.34916
1.35068 1.3521 1.35317
1.35457 1.35595 1.35843
1.36444 1.36052 1.36556
1.36054 1.36167 1.36693
1.36736 1.36625 1.36694
