0.00311418 0.00369156 0.00326095
0.00281748 0.00249491 0.00209034
0.00311588 0.00413122 0.00352559
0.00485747 0.00433141 0.00409861
0.00361141 0.00408094 0.00374374
0.00308753 0.00254746 0.00184776
0.0016692 0.00223349 0.00141476
0.00239583 0.00263982 0.00132475
0.00249504 0.00236619 0.00174249
0.00276086 0.00277856 0.00221434
0.00273283 0.00318344 0.00281763
0.00312782 0.00246847 0.00215031
0.00291646 0.0020086 0.00191776
0.00197935 0.00238582 0.00228051
0.00334719 0.00153791 0.00139581
0.00172202 0.00155715 0.00135347
0.00237718 0.00171757 0.00142635
0.00186797 0.00174301 0.00124311
0.00176305 0.00148314 0.00131927
0.00134769 0.00173296 0.00138414
0.00141889 0.00154692 0.00135563
0.00166045 0.00167234 0.00128942
0.00139032 0.00166279 0.00133467
0.00171978 0.00154757 0.00113606
0.00147996 0.00167731 0.00120539
0.00129393 0.0015253 0.00122384
0.00167108 0.0018056 0.0015322
0.00210064 0.00167699 0.00140017
0.00153481 0.0017849 0.00154381
0.00180803 0.00191617 0.0017701
0.00247075 0.00168085 0.00179235
0.00160127 0.00248972 0.00214387
0.00173747 0.00296008 0.00244341
0.0019341 0.0027105 0.00237754
0.001657 0.00144818 0.00132602
0.00251773 0.00157877 0.00133474
0.00184277 0.00212052 0.00190897
0.0018147 0.0015964 0.00125648
0.00204551 0.00210491 0.0016608
0.00296101 0.00170758 0.00139486
0.00269518 0.00169715 0.00139448
0.00347155 0.00186487 0.00123758
0.00282414 0.00279339 0.00245651
0.00232822 0.00258391 0.00233777
0.00215007 0.00211967 0.00187
0.00208483 0.00199962 0.00201423
0.00210272 0.00184784 0.00162558
0.00243498 0.00169286 0.00162996
0.00192306 0.00176805 0.00180218
0.003007 0.00256654 0.00249027
0.0033014 0.00269677 0.00265599
0.00185277 0.00223819 0.00214887
0.00214653 0.00247489 0.00234416
0.00218776 0.00231089 0.00208728
0.00175018 0.0020644 0.00186398
0.00198981 0.00186916 0.00179309
0.0019659 0.00161875 0.00138916
0.0018618 0.00191471 0.00153525
0.00214205 0.00240442 0.00207403
0.00189674 0.00267315 0.00201096
0.00237169 0.00245449 0.00209785
0.00181499 0.00168219 0.0015583
0.00187394 0.00199185 0.00141844
0.00197463 0.00223784 0.00200228
0.00227542 0.0019857 0.00166857
0.0016413 0.00187857 0.00157982
0.00193667 0.00261427 0.00231187
0.00223185 0.00266171 0.00251985
0.00173327 0.00235055 0.00243816
0.00186573 0.00265558 0.00254979
0.00194765 0.00240019 0.00220635
0.00171191 0.00216372 0.00188035
0.00176616 0.00281682 0.00242133
0.00219869 0.00272364 0.00239083
0.00165729 0.00202419 0.00177896
0.00191796 0.00215453 0.00162093
0.00275353 0.00256566 0.00203125
0.00194867 0.00216375 0.00141062
0.00171794 0.00231226 0.00156428
0.00231232 0.00253064 0.00202933
0.00182556 0.00239776 0.00154517
0.00161625 0.00222746 0.00138522
0.00180314 0.0022283 0.00166125
0.00197743 0.00224014 0.00185587
0.00173786 0.00222616 0.00188379
0.00207664 0.00228209 0.00215961
0.00194263 0.00215391 0.00185845
0.0015947 0.00206255 0.00184159
0.00138158 0.00174816 0.00161952
0.00224484 0.00180088 0.00170281
0.00269554 0.00231426 0.00215042
0.00167629 0.00228234 0.00208458
0.00179289 0.002451 0.00223944
0.00157417 0.00266892 0.0023776
0.0017974 0.00236174 0.00210128
0.00178535 0.0023954 0.00213725
0.00172632 0.00247976 0.00217532
0.00191005 0.00223751 0.00203245
0.00167902 0.00200799 0.00195494
0.00204693 0.00273218 0.00232396
0.00186698 0.00291036 0.00253443
0.00215451 0.00246914 0.00315394
0.00197539 0.00342863 0.00306711
0.00196638 0.0028021 0.00264691
0.00204032 0.00263258 0.00286558
0.00170226 0.00291315 0.00304194
0.00218976 0.00304449 0.00277909
0.00180457 0.00315554 0.00286894
0.00193338 0.00355143 0.0032205
0.00177602 0.0031983 0.00306542
0.00201657 0.00310644 0.00306126
0.00215514 0.00366838 0.00326334
0.00217081 0.00340372 0.00308016
0.00194544 0.00351901 0.00294816
0.00297223 0.00371433 0.00322412
0.00210929 0.00378499 0.00301966
0.00198808 0.00367774 0.00311004
0.00197735 0.00308541 0.00248914
0.001814 0.00270585 0.00280117
0.00193715 0.00316532 0.0030575
0.00213016 0.00318401 0.00318337
0.00234193 0.00352113 0.00343488
0.00274116 0.00415359 0.00365171
0.00229348 0.00378262 0.00360002
0.00220197 0.00386705 0.00353383
0.00225953 0.00352311 0.00319308
0.00253925 0.00358903 0.00325239
0.0025705 0.0042921 0.00394104
0.00343975 0.00522884 0.00517384
0.00390549 0.00478304 0.00541057
0.00366272 0.00461618 0.005148
0.00357747 0.00515823 0.00519066
0.00321986 0.00508546 0.00478312
0.00347355 0.00521503 0.00502824
0.00395769 0.00509384 0.00573662
0.00407497 0.00473048 0.00571539
0.00369059 0.00461087 0.00523552
0.00357381 0.00552718 0.00518194
0.00391828 0.00448796 0.00534727
0.00364686 0.00469942 0.00548269
0.00342067 0.00574462 0.00537572
0.00378608 0.0048613 0.00556244
0.00333388 0.0060379 0.00584545
0.0039486 0.00526119 0.00607403
0.0036759 0.00502424 0.00604604
0.00351146 0.00558932 0.00587274
0.0034157 0.00611014 0.00571967
0.00354719 0.00453314 0.00576256
0.00337136 0.00587861 0.00554097
0.00356183 0.00589261 0.00560778
0.0038356 0.00559645 0.00544162
0.00361314 0.0052642 0.00520018
0.00374127 0.00432992 0.00562597
0.00363409 0.00564198 0.00564655
0.00402013 0.0048305 0.00566408
0.00376115 0.00569928 0.00546051
0.00382899 0.00462629 0.00523317
0.00329868 0.00439539 0.00533941
0.00340867 0.00533505 0.0050931
0.00348667 0.00435805 0.00507768
0.00293418 0.00470085 0.00451487
0.0034289 0.00374293 0.00427745
0.00312807 0.00461421 0.00463142
0.00366461 0.00433551 0.00491403
0.00324581 0.00391725 0.0046695
0.003558 0.00497241 0.00475203
0.00400154 0.00458804 0.00497032
0.00321876 0.00503439 0.00467664
0.00371996 0.00418603 0.00510431
0.00355205 0.00509872 0.00454838
0.00397734 0.00461324 0.00529156
0.00441016 0.00527534 0.00498374
0.00389162 0.00405158 0.0052801
0.00404018 0.0041951 0.00527083
0.00325972 0.00518358 0.00475419
0.00370246 0.00381801 0.00528485
0.00356256 0.00321158 0.00505226
0.0034578 0.00459787 0.00460662
0.00386977 0.00411897 0.00518462
0.00330691 0.00360847 0.00484871
0.00336619 0.00324071 0.00484122
0.00308857 0.00342781 0.0042932
0.0032746 0.00382846 0.00455669
0.00293262 0.00360924 0.00410529
0.00310939 0.00376891 0.00418014
0.00313893 0.00356586 0.00420575
0.00253892 0.00360347 0.00372592
0.00280753 0.00334006 0.00386835
0.00296383 0.00357051 0.00404057
0.00317339 0.00415418 0.00379588
0.00335592 0.00363939 0.00396461
0.00321015 0.00372979 0.00405454
0.00285816 0.00362145 0.00393478
0.00275656 0.00358253 0.00392989
0.00296126 0.00335905 0.003633
0.00294171 0.00329354 0.00378987
0.00294955 0.00346541 0.00356201
0.00290721 0.00463057 0.00366356
0.00260746 0.00445479 0.00379123
0.00353993 0.00420172 0.00390435
0.00362114 0.00431044 0.00378703
0.00323408 0.00448848 0.00377977
0.00332292 0.00350727 0.00378122
0.00350132 0.00386609 0.00339852
0.00304968 0.00325093 0.00350538
0.00319857 0.00379232 0.00318435
0.00339928 0.00370462 0.00328014
0.00298075 0.00302598 0.00320312
0.00311897 0.00377037 0.00294025
0.00292378 0.00301669 0.00334234
0.00335225 0.00324595 0.0026432
0.00325043 0.00351772 0.00290319
0.00311355 0.00301128 0.0031932
0.00325395 0.00297491 0.00268801
0.00336425 0.00333469 0.00303023
0.00313052 0.00304184 0.00306347
0.00326966 0.00322223 0.00276564
0.00298481 0.0029131 0.00318128
0.00310469 0.00294172 0.00323871
0.00270699 0.00302121 0.00294228
0.00279708 0.00337696 0.00310321
0.00270195 0.00299903 0.00310059
0.003128 0.00292335 0.00299227
0.00328866 0.0036854 0.00310401
0.00266724 0.00289204 0.00309815
0.00351284 0.00313076 0.00291034
0.00300562 0.00278631 0.00308708
0.00309261 0.00278097 0.00307422
0.0032489 0.00307349 0.00286873
0.00296053 0.00305117 0.00324788
0.00243363 0.00267283 0.00324592
0.00332975 0.00358664 0.00295066
0.00274561 0.00275087 0.00333408
0.00246757 0.00257225 0.00323299
0.00355048 0.00336473 0.00304002
0.0029726 0.0029339 0.0032988
0.00301016 0.00323493 0.00291425
0.00330153 0.00301059 0.00317986
0.00260371 0.00242931 0.0032178
0.00276094 0.00300614 0.00289075
0.00330707 0.00356597 0.00331046
0.00337539 0.00393468 0.00329157
0.00322119 0.00337674 0.00324869
0.00266086 0.00297437 0.00289416
0.00286601 0.00334026 0.00322766
0.00321499 0.00344548 0.0029631
0.00274467 0.00323576 0.00314093
0.00294872 0.00292561 0.00318853
0.00283175 0.00297218 0.00321493
0.00294006 0.00278031 0.00312381
0.00315277 0.00339629 0.00291924
0.00353786 0.00346572 0.0029517
0.00268192 0.0027145 0.00315989
0.00307874 0.00307531 0.00300108
0.00290589 0.00348112 0.00328553
0.00259297 0.0033389 0.00305541
0.00277258 0.00287107 0.00326187
0.00247824 0.00274067 0.00330318
0.00274174 0.00340997 0.00315291
0.00298958 0.00305486 0.00339573
0.00255755 0.0025468 0.00325552
0.0028325 0.00319284 0.00298919
0.00279516 0.00348794 0.00337209
0.00292806 0.00271199 0.00330178
0.0033306 0.0028495 0.00301392
0.00288462 0.00342986 0.00305415
0.00282381 0.00298757 0.003038
0.00243378 0.00321929 0.00308694
0.00304818 0.00290194 0.00327452
0.00298405 0.00288558 0.00336024
0.00249746 0.00315249 0.00306802
0.00310747 0.00359586 0.00331762
0.00251845 0.0034267 0.00323566
0.00300884 0.00279456 0.00339113
0.0027022 0.00412742 0.00306149
0.00329844 0.00276103 0.0031746
0.00331162 0.00333288 0.00282886
0.0022056 0.00367112 0.00302509
0.00292832 0.00376283 0.0027302
0.003355 0.00387976 0.00281957
0.0029495 0.00289783 0.00292277
0.0028778 0.00319717 0.00293727
0.00292418 0.0030651 0.00294095
0.00308136 0.00271341 0.0029209
0.00263922 0.00279989 0.00284371
0.00281924 0.00249754 0.00309021
0.00304442 0.00335027 0.0028395
0.00290354 0.00262285 0.00309124
0.00283811 0.00277573 0.00299569
0.00248589 0.00267296 0.00285075
0.00305055 0.00261556 0.00286627
0.00260095 0.00304316 0.00288073
0.00261617 0.00256641 0.0027478
0.00257382 0.00265862 0.00276154
0.00280963 0.00285259 0.00289901
0.00297584 0.0030767 0.00281511
0.00280601 0.00250594 0.00292358
0.00243651 0.00267164 0.00277769
0.00276297 0.00281082 0.00298005
0.00301173 0.00310472 0.00290585
0.00263409 0.00235429 0.00283333
0.00233446 0.00276975 0.00298323
0.00267993 0.00285456 0.00289691
0.0025754 0.00312149 0.00267058
0.00261817 0.00279642 0.0028764
0.00287869 0.0029982 0.00296895
0.00333993 0.00324244 0.0029232
0.00264243 0.00252355 0.00288975
0.00270425 0.00244892 0.00298479
0.00301043 0.00305248 0.00284845
0.00278451 0.00281544 0.00300067
0.00304048 0.00303178 0.00301446
0.00275818 0.00294768 0.00308353
0.00290385 0.00267474 0.00298058
0.00263795 0.00271482 0.00301883
0.00266628 0.00261603 0.00279077
0.00283588 0.00289612 0.00279764
0.00284002 0.00306686 0.00291199
0.00275865 0.00290442 0.00292643
0.00278006 0.00250235 0.00300327
0.0023583 0.00292609 0.00269888
0.00309423 0.00279535 0.00290009
0.00252133 0.00296422 0.00294209
0.00244623 0.00252375 0.00299971
0.00243512 0.00246927 0.00311256
0.00263257 0.00270249 0.00286937
0.00300921 0.00323545 0.00288107
0.00324042 0.00335363 0.0029253
0.00238026 0.00275502 0.00295374
0.00263443 0.00282777 0.00300366
0.00277422 0.00284253 0.00321662
0.00263508 0.0030385 0.00295452
0.00284838 0.00277159 0.00306335
0.00236064 0.00238731 0.00311126
0.00281871 0.0029743 0.00287637
0.00313666 0.00275873 0.00305419
0.00272759 0.00315365 0.00277364
0.00304886 0.00244929 0.00311364
0.00248314 0.00255174 0.0031263
0.00270189 0.00297121 0.00295759
0.0028529 0.00331694 0.00312471
0.00249863 0.00292836 0.00307049
0.00234781 0.00281389 0.0030772
0.00289469 0.00299493 0.00305225
0.00257115 0.00259732 0.0030886
0.00246019 0.00288507 0.00297643
0.00250461 0.00264774 0.00320192
0.00267069 0.00283005 0.00287399
0.00282462 0.00270258 0.00305466
0.00312598 0.00306691 0.00293755
0.00299895 0.00312084 0.00306483
