0.0013557 0.00156505 0.00144002
0.00145961 0.0017565 0.00146032
0.00168762 0.00178012 0.00143052
0.00157537 0.001699 0.00141396
0.00157243 0.00186364 0.00136145
0.00166358 0.0017074 0.00131661
0.00152075 0.00176669 0.00131616
0.00157948 0.00163131 0.00114946
0.00159514 0.00200575 0.00163849
0.00188287 0.00171581 0.00142216
0.00216136 0.00174361 0.00164744
0.0020841 0.00199731 0.00178349
0.00185896 0.00222384 0.00206464
0.00180255 0.0014658 0.00136762
0.00202197 0.00169404 0.00150845
0.00258798 0.00190937 0.00188263
0.00275748 0.00257323 0.00252764
0.00241274 0.00251049 0.00207784
0.00214761 0.00198452 0.0015329
0.00220236 0.00169586 0.00155905
0.00127712 0.00199949 0.00184191
0.00168902 0.0020966 0.00199214
0.0020882 0.00185123 0.00170502
0.00210179 0.00216204 0.00182079
0.00204563 0.0021508 0.00199638
0.00230088 0.0019415 0.00185931
0.00270058 0.00242828 0.00238396
0.00192243 0.00194917 0.00174193
0.00224128 0.00280499 0.00276323
0.00169202 0.00217055 0.00229359
0.00192792 0.00266728 0.00234807
0.00176138 0.00219461 0.00191159
0.00131669 0.00209247 0.00190567
0.00170813 0.00236875 0.0021743
0.00153556 0.00206328 0.00178752
0.00121729 0.00237606 0.00162213
0.00240778 0.00262115 0.00207628
0.00171311 0.0027885 0.00204106
0.0017528 0.00248815 0.00251691
0.00198098 0.00274609 0.00270967
0.00195651 0.00221088 0.00199099
0.0011667 0.0022146 0.00181558
0.00248385 0.00292111 0.00254067
0.00167112 0.00311218 0.00280032
0.00183957 0.00263291 0.00293288
0.00160957 0.00288114 0.00280026
0.00166717 0.00260237 0.00253843
0.00139942 0.00280118 0.00221539
0.00176796 0.00243013 0.00210618
0.00264985 0.00281116 0.00244604
0.00130695 0.00238356 0.00156156
0.00197606 0.00270988 0.00184081
0.00193715 0.0029153 0.00230672
0.00211443 0.00280047 0.00224931
0.00182822 0.00269013 0.00237886
0.00197932 0.00289992 0.00260109
0.00186778 0.00214041 0.00197968
0.00144889 0.00194438 0.00197556
0.00197521 0.00250863 0.00218987
0.00237233 0.00193841 0.0018775
0.00242965 0.00206829 0.00195146
0.00173192 0.00159368 0.00154929
0.00222026 0.00188969 0.00187711
0.00242548 0.00251976 0.00236286
0.00260811 0.00312255 0.00285736
0.00269403 0.00321157 0.0028392
0.00168345 0.00312554 0.00255458
0.00215938 0.00260098 0.00228069
0.00140294 0.00263295 0.00202396
0.00142249 0.00273908 0.00209861
0.00166839 0.002703 0.0021307
0.00225381 0.00273977 0.0022066
0.0017665 0.00299713 0.00263151
0.00164502 0.00265333 0.00236192
0.00223444 0.00293788 0.00245382
0.00236675 0.00309406 0.0026245
0.00158091 0.00322362 0.00282353
0.00188704 0.00345067 0.00324363
0.00190025 0.00366411 0.00333373
0.00203651 0.00334175 0.00319657
0.00178079 0.00343136 0.00293307
0.00173908 0.00373783 0.00312966
0.00160131 0.00341745 0.00301447
0.00173977 0.00356103 0.00297875
0.00149125 0.0037517 0.00299153
0.00264734 0.00376386 0.00303982
0.0022662 0.00306963 0.00226554
0.00146047 0.00281095 0.00250859
0.00239622 0.00323193 0.00247903
0.00144941 0.00239475 0.00226857
0.00234047 0.00332487 0.00252349
0.00226964 0.00316388 0.00247978
0.00257402 0.00294906 0.00261835
0.00241523 0.00316318 0.00266445
0.00146432 0.0031567 0.00261925
0.00221691 0.00258511 0.00250306
0.00184023 0.00275018 0.00257917
0.00167079 0.00318437 0.0032801
0.00176523 0.00348315 0.00320109
0.00197926 0.00351045 0.00324001
0.00188155 0.00321249 0.00284453
0.00194359 0.00348806 0.00300554
0.00169058 0.00327419 0.00308934
0.00172589 0.00316858 0.00272287
0.00184859 0.00346202 0.00292752
0.00190797 0.00369086 0.00309308
0.00156859 0.00317 0.00261721
0.00212771 0.00300038 0.00298555
0.00160604 0.00302963 0.00294767
0.00164057 0.00283364 0.00260904
0.00212834 0.00338997 0.0029679
0.00201575 0.00371049 0.00306845
0.00237996 0.00324458 0.00261448
0.00224695 0.00367572 0.003264
0.00189592 0.00363528 0.00369181
0.00186337 0.00370075 0.00350205
0.0018869 0.00365339 0.00321255
0.00170099 0.00385276 0.0032801
0.00176534 0.0034521 0.00353323
0.00172039 0.00369579 0.00325405
0.00159639 0.0039571 0.00322783
0.00179504 0.00412205 0.00322667
0.00196254 0.00282809 0.00334554
0.00215573 0.00398999 0.00332271
0.00224102 0.00356574 0.00367155
0.00270413 0.00467113 0.0040702
0.00302016 0.00474328 0.00446888
0.00290138 0.00503894 0.00432881
0.00265457 0.00478771 0.00414097
0.0025931 0.00416884 0.00385292
0.00240219 0.00402695 0.00374063
0.00267934 0.00459205 0.00427532
0.00279404 0.00452577 0.00431587
0.00298304 0.00459746 0.00441791
0.00303697 0.00512772 0.00458963
0.00315521 0.00493709 0.004526
0.00357912 0.00535267 0.00467993
0.00369055 0.00539935 0.0048371
0.00364959 0.00373443 0.00500297
0.00342211 0.0043394 0.00461064
0.00388284 0.0046094 0.00497546
0.00348278 0.004236 0.00472139
0.00301523 0.00475775 0.00435457
0.00313254 0.00516948 0.00459081
0.00396333 0.00402735 0.00481918
0.00337007 0.00423932 0.00459517
0.00265568 0.00530319 0.00439163
0.00313742 0.00481214 0.0046958
0.00307509 0.00417975 0.00445513
0.0026306 0.00527139 0.00423836
0.00351078 0.00530263 0.00500343
0.0036738 0.00463278 0.00440132
0.00415146 0.00553105 0.00453135
0.00383548 0.00429122 0.00457353
0.00459644 0.00494026 0.004414
0.0034345 0.00480017 0.00456789
0.00390075 0.00456764 0.00465501
0.00392927 0.00442525 0.00467642
0.00411535 0.00458241 0.00476008
0.00370179 0.00424389 0.00467299
0.00345591 0.00494057 0.00452192
0.00342433 0.00362039 0.00453852
0.00363882 0.00374903 0.00451114
0.0048572 0.00502492 0.00439703
0.00521213 0.00537986 0.00468864
0.00361106 0.00379149 0.00463625
0.0033293 0.00389852 0.00456584
0.00339709 0.00380192 0.00455271
0.00372402 0.00403391 0.00483299
0.00482196 0.00523111 0.00432766
0.00383787 0.00373704 0.00467137
0.00377937 0.00369719 0.00449371
0.00402365 0.00461277 0.00424602
0.00503936 0.00508572 0.0045424
0.0041303 0.0041303 0.00437402
0.00414746 0.00414746 0.00439809
0.00432408 0.00432408 0.00457903
0.00422199 0.00422199 0.00448263
0.00380141 0.00389148 0.00457762
0.00474192 0.00481904 0.00435416
0.00513714 0.00516581 0.00457701
0.0037656 0.00415915 0.00436812
0.00345148 0.0038161 0.00438955
0.00486552 0.00513398 0.00452941
0.00450091 0.00450091 0.00473264
0.00418055 0.00418055 0.00442472
0.00423691 0.00423691 0.00446735
0.00421008 0.00421008 0.00443509
0.0043251 0.0043251 0.00453648
0.00424879 0.00424879 0.00446236
0.00364756 0.00436404 0.00458077
0.00402913 0.00507887 0.00431524
0.00426046 0.00413393 0.00486902
0.00360054 0.00397488 0.00459441
0.00490034 0.00496607 0.00448401
0.00453586 0.00453586 0.00479923
0.00421731 0.00421731 0.00449218
0.00429366 0.00429366 0.00454111
0.00425275 0.00425275 0.00449817
0.00426583 0.00426583 0.00450792
0.00437485 0.00437485 0.00460979
0.00427857 0.00427857 0.00451998
0.00430766 0.00430766 0.00455794
0.00424057 0.00424057 0.00449166
0.00428094 0.00428094 0.00453143
0.00430806 0.00430806 0.00455208
0.00424079 0.00424079 0.00448648
0.00434896 0.00434896 0.00460125
0.00426295 0.00426295 0.00451944
0.00428874 0.00428874 0.00455446
0.0043577 0.0043577 0.0046209
0.00429339 0.00429339 0.00456568
0.00445636 0.00445636 0.00470765
0.00444394 0.00444394 0.004696
0.00451157 0.00451157 0.00477966
0.0044775 0.0044775 0.00475173
0.00447968 0.00447968 0.00474706
0.0045254 0.0045254 0.00478831
0.00444211 0.00444211 0.00470701
0.00451548 0.00451548 0.00477239
0.00448365 0.00448365 0.00474959
0.00452677 0.00452677 0.00478051
0.00445858 0.00445858 0.0047056
0.00450869 0.00450869 0.00475251
0.00445917 0.00445917 0.00470288
0.00444684 0.00444684 0.00469134
0.00437827 0.00437827 0.00462203
0.00443612 0.00443612 0.00459735
0.00431938 0.00431938 0.00449593
0.00427322 0.00427322 0.00449394
0.00424132 0.00424132 0.00446398
0.00431957 0.00431957 0.00449763
0.00433241 0.00433241 0.00453368
0.00422878 0.00422878 0.00442917
0.00428465 0.00428465 0.00449356
0.00420511 0.00420511 0.00449018
0.00431118 0.00431118 0.0045848
0.00419694 0.00419694 0.00445252
0.00415912 0.00415912 0.00438761
0.00419366 0.00419366 0.00445076
0.00408968 0.00408968 0.00434302
0.00414113 0.00414113 0.0044137
0.00406886 0.00406886 0.00434838
0.00417857 0.00417857 0.00441277
0.00405486 0.00405486 0.00432026
0.00409562 0.00409562 0.00435386
0.00419553 0.00419553 0.00445168
0.00408915 0.00408915 0.0043334
0.00417905 0.00417905 0.00440929
0.00409371 0.00409371 0.00432577
0.00415095 0.00415095 0.00441337
0.00427015 0.00427015 0.00456145
0.00435491 0.00435491 0.00459396
0.00430479 0.00430479 0.00455735
0.00445395 0.00445395 0.00469533
0.00438976 0.00438976 0.00463747
0.00454631 0.00454631 0.00478646
0.00445847 0.00445847 0.00470155
0.00455374 0.00455374 0.0047913
0.00448145 0.00448145 0.00472075
0.00459402 0.00459402 0.0048351
0.0045099 0.0045099 0.00475702
0.00465747 0.00465747 0.00489805
0.00455523 0.00455523 0.00480176
0.0046851 0.0046851 0.00492125
0.00462935 0.00462935 0.00486818
0.00478359 0.00478359 0.00501505
0.0047533 0.0047533 0.00500232
0.00481999 0.00481999 0.0050609
0.00478416 0.00478416 0.00501837
0.00497702 0.00497702 0.00520975
0.00489394 0.00489394 0.0051263
0.00500048 0.00500048 0.00523718
0.00491815 0.00491815 0.00515502
0.00499897 0.00499897 0.00522581
0.00490384 0.00490384 0.00513685
0.00494128 0.00494128 0.00517893
0.00508366 0.00508366 0.00531683
0.00497861 0.00497861 0.00521775
0.00498754 0.00498754 0.00522442
0.00519924 0.00519924 0.00542998
0.00506544 0.00506544 0.00530606
0.00516156 0.00516156 0.00540885
0.00508311 0.00508311 0.00531836
0.00517827 0.00517827 0.00547662
0.00511037 0.00511037 0.00540797
0.0052179 0.0052179 0.0055256
0.00510585 0.00510585 0.00541053
0.00528111 0.00528111 0.0055709
0.00521207 0.00521207 0.0055746
0.00515154 0.00515154 0.00548518
0.00526288 0.00526288 0.00563795
0.00511682 0.00511682 0.00558198
0.00528409 0.00528409 0.00573526
0.00508524 0.00508524 0.00554594
0.00521934 0.00521934 0.00571074
0.00504688 0.00504688 0.0055555
0.00525817 0.00525817 0.0057246
0.00527789 0.00527789 0.00571302
0.00517333 0.00517333 0.00561847
0.00534749 0.00534749 0.00579149
0.00537783 0.00537783 0.00582865
0.0052219 0.0052219 0.00569344
0.00539914 0.00539914 0.00583944
0.00524323 0.00524323 0.00567415
0.00543147 0.00543147 0.00583361
0.00527363 0.00527363 0.00568216
0.00540048 0.00540048 0.00581251
0.00524425 0.00524425 0.00566415
0.00539623 0.00539623 0.00579596
0.0052412 0.0052412 0.00565286
0.00530003 0.00530003 0.00570006
0.00543403 0.00543403 0.00584646
0.00538432 0.00538432 0.00578605
0.00531798 0.00531798 0.00570509
0.00537897 0.00537897 0.00576963
0.00549836 0.00549836 0.00592035
0.00536408 0.00536408 0.00576293
0.00552986 0.00552986 0.00591787
0.00537026 0.00537026 0.00581416
0.00558154 0.00558154 0.00602417
0.00547981 0.00547981 0.00591856
0.00566423 0.00566423 0.00610864
0.00564549 0.00564549 0.00616939
0.00560158 0.00560158 0.00615858
0.0057794 0.0057794 0.0062126
0.00565313 0.00565313 0.00608625
0.00588185 0.00588185 0.00636579
0.00575322 0.00575322 0.00622918
0.00598217 0.00598217 0.00641569
0.00589653 0.00589653 0.006351
0.0061163 0.0061163 0.00654746
0.00599053 0.00599053 0.00642822
0.00624727 0.00624727 0.00667313
0.00616447 0.00616447 0.00658803
0.00636213 0.00636213 0.00680284
0.0062554 0.0062554 0.00668314
0.00649265 0.00649265 0.0069235
0.00635221 0.00635221 0.00678194
0.00656502 0.00656502 0.00696941
0.00641934 0.00641934 0.00681113
0.00660852 0.00660852 0.0070031
0.00647104 0.00647104 0.00686153
0.0066381 0.0066381 0.00701162
0.00649488 0.00649488 0.00687015
0.00669042 0.00669042 0.00705804
0.00654637 0.00654637 0.00691716
0.00662673 0.00662673 0.0070322
0.00662588 0.00662588 0.0070251
0.00657318 0.00657318 0.00696985
0.00671386 0.00671386 0.00710586
0.00654445 0.00654445 0.00693838
0.0067552 0.0067552 0.00714309
0.00664454 0.00664454 0.00703047
0.00673635 0.00673635 0.00709041
0.00661538 0.00661538 0.00695627
0.00672402 0.00672402 0.00708031
0.00658737 0.00658737 0.00692721
0.00665855 0.00665855 0.0069901
0.00672413 0.00672413 0.00704174
0.00663409 0.00663409 0.00696867
0.00673197 0.00673197 0.00703262
0.00656729 0.00656729 0.00688836
0.00666602 0.00666602 0.00699439
0.00658028 0.00658028 0.00689923
0.00670441 0.00670441 0.00702657
0.00660229 0.00660229 0.00692523
0.00675848 0.00675848 0.00714763
0.00666204 0.00666204 0.00701868
0.0065864 0.0065864 0.00694696
0.00675018 0.00675018 0.00711223
0.00658564 0.00658564 0.00694041
0.00672406 0.00672406 0.00708291
0.00661224 0.00661224 0.00695866
0.00670547 0.00670547 0.0070219
0.00659044 0.00659044 0.00692346
0.00669336 0.00669336 0.00701223
0.00662777 0.00662777 0.00695688
0.00671077 0.00671077 0.00704804
0.00658976 0.00658976 0.00689426
0.00666121 0.00666121 0.00695667
0.00653225 0.00653225 0.0068274
0.00666517 0.00666517 0.00696657
0.00652383 0.00652383 0.00681666
0.00663558 0.00663558 0.00694197
0.00656832 0.00656832 0.00687594
0.00673066 0.00673066 0.00702411
0.00658094 0.00658094 0.00690612
0.00668873 0.00668873 0.00699791
0.00658729 0.00658729 0.00690634
0.00666971 0.00666971 0.00698006
0.00657639 0.00657639 0.00688731
0.00673258 0.00673258 0.00704193
0.00664536 0.00664536 0.00693752
0.00674805 0.00674805 0.00704647
0.00663922 0.00663922 0.00692245
0.00678713 0.00678713 0.00709404
0.00676434 0.00676434 0.0070606
0.0069542 0.0069542 0.00725434
0.00690984 0.00690984 0.00720323
0.00710399 0.00710399 0.00739443
0.00698053 0.00698053 0.00729309
0.00719057 0.00719057 0.00747409
0.00712194 0.00712194 0.00740141
0.00718566 0.00718566 0.00746705
0.00731051 0.00731051 0.00758413
0.00721162 0.00721162 0.00748495
0.00734848 0.00734848 0.00762242
0.0073108 0.0073108 0.00758339
0.00750648 0.00750648 0.00776689
0.00747815 0.00747815 0.00773588
0.00756313 0.00756313 0.00781907
0.00752588 0.00752588 0.00777863
0.00764796 0.00764796 0.00785821
0.00750278 0.00750278 0.00773723
0.00766537 0.00766537 0.0078931
0.00761775 0.00761775 0.00784545
0.00776161 0.00776161 0.00799392
0.00783308 0.00783308 0.00804409
0.00784419 0.00784419 0.00805724
0.00802768 0.00802768 0.00824249
0.00794461 0.00794461 0.0081575
0.00810866 0.00810866 0.00832039
0.00817397 0.00817397 0.00836459
0.00819413 0.00819413 0.00839675
0.00802721 0.00802721 0.00823163
0.00811002 0.00811002 0.00830904
0.00812368 0.00812368 0.00832165
0.00815059 0.00815059 0.0083249
0.00801604 0.00801604 0.00819791
0.00815045 0.00815045 0.00834582
0.00810653 0.00810653 0.00828738
0.00818226 0.00818226 0.00838656
0.00811434 0.00811434 0.00830442
0.00824961 0.00824961 0.00843539
0.00821519 0.00821519 0.00841847
0.00833481 0.00833481 0.0085465
0.00826504 0.00826504 0.00847517
0.00825011 0.00825011 0.008459
0.00821167 0.00821167 0.00842025
0.00828213 0.00828213 0.00848826
0.00822885 0.00822885 0.00843663
0.00830725 0.00830725 0.00850752
0.0082352 0.0082352 0.00843656
0.00834842 0.00834842 0.00854978
0.00828489 0.00828489 0.00848785
0.00834695 0.00834695 0.00856503
0.00832134 0.00832134 0.0085391
0.00837493 0.00837493 0.00859615
0.0083339 0.0083339 0.00855368
0.00841859 0.00841859 0.00865294
0.00839959 0.00839959 0.00861637
0.00845962 0.00845962 0.00866475
0.00842078 0.00842078 0.00862532
0.00849418 0.00849418 0.00869891
0.0084411 0.0084411 0.00864957
0.00849703 0.00849703 0.00871345
0.00845546 0.00845546 0.00867148
0.00844362 0.00844362 0.00868282
0.00854789 0.00854789 0.0087773
0.00851724 0.00851724 0.00875462
0.00851286 0.00851286 0.00874945
0.00845171 0.00845171 0.00866679
0.00855473 0.00855473 0.00879279
0.00857897 0.00857897 0.00880623
0.00866011 0.00866011 0.0088732
0.00862083 0.00862083 0.00881649
0.00867558 0.00867558 0.00887831
0.00865675 0.00865675 0.00885556
0.00863916 0.00863916 0.00886338
0.00858616 0.00858616 0.00880847
0.00875195 0.00875195 0.00894972
0.00878326 0.00878326 0.00900221
0.00882404 0.00882404 0.00902207
0.00874743 0.00874743 0.00894285
0.00880276 0.00880276 0.00899534
0.00877977 0.00877977 0.00897347
0.00882506 0.00882506 0.00902196
0.00881853 0.00881853 0.00899831
0.00883351 0.00883351 0.00903485
0.00879872 0.00879872 0.0090004
0.00889505 0.00889505 0.00909833
0.00883302 0.00883302 0.00903615
0.00888688 0.00888688 0.0090807
0.00886354 0.00886354 0.0090578
0.00898706 0.00898706 0.00917751
0.00892885 0.00892885 0.00912001
0.00898587 0.00898587 0.00917309
0.00890479 0.00890479 0.00909457
0.00896702 0.00896702 0.00915391
0.00901764 0.00901764 0.00921461
0.00904771 0.00904771 0.00924003
0.00903137 0.00903137 0.00922555
0.00912045 0.00912045 0.00930641
0.00909266 0.00909266 0.00927869
0.009168 0.009168 0.00935394
0.00912643 0.00912643 0.00931176
0.00919119 0.00919119 0.00937176
0.00915595 0.00915595 0.0093364
0.00929782 0.00929782 0.00946771
0.00928341 0.00928341 0.00945067
